6.654,6.164,5.734,5.224,5.314,4.390,4.340,5.186,5.678,5.415,5.834,5.586,6.060,5.561,5.315,5.748,5.880,6.266,6.364,6.401,6.351,6.378,6.838,6.318,6.905,7.478,7.573,6.908,6.904,7.344,6.895,6.805,7.598,7.248,7.535,7.550,7.629,7.532,7.551,7.491,16.198,-0.203,-0.224,-0.046,-0.054,0.137,0.440,0.334,-0.087,-0.074,0.121,-0.013,0.089,-0.026,0.108,0.266,0.149,0.063,0.069,-0.080,-0.128,-0.052,0.016,-0.023,0.116,-0.052,-0.216,-0.122,0.101,-0.036,-0.049,0.089,0.102,-0.127,0.104,0.030,-0.002,-0.017,0.042,0.041,0.068,-0.195,0.007,0.034,-0.003,-0.045,-0.097,-0.113,-0.060,0.033,0.008,-0.067,-0.009,-0.018,0.013,-0.005,-0.030,0.024,0.051,0.017,0.035,0.027,0.054,0.026,0.027,0.026,0.028,0.030,-0.002,-0.042,0.021,0.013,-0.024,0.009,0.008,-0.026,-0.027,0.003,-0.023,-0.014,-0.014,-0.004,-0.023
6.129,5.645,5.448,4.884,5.668,5.383,5.605,4.780,5.620,6.107,5.986,5.710,5.761,5.814,6.053,6.080,5.736,6.566,6.396,6.454,5.586,6.429,6.720,6.631,6.528,6.499,6.989,7.140,6.972,7.665,7.295,7.223,7.308,7.379,7.557,7.496,7.446,7.456,7.530,7.542,16.141,-0.242,-0.155,-0.044,-0.176,-0.040,0.205,0.237,-0.078,-0.052,0.029,-0.024,0.024,-0.087,0.051,0.221,0.273,0.225,0.152,-0.022,-0.094,0.064,0.113,0.090,0.213,0.028,-0.187,-0.169,-0.016,-0.024,0.008,0.043,0.119,-0.160,0.029,-0.022,0.008,-0.050,0.052,0.051,0.115,-0.354,0.071,0.077,-0.027,-0.064,-0.140,-0.194,-0.108,0.067,0.006,-0.103,0.004,0.003,0.043,-0.018,-0.066,-0.019,0.011,-0.015,0.045,0.074,0.076,0.019,0.015,0.010,0.021,0.053,0.010,-0.053,0.033,0.000,-0.039,-0.022,0.033,-0.031,-0.018,0.014,-0.014,-0.017,-0.026,-0.021,0.054
5.899,5.304,5.645,5.125,5.820,6.091,5.379,4.954,5.339,5.673,5.692,5.967,6.077,5.975,6.276,6.328,6.266,6.463,5.946,5.737,6.473,6.430,6.781,6.743,6.836,6.888,7.258,7.298,6.691,6.939,7.140,7.106,7.110,7.700,7.673,7.568,7.633,7.778,7.769,7.806,15.252,-0.151,-0.090,-0.061,-0.217,-0.258,-0.008,0.080,0.074,-0.047,-0.167,-0.053,0.033,0.067,0.110,0.138,0.209,0.237,0.115,0.065,-0.010,0.161,0.097,0.054,0.197,0.047,-0.081,-0.107,-0.049,0.063,-0.015,-0.009,0.137,-0.070,0.012,-0.077,0.009,-0.114,-0.034,-0.034,0.025,-0.228,0.130,0.077,-0.026,-0.030,-0.126,-0.194,-0.075,0.082,0.033,-0.046,0.005,-0.020,0.042,-0.011,-0.083,-0.103,-0.045,-0.050,0.027,0.087,0.024,-0.014,0.005,-0.002,0.005,0.058,0.003,-0.036,0.031,0.002,-0.026,-0.032,0.055,-0.014,0.008,0.015,0.012,-0.024,-0.022,-0.035,0.204
5.821,5.820,5.556,4.393,4.861,4.563,5.006,4.913,5.589,5.431,5.786,5.518,5.616,5.608,5.938,6.822,6.813,6.927,6.460,6.264,6.611,6.917,7.316,7.171,7.081,6.838,6.886,6.631,6.889,7.587,6.988,7.251,7.041,7.166,7.358,7.582,7.377,7.669,7.696,7.910,14.902,0.125,0.092,-0.174,-0.294,-0.368,-0.307,-0.081,0.168,-0.056,-0.249,0.025,0.131,0.141,0.016,0.002,0.026,0.033,-0.030,0.070,0.185,0.222,0.068,0.015,0.127,0.004,-0.019,-0.081,-0.088,0.081,-0.066,-0.054,-0.024,0.012,-0.003,-0.006,0.063,-0.038,-0.006,-0.049,-0.016,0.093,0.171,0.045,-0.008,0.069,-0.009,-0.028,-0.007,0.024,0.021,0.058,0.032,-0.027,-0.004,-0.002,-0.050,-0.129,-0.082,-0.097,-0.030,0.033,-0.026,-0.059,-0.020,-0.036,-0.010,0.055,0.025,0.024,0.007,-0.027,0.003,-0.045,0.054,0.017,0.051,0.011,0.040,-0.008,0.006,-0.035,0.312
6.055,5.628,5.376,4.387,4.424,4.759,5.042,5.487,5.461,4.919,5.670,5.847,6.466,6.213,6.063,6.421,6.527,6.661,6.659,6.448,6.642,6.618,6.811,7.035,6.864,6.903,7.090,6.916,7.261,7.309,7.003,7.476,7.380,7.416,7.247,7.550,7.092,7.256,7.296,7.430,15.677,0.261,0.036,-0.109,-0.146,-0.332,-0.273,0.119,0.198,0.096,0.030,-0.012,-0.067,0.068,0.069,-0.037,-0.241,-0.064,-0.089,0.009,0.170,-0.010,-0.032,0.039,0.148,-0.013,-0.010,-0.153,-0.042,0.067,-0.002,0.006,0.013,0.062,0.051,0.062,0.044,0.036,-0.050,-0.017,-0.043,0.599,0.115,0.011,0.030,0.132,0.084,0.066,0.016,-0.059,-0.010,0.143,0.058,-0.063,-0.093,-0.019,-0.026,-0.079,-0.056,-0.070,-0.049,-0.038,-0.044,-0.028,0.001,-0.043,-0.007,0.032,0.034,0.052,-0.024,-0.019,0.026,-0.032,0.025,0.012,0.061,-0.014,0.042,0.020,0.039,0.001,0.238
6.674,5.942,4.713,3.783,4.526,4.513,5.371,5.352,5.280,5.238,6.123,6.424,6.270,5.777,6.168,6.163,5.770,6.317,6.389,7.024,6.609,6.675,6.782,7.120,6.536,6.395,6.670,6.890,7.091,7.150,7.091,6.919,7.231,7.506,7.741,7.818,7.528,7.689,7.519,7.651,16.396,0.409,0.007,-0.059,0.133,-0.048,0.196,0.182,-0.019,-0.017,0.220,0.114,-0.062,-0.107,0.063,0.061,-0.149,-0.032,-0.231,-0.144,-0.019,0.020,-0.116,-0.001,0.055,0.007,0.050,-0.022,0.101,0.011,-0.136,0.050,-0.046,0.041,0.096,0.166,0.046,0.073,0.018,0.074,-0.025,0.795,-0.020,-0.026,0.068,0.143,0.143,0.105,-0.041,-0.081,-0.032,0.064,0.002,-0.080,-0.087,0.002,0.009,0.027,0.011,-0.013,-0.007,-0.101,-0.056,0.005,-0.005,-0.074,0.005,0.025,0.043,0.052,-0.028,-0.001,0.020,0.027,0.003,-0.016,0.004,-0.039,-0.005,-0.007,0.013,0.003,0.028
6.777,5.424,5.520,4.699,4.330,4.751,5.792,5.725,5.971,5.919,5.464,5.181,6.088,6.234,5.974,5.453,6.467,6.324,6.026,6.208,6.424,6.393,7.243,7.508,7.045,7.059,6.602,6.957,6.924,7.148,7.118,7.337,7.326,7.785,7.790,7.671,7.739,7.520,7.772,7.719,17.500,0.282,0.007,0.033,0.228,0.001,0.069,0.032,-0.130,-0.115,0.314,0.191,-0.187,-0.272,-0.006,-0.020,-0.098,-0.009,-0.134,-0.073,-0.097,0.044,0.048,0.066,0.018,0.011,0.043,0.035,0.114,-0.024,-0.075,0.068,-0.013,0.040,0.020,0.140,-0.054,0.039,0.054,0.101,0.036,0.610,-0.112,-0.000,0.048,0.057,0.132,0.030,-0.128,-0.050,-0.046,-0.081,-0.042,0.025,-0.014,-0.026,-0.014,0.083,-0.018,0.032,0.034,-0.054,-0.036,0.027,-0.049,-0.106,-0.016,-0.011,0.046,-0.001,-0.019,0.013,-0.010,0.022,0.007,-0.042,-0.058,-0.022,-0.019,-0.003,-0.020,-0.000,-0.207
7.507,5.958,5.192,4.901,4.668,5.549,5.539,4.698,5.249,6.031,6.457,5.538,5.270,5.914,6.285,6.561,6.684,5.938,6.057,6.289,6.820,6.451,7.095,7.210,7.023,7.012,7.020,7.116,7.115,6.989,7.179,7.093,7.275,7.463,7.915,7.751,7.419,7.629,7.830,7.642,17.964,0.013,-0.023,0.093,0.235,0.180,0.045,-0.243,-0.073,-0.110,-0.069,-0.065,-0.210,-0.123,0.062,0.038,0.088,0.060,-0.071,0.078,-0.187,-0.085,0.053,-0.022,-0.179,0.016,0.078,0.043,0.094,-0.012,-0.035,0.013,0.124,0.039,-0.067,-0.026,-0.086,-0.066,-0.091,-0.041,-0.038,0.230,-0.155,-0.023,-0.002,-0.050,0.041,-0.079,-0.150,0.040,0.022,-0.144,-0.113,0.051,0.063,-0.046,-0.049,0.040,-0.030,0.081,0.059,0.022,-0.053,0.002,-0.076,-0.070,-0.023,-0.042,0.003,-0.068,-0.007,0.042,-0.025,0.032,0.029,-0.026,-0.097,-0.005,-0.003,-0.015,-0.051,-0.005,-0.285
7.049,5.653,5.301,4.970,4.356,4.585,5.116,5.162,4.900,6.094,6.458,5.355,5.605,6.113,5.902,5.732,6.024,6.180,6.458,6.333,6.756,6.969,6.985,7.081,6.677,6.811,7.088,7.374,7.128,7.017,7.299,7.323,7.558,7.539,7.859,7.313,7.341,7.556,7.645,7.617,17.940,-0.101,0.049,0.053,0.085,0.216,-0.048,-0.310,-0.026,-0.090,-0.228,-0.133,0.130,0.005,-0.061,-0.094,0.055,-0.198,-0.009,0.070,-0.015,-0.138,0.017,-0.196,-0.267,-0.098,-0.080,0.043,-0.042,-0.017,0.015,-0.024,0.041,0.099,-0.077,-0.131,0.001,0.011,-0.009,-0.060,-0.037,-0.153,-0.080,-0.026,-0.037,-0.093,-0.042,-0.021,-0.044,0.025,0.042,-0.082,-0.078,0.061,0.087,-0.048,-0.029,0.015,-0.008,0.057,0.012,0.051,-0.023,-0.060,-0.067,-0.011,-0.027,-0.044,-0.014,-0.081,0.004,0.026,-0.021,0.006,0.015,0.001,-0.079,0.022,0.030,0.011,-0.033,-0.009,-0.191
6.605,5.711,5.290,4.824,5.411,4.820,4.494,5.266,5.266,4.805,5.302,5.287,5.898,6.149,6.392,6.464,6.291,6.036,6.561,6.025,6.018,6.653,6.799,6.440,6.798,6.908,6.640,7.153,6.929,7.040,7.066,7.544,7.311,7.293,7.575,7.569,7.396,7.216,7.377,7.511,17.323,-0.172,-0.128,-0.077,-0.046,0.049,-0.142,-0.399,0.127,0.079,-0.227,-0.291,0.033,0.068,-0.140,-0.147,-0.026,-0.089,0.110,0.080,0.051,-0.154,-0.092,-0.248,-0.155,-0.055,-0.098,-0.010,-0.162,-0.029,0.031,-0.029,0.086,0.155,0.015,-0.183,-0.004,0.070,-0.026,-0.101,-0.012,-0.249,0.030,-0.021,-0.058,-0.082,-0.146,0.011,0.081,-0.022,-0.002,0.094,0.070,0.035,0.049,-0.035,-0.032,-0.047,0.012,0.024,-0.022,0.063,0.052,-0.046,-0.007,0.086,-0.019,-0.028,-0.006,-0.043,0.016,-0.004,0.002,-0.032,-0.020,0.025,0.001,0.014,0.037,0.041,0.020,0.006,-0.006
6.722,5.793,5.735,5.164,5.039,4.874,4.767,5.308,5.512,5.390,5.377,5.959,5.796,5.814,5.451,5.774,5.674,6.231,6.124,6.263,6.135,6.380,6.411,6.558,6.667,6.713,7.008,6.727,6.933,7.195,7.054,7.315,7.801,7.487,7.303,7.766,7.804,7.682,7.698,7.598,17.057,-0.024,-0.073,-0.065,-0.095,-0.144,0.057,-0.111,-0.103,-0.002,-0.018,-0.087,-0.006,0.065,-0.147,-0.072,0.036,0.024,0.058,-0.015,0.041,-0.038,-0.180,-0.158,-0.050,-0.086,-0.089,-0.006,-0.160,0.005,0.024,-0.018,0.035,0.056,-0.015,-0.179,0.016,0.119,0.077,-0.033,-0.021,-0.105,0.089,0.008,-0.026,-0.006,-0.118,0.034,0.131,-0.034,-0.018,0.150,0.135,-0.033,0.013,0.042,0.029,-0.009,0.085,0.002,-0.016,0.003,0.069,0.002,0.073,0.110,0.025,0.030,-0.009,0.025,0.015,-0.022,0.021,-0.030,-0.083,0.007,0.058,-0.022,-0.006,0.008,0.028,0.004,0.151
6.813,5.247,4.589,4.572,4.571,4.693,3.718,5.258,5.337,5.249,5.544,5.401,5.515,5.363,5.777,6.410,6.415,6.464,6.623,6.579,6.363,6.284,6.142,6.698,6.751,6.572,7.008,6.628,7.066,7.055,7.158,7.528,7.927,7.566,7.279,7.502,7.538,7.434,7.297,7.591,17.161,0.125,-0.067,-0.140,-0.083,-0.370,0.046,0.064,-0.143,-0.165,0.298,0.264,0.032,0.093,-0.068,-0.135,-0.137,0.007,0.014,0.008,0.101,0.124,-0.079,-0.076,0.142,-0.085,-0.056,0.037,-0.062,0.057,-0.059,0.018,-0.034,-0.037,0.027,0.004,-0.024,0.066,0.072,0.047,-0.017,0.173,0.107,0.061,0.026,0.068,-0.012,0.019,0.146,-0.005,0.008,0.108,0.127,-0.004,-0.003,0.096,0.029,0.028,0.057,-0.010,-0.035,-0.033,0.034,0.054,0.098,0.059,0.049,0.051,0.000,0.065,-0.018,-0.003,0.035,-0.039,-0.087,-0.021,0.080,-0.020,-0.020,0.002,0.036,-0.000,0.196
6.828,5.520,5.326,4.622,4.058,4.934,4.949,4.651,4.855,5.781,5.902,5.269,6.121,5.769,5.851,5.940,6.085,6.257,6.353,6.263,6.396,6.251,6.525,6.703,6.271,6.533,6.873,6.837,7.087,7.128,7.164,7.506,7.528,7.330,7.113,7.425,7.865,7.831,7.522,7.474,17.497,0.195,0.056,-0.044,0.074,-0.167,0.027,0.112,-0.062,-0.059,0.260,0.263,-0.035,0.057,0.113,0.045,0.066,0.181,0.048,0.025,-0.023,0.066,0.020,0.083,0.134,0.043,0.050,-0.026,0.031,0.016,-0.050,0.057,-0.048,-0.222,-0.049,0.066,-0.101,-0.015,-0.017,0.008,-0.014,0.392,0.065,0.030,-0.026,0.063,0.123,-0.035,0.047,0.084,0.097,0.006,0.022,0.002,-0.027,0.081,0.032,0.053,0.035,0.007,-0.003,-0.019,-0.017,0.074,0.055,0.001,0.086,0.069,0.012,0.069,-0.032,0.027,0.030,-0.033,-0.034,-0.011,0.061,-0.010,-0.028,-0.013,0.008,0.008,0.144
7.175,5.515,4.796,4.681,4.052,5.019,4.721,4.879,4.771,6.098,6.360,5.791,6.200,5.834,5.515,5.699,6.122,6.094,6.487,6.528,6.509,6.325,6.364,7.079,6.571,6.718,6.894,6.786,7.138,6.778,7.100,7.276,7.261,7.506,7.689,7.618,7.697,7.502,7.698,7.488,17.970,0.254,0.114,0.044,0.210,-0.001,-0.034,0.222,0.080,0.150,0.173,0.169,0.025,0.056,0.211,-0.060,0.097,0.121,0.064,-0.117,-0.079,-0.037,0.078,0.119,0.048,0.124,0.090,0.001,0.067,-0.126,0.052,0.107,-0.066,-0.143,-0.073,0.093,-0.044,0.037,0.030,0.060,-0.016,0.483,0.014,0.005,-0.050,0.005,0.158,-0.031,0.012,0.073,0.123,-0.066,-0.079,-0.003,-0.023,0.029,0.049,0.067,0.004,-0.022,-0.006,-0.018,-0.046,0.055,0.029,-0.051,0.068,0.042,0.011,0.046,-0.029,0.044,-0.004,-0.006,0.029,-0.010,-0.004,0.019,-0.008,0.008,-0.011,0.011,0.043
7.517,5.941,5.413,5.478,4.465,4.846,4.824,5.187,5.502,6.268,6.285,5.589,5.738,6.143,5.809,6.460,6.724,6.655,6.317,6.173,6.390,6.459,6.718,7.039,6.970,6.890,6.937,6.801,6.979,7.084,7.369,7.203,7.026,7.272,7.426,7.206,7.648,7.564,7.539,7.580,18.615,0.239,-0.012,-0.287,0.073,0.288,-0.079,0.046,0.207,0.329,0.075,0.068,0.006,-0.052,0.116,0.049,0.186,0.142,0.068,0.030,0.037,-0.044,0.109,0.020,0.000,0.239,0.183,0.071,0.122,-0.064,0.102,0.089,-0.114,-0.061,-0.020,0.082,-0.023,-0.007,0.032,-0.002,0.018,0.459,-0.027,-0.008,-0.054,-0.087,0.072,-0.025,-0.049,-0.013,0.014,-0.064,-0.096,-0.018,-0.014,-0.060,0.007,-0.031,-0.081,-0.075,0.018,0.009,-0.028,0.015,-0.001,-0.035,0.000,0.006,0.005,-0.003,0.007,0.005,-0.042,0.025,0.076,0.024,-0.031,0.038,-0.004,0.016,0.003,0.017,-0.052
7.739,5.608,4.767,5.196,4.363,4.569,4.888,5.390,5.762,5.872,6.196,5.368,5.985,6.232,5.496,6.637,6.699,6.586,6.055,6.226,6.179,6.570,6.640,6.768,7.020,6.845,6.981,6.981,6.490,7.340,7.590,7.351,7.462,7.231,7.589,7.392,7.832,7.717,7.588,7.459,19.019,0.170,-0.007,-0.268,-0.060,0.191,-0.055,0.158,0.086,0.259,0.059,-0.031,-0.001,0.034,0.074,0.106,0.137,0.047,-0.104,-0.024,-0.021,-0.050,0.153,0.102,-0.047,0.158,0.085,0.042,0.121,-0.048,0.083,-0.020,-0.033,0.026,-0.037,-0.027,0.030,0.023,0.086,-0.005,0.021,0.355,-0.061,0.012,0.011,-0.086,0.002,0.017,-0.074,-0.064,-0.114,-0.047,-0.070,-0.010,-0.015,-0.107,0.005,-0.086,-0.089,-0.074,0.038,0.011,0.007,-0.021,-0.003,-0.014,-0.068,-0.029,-0.023,-0.051,0.061,-0.028,-0.062,0.046,0.044,0.031,-0.045,0.032,-0.024,-0.025,-0.010,0.029,-0.111
7.740,5.413,3.907,4.729,5.342,4.763,5.093,5.432,6.003,6.268,6.325,5.510,5.969,6.152,6.106,6.399,6.506,6.352,6.722,6.599,6.343,6.674,6.490,6.860,7.242,7.387,7.186,7.348,7.091,7.358,7.362,6.899,7.121,7.367,7.573,7.422,7.761,7.886,7.569,7.577,19.267,0.101,0.078,-0.156,-0.225,0.098,-0.087,-0.100,-0.132,-0.045,-0.004,-0.116,-0.111,-0.000,-0.118,-0.002,-0.107,-0.187,-0.243,0.071,-0.008,-0.066,0.056,0.086,0.006,0.026,0.081,-0.019,-0.010,0.012,-0.040,-0.089,0.060,0.076,0.053,-0.031,0.050,-0.028,0.035,0.057,0.055,0.198,-0.072,0.039,0.135,-0.022,-0.096,0.063,-0.026,-0.035,-0.119,-0.027,-0.023,0.032,0.003,-0.057,-0.025,-0.097,-0.075,-0.006,-0.016,-0.008,0.016,-0.065,-0.017,-0.014,-0.110,-0.078,-0.035,-0.065,0.037,-0.047,-0.035,0.027,0.017,0.022,-0.037,0.014,-0.023,-0.041,-0.001,0.024,-0.146
7.916,5.745,4.208,4.758,4.569,4.784,5.379,5.188,5.817,6.394,6.183,5.825,6.255,6.197,5.898,6.415,6.465,5.724,6.165,6.211,6.282,6.981,6.986,6.933,7.225,6.894,6.980,7.116,6.842,7.056,7.005,7.264,7.341,7.275,7.482,7.660,7.756,7.769,7.659,7.594,19.420,0.019,0.127,0.034,-0.072,0.106,0.056,-0.077,-0.069,-0.233,-0.024,-0.089,0.035,-0.045,-0.209,-0.010,-0.186,-0.162,-0.152,0.053,-0.002,0.008,-0.003,0.069,-0.024,-0.108,-0.003,-0.071,-0.123,0.141,-0.017,-0.113,0.079,0.008,0.046,-0.076,0.079,-0.070,-0.096,-0.019,0.111,0.057,-0.102,-0.023,0.120,0.025,-0.090,0.081,0.013,0.042,-0.028,-0.019,0.032,0.022,-0.029,0.016,-0.013,-0.045,-0.015,0.095,-0.017,0.024,0.036,-0.085,-0.098,-0.024,-0.058,-0.056,-0.004,-0.008,0.044,-0.018,0.005,-0.025,-0.016,0.004,-0.025,-0.033,-0.037,-0.026,-0.014,-0.003,-0.172
7.935,6.264,4.912,4.570,4.851,4.303,4.078,4.626,5.250,5.987,5.713,4.805,5.601,5.572,5.598,6.035,5.905,5.871,6.615,6.143,6.007,6.535,6.974,6.988,6.996,7.273,6.841,6.686,6.860,7.025,7.214,7.549,7.464,7.517,7.324,7.323,7.544,7.715,7.790,7.787,19.406,-0.047,0.118,0.239,-0.032,-0.151,0.178,0.034,0.109,-0.020,-0.016,-0.019,0.147,0.003,-0.026,-0.020,-0.137,-0.128,0.062,-0.089,-0.013,0.005,-0.139,-0.050,-0.083,-0.179,-0.163,-0.049,-0.082,0.024,-0.082,-0.039,-0.036,0.033,0.047,-0.079,0.021,-0.078,-0.080,0.001,0.090,-0.122,-0.113,-0.072,0.077,0.080,-0.053,0.035,0.076,0.053,0.034,-0.017,0.049,0.027,0.003,0.092,0.028,0.042,0.050,0.102,-0.058,0.003,0.035,-0.042,-0.115,-0.037,0.015,-0.027,0.031,0.063,0.016,0.019,0.026,-0.043,-0.027,-0.027,-0.010,-0.041,-0.017,0.003,-0.031,-0.041,-0.203
7.739,5.819,4.433,4.914,5.137,5.077,5.010,5.446,4.972,5.892,6.055,5.898,5.942,5.477,5.702,5.889,6.188,6.065,6.373,6.445,6.389,6.626,6.743,6.586,6.601,6.887,6.799,6.696,7.310,7.420,7.097,7.423,7.330,7.384,7.332,7.838,7.589,7.324,7.384,7.910,19.234,-0.268,-0.144,0.133,-0.030,-0.135,0.218,0.156,0.175,0.108,-0.032,0.080,-0.018,-0.114,0.106,0.051,-0.074,-0.060,0.216,-0.028,0.100,0.093,-0.175,-0.322,-0.122,-0.027,-0.074,0.039,0.118,0.167,0.014,-0.018,-0.112,-0.034,-0.012,-0.128,-0.122,-0.138,0.013,-0.048,-0.010,-0.346,-0.105,-0.057,0.042,0.067,-0.026,-0.075,0.005,-0.021,0.037,-0.011,-0.009,-0.045,0.013,0.070,0.032,0.068,0.029,0.043,-0.029,0.001,0.011,0.015,-0.064,0.008,0.075,0.029,0.037,0.057,-0.034,0.033,0.042,-0.004,0.001,-0.020,0.012,-0.031,0.018,0.028,0.001,-0.049,-0.218
7.593,5.964,4.989,4.492,4.306,5.506,5.445,5.850,6.325,6.439,6.295,6.209,6.139,6.380,6.104,5.976,6.004,6.489,6.173,6.417,6.314,6.157,6.362,6.619,6.657,6.577,7.033,7.146,6.977,6.765,7.122,6.642,7.291,7.548,7.254,7.435,7.455,7.706,7.713,7.869,18.752,-0.318,-0.144,0.179,0.151,-0.046,0.008,0.162,0.010,-0.046,-0.084,0.044,0.051,0.051,0.185,0.107,0.049,0.013,0.082,-0.180,-0.043,0.068,-0.067,-0.293,-0.129,0.059,-0.016,0.080,0.187,0.080,0.038,-0.009,-0.057,-0.041,-0.051,-0.054,-0.053,-0.081,-0.006,-0.082,-0.090,-0.615,-0.050,0.021,0.020,0.075,0.055,-0.128,-0.053,-0.051,-0.043,-0.041,-0.104,-0.052,0.016,-0.035,0.019,0.048,0.021,-0.055,0.028,0.002,-0.013,0.070,0.056,0.056,0.066,0.053,0.002,-0.019,-0.032,0.042,0.040,0.066,0.007,-0.016,0.039,0.029,0.045,-0.006,0.017,-0.008,-0.145
6.747,5.176,4.835,4.648,4.167,5.272,5.476,5.451,5.818,6.008,6.293,5.031,5.415,6.322,5.898,6.076,6.117,6.495,6.245,6.576,6.591,6.294,5.682,6.509,7.257,6.870,7.080,7.477,7.617,7.253,6.960,7.158,7.257,7.198,6.879,6.995,7.111,7.837,7.459,7.504,18.015,-0.371,-0.029,0.272,0.170,-0.075,-0.235,-0.114,-0.125,-0.034,-0.043,-0.167,-0.140,-0.003,0.036,0.087,0.062,-0.088,0.053,-0.048,0.020,0.031,0.038,-0.127,0.042,0.148,0.068,0.048,0.030,-0.058,0.086,0.082,0.070,0.051,-0.004,-0.029,-0.039,0.019,0.009,0.028,-0.045,-0.789,0.066,0.097,0.009,0.032,0.066,-0.083,-0.079,-0.004,-0.016,-0.038,-0.118,0.044,0.046,-0.063,-0.012,0.007,0.032,-0.107,0.037,-0.003,-0.051,0.076,0.157,0.067,0.009,0.032,-0.024,-0.088,-0.067,-0.010,0.040,0.067,0.029,-0.001,0.056,0.050,0.060,-0.036,0.038,0.030,0.029
6.840,5.865,5.609,5.459,5.108,4.247,4.654,4.675,4.595,5.510,5.814,5.494,6.118,6.076,6.035,6.186,6.006,6.067,5.781,5.860,6.244,6.368,6.038,6.381,6.965,7.201,7.102,7.231,7.105,7.296,7.236,7.398,7.297,7.355,7.281,7.479,7.375,7.426,7.341,7.542,16.941,-0.246,0.164,0.269,0.242,0.094,-0.238,-0.095,0.003,-0.163,-0.214,-0.417,-0.053,0.027,-0.166,0.057,0.037,-0.007,-0.132,0.063,0.038,-0.029,0.105,0.134,0.114,0.061,0.033,-0.043,-0.133,-0.022,0.090,0.112,0.203,0.027,-0.035,0.067,0.125,0.070,-0.106,0.047,0.068,-0.626,0.113,0.033,-0.093,-0.068,0.035,0.005,-0.029,0.021,-0.002,-0.034,-0.035,0.068,0.000,-0.036,0.003,-0.005,0.071,-0.038,0.083,0.016,-0.051,0.023,0.112,0.029,-0.022,0.008,-0.024,-0.060,-0.013,-0.034,0.021,0.014,0.001,0.004,0.032,-0.006,0.012,-0.022,0.027,0.029,0.221
6.262,5.726,5.485,5.282,4.359,4.531,4.837,5.409,5.666,6.139,5.462,5.555,5.936,5.811,6.174,6.096,5.748,6.542,6.330,6.824,6.581,6.709,6.270,6.915,7.188,6.914,7.004,6.801,6.954,7.586,7.452,7.396,7.584,7.458,7.173,7.622,7.726,7.507,7.709,7.846,16.196,0.026,0.186,0.135,0.086,0.123,-0.073,-0.110,0.160,0.086,-0.157,-0.278,0.252,0.128,-0.031,0.017,-0.033,0.113,-0.214,0.035,0.045,-0.114,0.121,0.252,0.093,0.015,0.062,-0.019,-0.159,-0.119,-0.060,0.121,0.095,0.077,-0.027,0.092,0.037,0.089,-0.120,0.077,0.062,-0.198,0.122,-0.040,-0.140,-0.120,0.048,0.072,0.023,-0.016,-0.031,-0.017,0.120,0.077,-0.023,0.013,-0.006,-0.016,0.089,0.018,0.045,-0.026,-0.032,-0.025,0.034,-0.031,-0.046,-0.009,-0.008,0.029,0.036,-0.044,-0.032,-0.046,-0.035,-0.002,0.010,-0.028,-0.027,0.009,-0.021,-0.011,0.288
6.606,6.510,6.006,5.383,4.680,4.689,5.291,5.886,5.588,5.301,4.626,5.682,6.014,5.804,6.253,6.152,6.152,5.806,6.444,6.481,6.177,6.473,6.740,6.988,6.999,6.718,6.856,6.817,7.201,7.047,7.434,7.539,7.264,7.241,7.440,7.748,7.498,7.341,7.824,8.040,16.530,0.051,-0.085,-0.216,-0.147,0.030,-0.046,0.013,-0.027,-0.114,-0.197,-0.076,0.195,-0.015,0.037,0.155,0.070,0.270,0.026,0.194,0.025,-0.116,0.005,0.079,-0.009,0.014,0.028,-0.009,-0.019,0.046,-0.061,0.074,0.000,-0.048,-0.022,0.046,-0.122,-0.055,-0.053,0.028,0.002,0.195,0.040,-0.085,-0.115,-0.122,0.019,0.103,0.043,-0.079,-0.026,0.058,0.210,0.021,-0.035,0.031,-0.011,-0.014,0.026,0.090,-0.008,-0.010,0.036,-0.036,-0.033,-0.050,-0.044,-0.011,0.008,0.074,0.036,0.005,-0.049,-0.076,-0.035,0.021,-0.024,-0.031,-0.023,0.050,-0.034,-0.042,0.179
6.992,5.784,5.310,5.114,4.995,4.688,4.607,5.646,5.751,5.328,5.498,6.196,6.110,6.300,5.875,5.930,6.607,5.556,6.087,6.491,6.056,6.845,6.591,6.670,7.317,7.422,7.109,6.887,6.973,7.076,7.468,7.562,7.658,7.120,7.257,7.048,7.493,7.282,7.600,7.565,17.233,0.091,-0.104,-0.187,-0.236,0.195,0.027,-0.053,-0.189,-0.213,-0.137,0.262,0.122,-0.096,-0.003,0.011,-0.036,0.220,0.065,0.113,-0.106,-0.082,-0.038,0.072,-0.054,-0.056,0.025,-0.008,0.117,0.090,-0.056,-0.057,-0.059,-0.086,-0.019,0.033,-0.053,-0.055,0.028,-0.068,-0.066,0.239,-0.019,-0.028,-0.000,-0.052,0.004,0.106,0.056,-0.073,-0.031,0.085,0.126,-0.061,-0.022,-0.020,-0.066,-0.008,-0.074,0.080,-0.064,0.009,0.071,-0.015,-0.038,-0.024,-0.053,-0.043,-0.004,0.057,0.044,0.052,-0.031,-0.049,-0.031,0.039,-0.029,0.020,0.009,0.052,-0.024,-0.028,0.030
6.729,5.411,4.619,4.810,4.941,3.938,4.833,4.420,3.981,4.930,5.415,6.148,5.956,6.017,6.959,6.620,6.925,6.688,6.874,6.151,5.925,6.327,6.271,6.460,6.968,7.090,7.006,7.094,7.325,7.245,7.598,7.317,7.021,7.416,7.469,7.157,7.215,7.276,7.536,7.693,17.395,-0.076,-0.116,-0.147,-0.206,0.154,0.228,0.092,-0.216,-0.144,0.065,0.361,0.116,-0.035,-0.025,0.004,-0.029,0.070,0.177,-0.015,0.064,0.138,0.005,0.058,-0.062,-0.124,-0.002,-0.007,0.098,0.054,0.113,-0.045,-0.098,-0.065,0.065,-0.023,0.014,0.026,0.070,-0.050,-0.080,0.053,0.005,0.050,0.116,0.058,-0.017,0.095,0.042,0.060,0.110,0.124,0.025,-0.069,0.021,-0.032,-0.133,-0.042,-0.123,-0.021,-0.133,0.027,0.074,0.022,-0.011,-0.006,-0.025,-0.047,-0.007,-0.010,-0.014,0.044,0.002,-0.006,0.015,0.023,-0.025,0.034,0.050,0.041,0.008,0.001,-0.021
6.658,5.756,5.244,4.391,5.206,5.040,4.801,5.195,5.405,5.640,6.376,5.934,5.486,5.692,5.875,5.680,6.463,6.428,6.679,6.459,6.295,6.590,6.864,6.911,6.922,6.855,6.890,7.248,7.342,7.208,7.083,7.213,7.278,7.275,7.323,7.653,7.591,7.681,7.515,7.692,16.960,-0.004,0.061,0.099,-0.143,0.081,0.321,0.130,-0.109,-0.053,0.135,0.132,-0.016,0.031,-0.100,-0.238,-0.021,-0.157,0.109,-0.179,0.072,0.113,0.044,0.073,0.001,-0.183,-0.136,-0.042,0.067,0.097,0.111,0.026,-0.099,-0.069,0.127,-0.021,0.067,0.095,0.081,-0.007,-0.036,0.026,0.047,0.041,0.072,0.122,-0.082,-0.043,0.029,0.082,0.114,0.100,-0.070,-0.048,0.040,-0.003,-0.064,0.011,-0.075,-0.053,-0.084,0.022,0.027,0.013,-0.026,-0.032,0.011,-0.032,-0.002,-0.058,-0.044,0.004,0.029,0.023,0.028,-0.008,0.000,-0.006,0.015,-0.003,0.033,0.028,0.040
6.391,5.944,5.302,4.713,5.343,5.652,5.656,5.030,5.039,5.469,5.994,6.395,6.151,5.981,6.276,6.131,6.577,6.256,6.075,6.817,6.747,6.624,6.895,6.558,6.576,6.991,6.931,7.124,7.286,7.545,7.400,7.223,7.127,7.489,7.291,7.513,7.579,7.493,7.619,7.575,16.929,0.125,0.081,0.222,0.096,0.003,0.280,0.131,0.231,0.358,0.285,0.113,-0.080,0.026,-0.074,-0.388,-0.150,-0.159,-0.099,-0.326,0.071,0.155,0.074,0.022,-0.067,-0.047,-0.126,-0.028,-0.044,-0.026,0.074,0.043,-0.008,0.019,0.021,-0.050,-0.010,0.118,0.126,0.039,-0.009,0.196,0.077,-0.018,-0.019,0.068,-0.077,-0.141,-0.045,0.039,0.054,0.019,-0.077,-0.032,0.008,0.028,0.024,0.021,-0.012,-0.060,0.030,-0.033,-0.059,-0.013,-0.039,-0.031,0.048,-0.004,0.021,-0.048,-0.033,-0.055,-0.012,0.022,0.023,-0.040,0.030,-0.021,-0.030,-0.023,0.018,0.030,0.095
7.143,5.824,5.465,4.447,5.200,5.435,4.844,4.795,4.957,5.732,5.867,5.992,6.165,5.818,5.028,6.068,5.996,6.316,5.591,6.516,6.208,6.919,6.642,6.628,6.599,6.790,6.939,7.208,7.479,7.481,7.697,7.114,7.259,7.720,7.243,7.206,7.787,7.576,7.525,7.444,17.594,0.223,0.002,-0.010,0.222,-0.142,-0.213,0.072,-0.004,0.108,0.252,0.035,-0.017,0.072,0.009,-0.112,0.078,-0.039,-0.063,-0.152,0.002,0.044,-0.010,-0.038,-0.212,-0.040,-0.072,-0.010,-0.101,-0.090,-0.016,0.045,0.011,0.010,-0.039,0.046,-0.071,-0.028,-0.012,0.053,0.039,0.366,0.028,-0.044,-0.096,-0.010,-0.053,-0.179,-0.040,-0.009,0.002,-0.060,-0.021,0.011,-0.007,0.059,0.158,0.039,0.066,-0.025,0.105,-0.040,-0.078,-0.044,-0.020,0.007,0.063,0.044,0.036,-0.015,-0.025,-0.043,-0.047,0.017,0.021,-0.040,0.039,-0.012,-0.050,-0.043,-0.010,0.006,0.055
7.112,5.782,5.620,5.263,4.960,5.139,5.464,5.776,5.994,6.307,6.235,5.719,5.745,5.583,5.444,5.677,6.365,6.248,5.787,6.478,6.742,6.535,6.489,6.269,6.891,6.493,6.842,6.894,7.128,7.479,7.504,7.327,7.124,7.300,7.260,7.330,7.706,7.956,7.727,7.773,18.061,0.196,-0.177,-0.186,-0.048,-0.122,-0.212,-0.104,-0.075,0.044,0.100,0.024,-0.042,-0.013,0.062,0.062,0.028,-0.048,-0.036,0.122,-0.068,-0.123,-0.033,-0.081,-0.108,0.043,-0.053,0.084,-0.059,-0.019,-0.096,-0.114,-0.041,0.009,-0.050,0.094,-0.021,-0.061,0.001,0.009,0.030,0.357,-0.026,-0.020,-0.094,-0.088,-0.002,-0.083,-0.038,-0.071,-0.072,-0.134,-0.046,0.035,0.003,0.051,0.155,0.050,0.066,0.012,0.101,-0.010,-0.078,-0.045,0.001,0.081,0.042,0.075,0.024,0.032,-0.001,-0.030,-0.052,-0.010,0.014,0.020,0.034,0.022,-0.030,-0.043,-0.031,-0.020,-0.028
7.415,5.847,5.034,5.225,4.687,4.231,5.257,4.801,5.469,6.479,6.431,6.188,6.047,5.937,5.730,6.297,6.376,6.117,6.064,6.639,6.516,6.583,6.876,5.996,6.563,6.747,6.886,6.860,6.970,7.160,7.256,7.216,7.329,7.174,7.570,7.387,7.388,7.388,7.725,7.790,18.224,0.101,-0.028,-0.176,-0.119,-0.123,-0.330,0.046,-0.002,0.112,-0.073,0.069,0.021,0.017,0.125,0.327,0.083,0.119,-0.049,0.122,-0.061,-0.139,-0.122,0.022,0.057,0.088,0.048,0.081,-0.001,-0.030,-0.020,-0.129,0.004,0.039,-0.039,0.101,0.013,-0.066,-0.070,-0.039,-0.025,0.221,-0.063,0.004,-0.004,-0.039,0.081,0.108,-0.015,0.015,-0.016,-0.116,-0.076,-0.005,0.013,0.003,0.038,-0.035,0.015,-0.000,0.004,0.033,0.002,-0.011,0.011,0.111,0.018,0.041,0.003,0.028,-0.004,0.006,-0.014,-0.005,0.007,0.038,-0.021,0.035,0.026,0.007,-0.023,-0.024,-0.097
7.236,5.047,4.586,4.085,4.991,5.196,4.931,4.654,5.000,5.594,5.832,6.086,6.143,6.233,6.237,6.158,6.148,6.177,6.449,6.416,5.979,6.628,6.371,6.332,6.808,6.750,7.376,7.005,7.446,7.224,7.051,6.966,7.139,7.513,7.598,7.316,7.476,7.590,7.565,7.551,18.400,0.055,-0.004,-0.165,-0.175,-0.015,-0.076,-0.048,-0.127,-0.005,-0.221,-0.132,0.075,0.067,0.123,0.168,0.097,0.091,-0.046,0.041,0.054,-0.144,-0.094,-0.003,0.205,0.098,0.191,0.049,0.068,-0.061,-0.072,-0.129,-0.057,0.073,0.122,0.091,0.059,-0.013,-0.061,-0.071,-0.077,0.126,-0.076,0.031,0.066,0.099,0.081,0.128,0.015,0.046,0.012,-0.009,-0.069,-0.034,0.026,-0.018,-0.075,-0.064,0.002,0.013,-0.064,0.023,0.068,0.028,0.016,0.059,-0.033,-0.033,-0.043,-0.015,-0.014,0.039,0.041,0.013,0.018,0.012,-0.052,0.026,0.027,0.012,0.011,-0.004,-0.131
7.584,6.049,5.105,4.439,4.568,3.756,5.341,5.346,6.014,5.721,6.413,5.913,6.051,6.116,6.267,6.243,6.700,6.105,5.871,6.240,5.892,6.261,6.813,6.882,7.083,6.901,7.076,7.145,7.170,7.509,7.277,7.317,7.449,7.419,7.581,7.276,7.571,7.410,7.409,7.428,18.531,-0.019,-0.066,-0.039,0.091,0.210,0.259,-0.033,0.095,0.054,-0.170,-0.267,-0.101,0.096,-0.006,0.026,-0.133,-0.035,-0.060,-0.092,0.107,0.064,-0.036,-0.025,0.185,0.023,0.011,0.023,-0.026,-0.088,0.001,-0.018,-0.008,0.014,0.066,-0.057,0.063,0.076,0.053,-0.022,-0.027,-0.004,-0.077,-0.011,0.078,0.094,0.008,0.129,0.015,0.034,-0.039,0.049,-0.024,-0.033,0.007,-0.027,-0.124,-0.073,-0.038,0.025,-0.041,-0.020,0.066,0.085,0.013,-0.021,-0.056,-0.092,-0.045,-0.032,0.027,0.034,0.054,0.017,0.006,-0.021,-0.050,0.003,0.010,0.017,0.041,0.020,-0.158
7.303,5.663,4.761,4.782,4.945,4.998,5.181,4.871,5.697,5.583,5.583,6.233,6.079,6.108,6.015,6.190,6.661,6.026,6.088,6.946,6.332,6.226,6.505,6.850,7.121,7.372,6.991,7.092,6.721,6.946,6.849,6.992,7.429,7.787,7.711,7.679,7.552,7.639,7.530,7.571,18.539,-0.123,-0.005,0.074,0.342,0.118,0.132,0.012,0.109,0.133,0.102,-0.155,-0.150,0.077,0.036,-0.163,-0.185,0.041,0.037,-0.092,-0.038,0.117,0.064,0.022,0.124,-0.087,-0.198,-0.102,-0.119,-0.058,0.086,0.035,0.030,0.112,-0.044,-0.088,0.082,0.004,-0.002,0.053,0.011,-0.187,-0.061,0.034,0.061,-0.012,-0.087,-0.005,0.020,0.062,-0.023,0.058,0.070,-0.021,-0.035,-0.030,-0.052,-0.006,-0.022,0.016,-0.001,-0.086,0.019,0.068,0.016,-0.079,-0.052,-0.083,-0.031,-0.006,0.045,0.015,0.037,0.032,-0.016,-0.055,-0.030,-0.032,-0.010,0.004,0.037,0.023,-0.174
7.287,5.209,4.750,5.332,5.760,5.625,4.968,5.169,5.393,5.633,5.220,5.610,6.556,5.969,5.971,5.614,5.946,5.893,5.784,6.909,6.660,6.604,6.686,6.660,6.521,6.490,7.193,6.688,6.891,7.303,7.268,7.164,7.255,7.368,7.227,7.521,7.732,7.631,7.631,7.645,18.136,-0.195,-0.081,0.097,0.091,-0.152,0.209,0.092,0.051,-0.153,0.012,-0.039,-0.034,0.049,0.032,-0.129,-0.142,-0.046,0.033,-0.017,-0.118,0.060,0.223,0.072,-0.008,-0.097,-0.219,-0.066,-0.066,0.102,0.070,0.057,0.046,0.049,-0.060,-0.061,0.017,-0.023,-0.015,0.104,0.028,-0.410,-0.023,0.066,0.003,-0.110,-0.106,-0.109,0.001,-0.003,-0.064,0.008,0.111,0.031,-0.068,-0.027,0.005,0.106,0.010,0.013,0.053,-0.068,-0.053,-0.001,-0.022,-0.079,-0.009,0.029,-0.026,0.054,0.039,-0.026,0.001,0.014,-0.043,-0.027,0.022,-0.034,-0.022,-0.005,0.006,0.012,-0.099
6.770,5.441,5.135,5.346,4.985,4.923,5.178,5.285,5.978,6.146,5.653,5.489,6.275,6.486,5.569,5.546,6.728,6.466,6.032,5.891,6.180,6.778,6.547,7.064,6.653,5.966,6.807,6.638,7.296,7.757,7.230,7.194,7.794,7.317,7.335,7.602,7.414,7.471,7.721,7.497,17.665,-0.162,0.176,0.074,-0.236,-0.267,-0.078,-0.013,0.205,-0.018,-0.024,0.102,-0.062,-0.086,-0.045,-0.015,0.070,-0.014,-0.015,-0.003,-0.265,-0.045,0.116,0.029,-0.094,-0.100,-0.108,-0.061,0.058,0.070,-0.032,0.019,0.077,-0.026,-0.092,-0.055,-0.077,-0.012,-0.009,0.050,0.013,-0.542,0.049,0.038,-0.050,-0.112,0.023,-0.091,-0.058,-0.021,-0.059,-0.038,0.029,0.015,-0.040,-0.056,0.038,0.120,-0.010,-0.008,0.035,0.036,-0.056,-0.074,-0.041,-0.066,0.020,0.125,0.007,0.052,0.004,-0.049,-0.012,-0.002,-0.064,0.014,0.043,-0.028,0.012,0.010,-0.031,-0.007,0.049
6.874,5.753,5.402,4.613,3.790,4.836,5.804,5.396,5.107,5.501,6.182,6.115,6.198,6.090,5.846,5.853,6.435,6.052,5.816,6.179,6.267,7.100,7.152,6.733,6.830,6.511,6.835,7.043,7.394,7.455,7.371,7.445,7.511,7.357,7.462,7.398,7.526,7.416,7.832,7.606,16.916,-0.112,0.173,-0.025,-0.170,-0.126,-0.182,-0.013,0.034,-0.191,-0.067,0.158,0.010,-0.163,-0.101,-0.023,0.267,0.043,0.033,0.128,-0.122,-0.120,-0.069,-0.139,-0.104,-0.017,0.109,-0.125,0.156,0.045,-0.069,-0.005,0.037,-0.135,-0.045,0.039,-0.027,-0.023,0.030,0.011,0.033,-0.322,0.075,-0.047,-0.060,0.012,0.140,-0.044,-0.097,-0.041,0.041,0.004,-0.022,-0.016,-0.003,-0.054,0.009,0.049,0.013,0.013,0.003,0.075,-0.022,-0.090,-0.060,-0.011,0.045,0.122,0.017,0.002,-0.030,-0.018,-0.017,-0.027,-0.017,0.031,0.033,0.006,0.014,0.004,-0.045,-0.025,0.202
6.701,6.274,4.803,3.963,4.594,5.002,4.699,5.782,5.750,5.531,5.612,5.673,5.827,5.821,6.002,6.420,6.347,5.873,6.057,5.986,6.304,6.556,6.416,6.346,6.469,6.822,6.863,7.202,6.818,6.708,6.893,7.237,7.172,7.334,7.320,7.353,7.597,7.700,7.677,7.654,16.437,0.082,0.056,-0.116,-0.086,0.219,-0.127,-0.223,0.013,-0.143,-0.050,-0.110,-0.098,-0.017,-0.179,-0.028,0.208,-0.055,-0.002,0.013,0.146,-0.076,-0.161,-0.076,-0.159,-0.027,0.264,-0.036,0.028,-0.009,-0.089,0.006,0.025,-0.116,0.017,0.079,-0.035,0.065,0.027,-0.058,-0.028,0.016,0.077,-0.131,-0.020,0.127,0.128,0.046,-0.038,-0.063,0.037,0.028,-0.011,0.043,0.041,-0.001,-0.002,-0.061,0.000,0.015,-0.005,0.083,0.023,-0.015,-0.006,0.047,0.052,0.062,0.048,-0.035,-0.012,0.036,-0.013,-0.053,0.031,0.044,0.027,0.031,-0.012,-0.009,-0.017,-0.019,0.256
6.759,5.658,4.793,5.173,5.325,4.675,5.142,5.090,4.552,5.607,6.033,5.568,5.964,5.795,5.642,6.514,6.351,6.354,6.412,6.254,6.000,6.372,6.059,6.500,6.528,6.605,6.538,7.187,7.357,7.480,7.412,7.325,6.893,7.135,7.427,7.511,7.523,7.669,7.707,7.732,17.138,0.058,-0.254,-0.109,0.074,0.303,0.015,-0.286,-0.055,0.113,0.043,-0.042,-0.094,-0.002,-0.169,-0.080,0.034,0.040,0.093,-0.007,0.053,-0.037,-0.091,-0.174,-0.033,0.093,0.204,0.005,-0.039,-0.009,0.010,-0.020,-0.061,0.009,0.040,0.036,0.023,0.007,-0.014,-0.070,-0.078,0.321,0.055,-0.073,0.040,0.068,-0.002,0.091,0.042,-0.020,0.086,0.038,-0.005,0.080,0.043,0.017,0.013,-0.115,-0.012,-0.009,-0.014,0.013,0.048,0.044,0.061,0.095,0.043,-0.017,0.069,-0.024,-0.010,0.033,-0.020,-0.050,0.059,0.039,0.005,0.021,-0.014,-0.009,0.009,-0.009,0.164
7.239,5.766,4.859,4.634,5.313,4.371,4.395,5.501,5.542,5.845,5.178,5.272,6.306,5.740,5.530,6.257,6.495,6.305,5.797,6.583,5.936,6.334,6.711,6.386,6.668,7.238,6.776,6.707,7.270,7.298,7.242,7.381,7.524,7.511,7.746,7.372,7.738,7.478,7.496,7.293,17.631,0.136,-0.264,0.014,0.275,0.157,0.054,-0.065,-0.068,0.014,0.061,0.148,0.204,0.040,-0.018,0.004,-0.120,-0.011,0.028,0.042,0.064,0.028,0.050,0.016,0.108,0.108,0.157,0.116,-0.019,0.036,0.109,-0.038,-0.139,0.058,0.084,0.081,0.051,-0.089,-0.030,0.004,-0.028,0.418,0.008,0.053,0.075,0.028,-0.101,0.066,0.159,-0.003,0.001,0.009,0.038,0.074,0.001,0.019,0.029,-0.092,-0.012,-0.005,0.033,-0.026,0.028,0.030,0.034,0.075,0.009,-0.078,0.052,0.029,-0.002,0.023,-0.026,-0.030,0.017,0.002,-0.010,0.010,-0.018,0.003,0.036,0.035,0.018
6.897,4.736,4.831,4.649,4.947,5.228,4.525,5.260,5.778,5.560,6.188,5.847,5.946,5.287,5.684,6.106,6.559,6.304,5.911,6.144,6.265,6.757,6.134,6.549,7.195,7.321,6.904,7.096,7.121,7.209,7.097,7.068,7.380,7.466,7.429,7.505,7.491,7.459,7.573,7.396,17.923,0.137,-0.031,0.111,-0.011,-0.104,0.185,0.116,-0.024,0.162,0.069,0.006,0.257,0.021,-0.096,0.026,-0.142,-0.040,-0.027,0.045,-0.015,0.067,0.044,0.120,0.237,0.130,0.078,0.143,0.061,-0.026,-0.001,-0.082,-0.131,0.072,0.117,0.061,0.034,-0.016,0.012,0.026,-0.013,0.295,-0.061,0.150,0.059,-0.042,-0.094,-0.031,0.154,0.033,-0.073,-0.014,-0.015,-0.029,-0.022,0.037,0.018,-0.021,-0.034,-0.036,0.025,0.003,0.004,-0.020,0.022,0.007,-0.039,-0.085,0.006,0.006,0.001,-0.021,0.000,0.029,-0.010,-0.028,-0.010,-0.009,0.015,0.020,0.017,0.047,-0.133
7.314,5.413,4.855,5.602,5.570,4.996,4.682,5.359,5.207,5.857,6.274,6.554,6.036,5.987,5.999,6.026,6.188,6.037,6.517,6.360,6.312,6.616,6.458,6.860,6.675,7.247,7.258,7.152,7.118,7.388,6.859,6.669,7.220,7.589,7.725,7.614,7.170,7.656,7.763,7.683,18.136,0.081,0.211,0.150,0.097,-0.082,0.117,0.373,-0.019,-0.162,-0.018,0.055,0.098,-0.022,-0.122,0.064,-0.161,-0.077,0.032,0.150,0.049,0.013,-0.080,-0.055,0.080,0.000,-0.061,0.158,0.122,-0.011,0.034,-0.093,-0.091,-0.060,-0.011,0.017,0.008,-0.013,0.028,0.074,0.115,0.117,-0.159,0.084,0.010,-0.082,-0.068,-0.065,0.039,0.042,-0.058,-0.044,-0.032,-0.124,-0.065,0.040,-0.025,0.039,0.005,-0.008,-0.013,-0.010,-0.012,-0.018,-0.027,-0.039,-0.032,-0.083,-0.058,-0.035,0.004,-0.051,0.032,0.093,-0.007,-0.048,-0.030,-0.012,0.037,0.012,-0.000,0.029,-0.276
7.407,5.678,5.349,4.634,4.675,5.286,5.581,5.043,5.529,5.944,5.516,6.213,6.203,5.190,5.539,5.920,6.305,6.352,6.278,6.291,6.145,6.452,6.786,7.447,7.175,6.990,7.010,7.268,7.303,7.430,7.192,7.027,7.403,7.680,7.742,7.560,7.727,7.641,7.701,7.472,18.361,-0.220,0.260,0.121,-0.044,-0.048,-0.170,0.264,0.087,-0.162,0.015,-0.071,-0.184,-0.082,0.069,-0.018,-0.050,-0.096,-0.089,0.062,0.076,-0.012,-0.123,-0.030,0.019,-0.051,-0.114,0.014,-0.081,0.019,-0.060,0.008,0.060,0.018,-0.053,0.016,0.000,0.046,0.057,-0.018,0.087,-0.193,-0.146,-0.037,-0.033,-0.019,-0.014,-0.062,-0.061,0.017,-0.035,-0.075,0.021,-0.098,-0.054,0.091,-0.031,0.060,0.030,0.008,-0.018,-0.006,0.007,0.038,-0.017,-0.071,-0.029,-0.030,-0.072,-0.054,-0.000,-0.045,0.042,0.075,-0.001,-0.032,-0.032,0.004,0.016,-0.002,-0.005,0.003,-0.259
7.391,6.350,5.348,5.125,5.036,4.925,5.730,5.517,4.857,5.562,5.786,5.578,6.065,5.178,5.920,5.544,6.238,6.442,6.361,6.753,6.064,6.089,6.112,6.334,6.678,7.097,7.511,7.231,7.125,7.355,6.727,6.944,7.213,7.347,7.672,7.388,7.558,7.526,7.799,7.832,17.998,-0.480,0.009,0.061,-0.117,-0.211,-0.092,0.058,0.085,-0.116,-0.133,0.025,-0.196,-0.234,0.101,-0.101,0.029,0.042,0.016,-0.033,-0.033,0.008,0.046,-0.044,0.024,0.038,-0.164,-0.111,-0.122,0.037,-0.117,0.077,0.229,0.050,-0.072,-0.045,0.008,0.068,0.010,0.023,0.066,-0.717,-0.011,-0.109,-0.058,-0.042,-0.017,0.006,-0.118,-0.027,0.079,-0.029,0.008,0.008,-0.006,0.071,-0.004,0.054,0.034,0.011,-0.041,-0.010,0.052,0.071,0.048,-0.027,0.003,0.008,-0.064,-0.029,-0.016,-0.027,0.038,0.031,0.009,0.001,-0.027,0.006,0.008,-0.011,-0.003,-0.045,-0.062
5.759,5.568,5.188,4.667,4.973,4.412,5.321,5.618,5.145,5.783,6.076,5.414,5.521,6.037,5.634,6.095,6.054,5.657,6.297,6.327,6.332,6.403,6.157,6.906,6.941,6.829,6.847,6.650,7.212,6.925,7.205,7.230,7.475,7.320,7.534,7.620,7.526,7.807,7.465,7.754,17.025,-0.312,-0.116,-0.009,0.000,-0.109,-0.020,-0.033,0.012,-0.035,-0.251,0.125,-0.083,-0.144,0.247,-0.049,0.063,0.049,0.020,0.046,-0.006,0.102,0.174,0.028,-0.088,-0.035,-0.020,-0.083,-0.088,-0.051,-0.152,0.043,0.083,0.012,-0.015,-0.069,0.053,0.022,0.009,0.026,0.026,-0.584,0.206,-0.043,-0.043,0.019,0.004,0.072,-0.065,-0.064,0.100,0.031,0.027,0.093,0.033,-0.032,0.063,-0.002,0.007,0.042,-0.024,0.021,0.049,0.015,0.040,-0.033,0.012,0.059,-0.006,0.052,-0.015,0.036,0.011,-0.019,-0.026,0.004,-0.020,-0.012,-0.018,-0.017,0.021,-0.042,0.224
5.739,5.512,5.242,5.000,4.365,4.975,5.103,5.497,4.817,5.274,6.117,5.972,5.209,6.069,5.447,6.083,6.525,6.466,6.341,6.176,6.260,6.868,6.554,7.252,6.983,6.508,6.784,6.853,7.346,7.056,7.236,7.710,7.434,7.409,7.605,7.624,7.611,7.621,7.998,7.870,15.219,0.071,-0.145,-0.075,-0.133,-0.136,0.072,-0.070,-0.116,0.168,-0.032,-0.005,0.087,-0.022,0.145,0.059,0.054,0.020,0.032,-0.046,0.042,0.215,0.126,0.156,-0.004,0.007,-0.069,-0.113,-0.021,-0.056,-0.056,0.078,0.053,-0.010,-0.025,-0.078,0.014,0.041,-0.002,0.038,-0.080,0.003,0.250,0.032,-0.040,0.040,0.080,0.054,0.005,-0.011,0.108,0.128,0.018,0.040,0.044,-0.096,0.076,-0.052,-0.049,-0.033,-0.028,0.011,-0.003,-0.062,0.006,-0.027,0.002,0.079,0.039,0.071,0.004,0.060,-0.000,-0.044,-0.024,0.017,0.007,-0.008,-0.020,-0.001,-0.003,-0.002,0.416
6.673,5.516,5.357,4.698,4.468,5.161,5.727,5.111,5.373,4.833,5.974,5.600,5.911,5.979,5.532,5.964,6.407,6.440,6.517,6.549,6.556,6.929,6.707,6.547,6.846,7.185,6.961,7.014,6.938,6.817,7.152,7.060,7.353,7.572,7.429,7.708,7.808,7.641,7.734,7.584,16.830,0.533,0.122,-0.027,0.059,-0.067,0.109,0.002,-0.133,0.194,0.121,0.078,0.138,-0.023,-0.113,0.215,-0.071,-0.049,0.112,-0.050,0.144,0.128,-0.089,0.068,-0.133,0.025,0.132,-0.015,0.129,-0.012,0.090,0.062,0.053,-0.081,-0.059,-0.068,-0.061,-0.029,-0.023,0.078,-0.049,0.565,0.114,0.044,-0.003,0.062,0.093,0.015,0.007,0.043,0.024,0.115,0.007,-0.002,0.009,-0.088,0.029,-0.034,-0.050,-0.060,-0.018,-0.024,-0.051,-0.061,-0.025,0.026,-0.015,0.019,0.041,0.053,0.036,0.063,0.014,0.001,-0.001,0.023,0.035,0.008,-0.009,0.007,-0.014,0.045,0.253
7.290,5.651,4.886,4.443,4.610,4.912,5.180,5.189,5.585,5.878,5.813,5.921,5.761,5.933,6.267,5.880,6.162,6.211,6.022,6.851,7.027,6.455,6.619,6.495,6.762,6.571,6.890,6.944,6.982,7.128,7.143,7.292,7.223,7.096,7.337,7.415,7.620,7.600,7.853,7.515,18.111,0.347,0.047,-0.129,0.056,0.169,0.112,0.065,0.103,0.312,0.323,0.140,-0.106,-0.073,-0.200,0.146,-0.164,-0.155,-0.197,-0.126,-0.052,-0.018,-0.135,-0.035,-0.090,0.021,0.153,0.048,0.124,0.037,0.063,0.065,0.024,-0.022,0.037,-0.009,0.024,-0.006,0.022,-0.020,0.095,0.790,-0.066,0.026,0.045,0.068,0.086,-0.027,-0.015,0.045,-0.070,-0.021,0.002,-0.025,0.023,0.021,-0.029,0.026,-0.006,-0.046,0.045,-0.040,-0.064,0.007,-0.018,0.036,-0.031,-0.012,0.020,-0.000,0.014,0.005,-0.009,-0.008,0.029,0.043,0.047,0.034,-0.001,0.005,-0.029,0.044,-0.035
7.647,6.109,5.230,5.241,4.517,4.989,5.296,5.107,5.730,6.088,6.617,6.128,5.129,5.539,6.302,5.842,5.989,6.347,6.206,6.707,6.590,6.167,6.464,6.620,7.175,7.458,6.720,7.250,7.336,7.340,7.561,7.705,7.175,7.181,7.326,7.422,7.377,7.704,7.925,7.687,18.403,0.121,0.005,0.005,0.214,0.204,0.037,-0.067,0.119,0.013,0.147,0.090,0.005,-0.074,-0.019,0.054,0.004,-0.112,-0.164,-0.006,-0.078,-0.035,0.001,-0.001,0.084,-0.117,-0.035,0.043,0.103,0.081,0.101,0.121,0.101,0.013,0.067,0.069,0.088,-0.002,0.030,-0.014,0.163,0.286,-0.177,-0.021,0.066,-0.012,0.009,-0.076,-0.068,0.023,-0.086,-0.106,-0.075,0.002,0.101,0.112,-0.042,0.092,0.050,-0.007,0.070,-0.006,-0.006,0.086,0.038,0.057,-0.016,-0.073,-0.021,-0.052,-0.013,-0.042,-0.037,-0.036,0.051,0.015,0.025,0.027,0.005,0.000,-0.023,-0.026,-0.234
6.990,5.452,4.661,5.007,5.186,5.620,5.641,6.012,6.197,6.261,6.494,5.175,5.233,5.287,5.794,5.324,5.961,5.526,5.869,5.839,6.153,6.576,6.499,6.765,6.922,7.136,7.146,7.356,7.332,7.110,7.358,7.507,7.412,7.791,7.611,7.886,7.798,7.701,7.804,8.294,18.384,-0.055,0.044,0.132,0.129,0.159,-0.025,-0.108,-0.016,-0.090,-0.148,-0.003,0.028,0.117,0.204,-0.006,0.147,0.024,-0.058,0.155,-0.048,-0.022,0.114,0.101,0.070,-0.078,-0.048,-0.044,-0.010,-0.032,-0.038,0.005,-0.011,0.089,0.128,0.087,0.111,0.022,-0.004,-0.059,0.032,-0.031,-0.131,-0.003,0.053,-0.066,-0.085,-0.088,-0.076,-0.067,-0.092,-0.103,-0.082,0.056,0.109,0.094,-0.019,0.088,0.062,0.069,0.049,0.056,0.041,0.065,0.039,0.026,0.023,-0.035,-0.029,-0.044,-0.021,-0.034,-0.048,-0.040,0.022,-0.048,-0.018,-0.027,-0.008,-0.007,0.007,-0.093,-0.283
7.428,5.641,5.492,5.486,5.198,4.990,5.160,5.295,5.132,5.375,6.081,5.998,5.804,6.207,6.039,6.259,5.947,5.961,6.565,6.666,6.818,6.874,6.761,6.830,6.182,6.726,7.050,7.324,7.169,7.330,7.648,7.456,7.326,7.560,7.640,7.913,7.710,7.743,7.687,8.011,18.121,-0.151,0.018,0.171,-0.036,-0.014,-0.203,-0.251,0.041,-0.037,-0.171,-0.227,0.079,0.384,0.245,0.080,0.235,0.111,0.009,0.158,0.111,0.100,0.218,0.192,0.070,-0.005,-0.132,-0.072,-0.062,-0.043,-0.067,-0.094,-0.111,0.118,-0.029,0.010,0.032,-0.020,-0.007,-0.019,-0.149,-0.196,-0.121,-0.016,-0.021,-0.078,-0.062,-0.029,-0.013,-0.045,-0.015,-0.009,-0.049,-0.012,0.047,-0.020,-0.036,-0.053,-0.006,0.025,-0.048,0.032,0.006,-0.008,-0.005,-0.023,0.064,0.037,0.011,-0.026,-0.019,-0.017,-0.044,-0.038,-0.013,-0.060,-0.051,-0.049,0.010,-0.000,0.009,-0.063,-0.218
7.125,6.108,5.414,4.966,5.065,4.785,4.709,5.014,5.432,5.493,6.067,6.124,6.010,6.621,6.368,6.408,6.303,6.115,6.618,6.632,6.805,6.671,6.974,6.741,6.868,6.698,6.503,6.857,6.903,6.945,7.122,7.360,7.592,7.545,7.614,7.723,7.565,7.559,7.677,7.514,18.099,-0.171,0.026,0.055,-0.149,-0.147,-0.209,-0.225,-0.192,-0.124,-0.031,-0.111,0.135,0.241,0.138,0.039,0.161,0.046,0.062,0.038,0.135,0.118,0.081,0.064,0.045,0.078,0.026,-0.040,-0.015,-0.008,-0.024,-0.069,-0.069,0.036,-0.153,-0.070,-0.081,-0.036,0.007,0.020,-0.212,-0.386,-0.145,-0.044,-0.049,0.007,-0.010,0.047,0.059,0.025,0.002,0.078,0.028,-0.034,-0.070,-0.094,-0.067,-0.135,-0.058,-0.001,-0.084,-0.025,-0.047,-0.073,-0.075,-0.021,0.031,0.054,0.063,-0.000,-0.005,0.017,0.006,-0.006,-0.057,-0.041,-0.045,-0.038,0.022,0.010,0.008,0.026,-0.221
6.825,5.869,5.711,5.080,4.507,4.390,4.508,5.810,5.928,5.619,5.697,6.048,6.661,6.098,6.413,6.473,6.371,6.097,6.622,6.867,6.762,7.208,7.186,6.980,7.176,7.019,6.681,7.189,7.333,7.087,7.206,7.225,7.675,7.161,7.374,7.666,7.392,7.738,7.893,7.332,17.568,-0.426,-0.066,-0.062,-0.034,0.048,-0.018,-0.073,-0.016,-0.047,0.043,-0.101,-0.108,0.100,-0.084,-0.150,-0.269,-0.154,-0.098,-0.185,-0.010,-0.074,-0.023,-0.006,-0.017,0.126,0.111,0.097,-0.027,-0.024,0.011,-0.061,-0.062,-0.027,-0.094,-0.108,-0.063,0.077,0.023,-0.008,-0.029,-0.625,-0.103,-0.004,-0.017,0.051,0.006,0.087,0.095,0.027,0.017,0.053,0.100,-0.025,-0.124,-0.060,-0.056,-0.101,-0.053,0.011,-0.036,-0.070,-0.107,-0.102,-0.100,-0.021,-0.020,0.023,0.048,-0.013,-0.022,0.014,0.029,0.018,-0.059,0.027,-0.021,-0.011,0.020,-0.000,-0.009,0.080,-0.205
6.435,5.467,4.825,4.467,4.798,4.874,4.841,4.794,5.180,5.983,6.130,5.827,6.012,6.030,5.801,6.023,5.979,5.769,6.030,6.412,6.773,6.813,6.608,6.917,6.814,7.119,7.130,7.349,7.211,7.110,7.235,7.276,7.415,7.225,7.392,7.605,7.778,7.740,7.800,7.576,16.732,-0.641,-0.136,0.003,0.164,0.078,0.118,0.096,0.139,-0.073,0.136,0.075,-0.047,-0.090,-0.100,-0.224,-0.276,-0.133,-0.009,-0.096,-0.111,-0.172,-0.129,-0.174,0.008,0.009,0.099,0.186,-0.029,-0.068,0.007,0.016,-0.067,-0.123,-0.043,-0.081,-0.034,0.083,0.031,-0.023,0.101,-0.922,-0.017,0.025,0.020,0.037,-0.029,0.027,0.075,0.065,0.065,0.018,0.099,-0.001,-0.072,-0.029,-0.011,0.005,0.012,0.039,0.046,-0.009,-0.054,-0.025,-0.045,-0.007,-0.012,-0.044,-0.016,-0.015,-0.003,0.001,0.022,0.028,-0.011,0.052,0.013,0.016,-0.021,-0.017,-0.023,0.052,-0.069
5.643,5.631,5.474,5.564,5.573,4.856,4.728,5.326,5.021,5.346,5.543,5.608,6.303,6.080,5.570,5.106,5.337,5.641,5.932,6.727,6.466,6.687,6.914,6.656,6.841,7.072,7.221,6.942,6.894,7.301,7.289,7.186,7.281,7.251,7.210,7.656,7.990,7.769,7.586,7.833,15.679,-0.431,0.079,0.112,0.064,-0.096,0.069,0.063,0.010,0.024,0.010,0.182,0.044,-0.068,0.065,-0.071,-0.051,-0.064,0.098,0.046,-0.117,-0.288,-0.187,-0.191,-0.017,-0.072,-0.055,0.053,-0.121,-0.122,-0.013,0.008,-0.020,-0.100,0.050,-0.089,-0.044,0.019,-0.021,-0.041,0.094,-0.952,0.171,0.011,0.001,-0.038,-0.080,-0.037,0.053,0.019,0.090,0.013,0.076,0.027,-0.055,-0.011,0.069,0.126,0.093,0.060,0.085,0.068,0.079,0.056,0.022,0.001,-0.026,-0.062,-0.060,0.029,0.039,0.000,0.011,0.046,0.013,0.031,0.045,0.020,-0.048,-0.031,-0.009,-0.018,0.193
4.508,5.547,5.550,5.543,4.921,5.144,5.080,5.949,5.519,6.309,6.518,6.107,5.738,6.128,5.671,5.710,6.155,6.299,6.485,6.148,6.091,6.288,6.241,6.942,7.079,7.167,7.163,6.835,6.784,6.874,7.160,7.043,7.175,7.283,7.292,7.558,7.679,7.697,7.717,7.769,14.433,-0.254,0.077,0.066,-0.014,-0.218,-0.116,0.082,0.122,0.165,0.078,0.242,0.054,-0.034,-0.082,-0.053,0.075,0.062,0.158,0.150,0.144,-0.042,0.040,-0.068,0.010,0.117,-0.110,-0.098,-0.042,0.025,-0.007,0.006,0.052,0.016,0.035,-0.015,-0.013,-0.110,-0.056,-0.081,-0.011,-0.566,0.310,-0.038,-0.077,-0.061,0.001,-0.028,0.017,-0.009,0.078,-0.005,-0.034,-0.019,0.006,-0.001,0.097,0.111,0.055,-0.010,0.022,0.082,0.150,0.084,0.078,-0.024,-0.022,-0.036,-0.041,0.061,0.065,0.014,-0.010,0.042,0.035,-0.003,0.054,0.017,-0.021,-0.014,0.004,-0.044,0.457
5.634,6.226,5.906,4.861,3.966,4.601,4.702,5.281,5.876,5.506,6.415,6.129,6.456,6.373,6.120,6.373,5.963,6.324,6.625,6.415,5.663,6.536,6.413,6.883,6.685,6.718,6.931,6.842,6.938,7.139,7.283,7.240,7.296,7.381,6.978,7.470,7.538,7.656,7.729,7.703,13.960,0.237,-0.115,-0.086,-0.137,-0.203,-0.083,0.198,0.086,0.285,0.139,0.195,-0.025,-0.203,-0.146,0.107,0.187,0.213,0.117,0.117,0.204,0.254,0.173,0.052,-0.013,-0.056,-0.096,-0.062,0.125,0.125,0.018,0.000,0.108,-0.029,0.020,0.086,0.026,-0.068,-0.086,-0.024,-0.065,0.163,0.262,-0.112,-0.103,0.018,0.118,0.040,0.005,0.001,-0.017,0.007,-0.085,-0.041,0.023,0.009,0.073,0.044,0.027,-0.042,-0.015,0.018,0.102,0.017,0.069,-0.042,-0.033,0.024,0.015,0.037,0.043,0.021,-0.020,0.019,0.025,-0.029,0.054,0.011,0.021,0.013,0.024,-0.023,0.536
5.168,5.555,4.938,4.748,4.509,4.420,5.263,5.427,5.578,6.293,6.905,5.835,5.764,5.472,5.260,5.763,5.977,6.219,6.437,7.287,6.964,7.088,6.519,6.852,7.478,6.744,6.785,7.189,7.316,7.156,7.269,7.508,7.486,7.333,7.436,7.633,7.452,7.515,7.323,7.583,14.760,0.573,-0.228,-0.284,-0.043,0.138,0.055,0.113,0.054,0.185,0.047,-0.103,-0.106,0.010,0.000,0.172,0.161,0.001,-0.069,-0.023,0.139,0.306,0.112,0.092,-0.115,-0.109,-0.059,0.040,0.155,0.135,0.063,-0.029,0.076,0.017,-0.046,0.102,0.015,0.022,-0.008,-0.012,-0.040,0.808,0.176,-0.044,-0.032,0.068,0.122,0.052,-0.065,-0.061,-0.086,-0.045,-0.100,-0.018,0.049,0.069,0.059,0.021,0.001,-0.034,-0.037,-0.106,-0.068,-0.103,0.010,-0.031,-0.048,0.023,0.022,-0.042,-0.018,0.013,-0.007,-0.020,0.005,-0.016,0.013,-0.005,0.036,0.028,0.035,0.006,0.380
6.497,5.051,5.349,5.277,4.765,4.801,5.625,6.017,6.414,6.048,6.323,5.619,5.273,5.678,6.313,6.016,6.491,6.267,6.540,7.175,7.301,7.154,7.036,6.635,6.359,6.802,7.098,7.388,7.252,7.250,7.235,7.493,6.980,7.326,7.569,7.750,7.763,7.428,7.663,7.603,16.329,0.463,-0.327,-0.228,0.169,0.314,0.182,0.074,0.049,-0.070,0.063,-0.072,-0.082,0.025,0.069,0.181,0.127,0.103,0.001,0.059,-0.023,0.048,-0.140,0.074,-0.166,-0.125,0.037,0.058,-0.037,0.036,0.054,-0.076,0.064,0.023,-0.055,0.121,-0.001,0.057,0.020,0.042,-0.009,1.042,0.003,0.079,0.031,0.039,0.060,0.016,-0.085,-0.066,-0.084,-0.048,-0.056,0.013,0.061,0.050,-0.040,-0.020,-0.036,-0.010,-0.042,-0.114,-0.152,-0.115,-0.025,0.020,0.045,-0.003,-0.008,-0.078,-0.041,-0.009,0.010,-0.032,0.031,0.019,-0.034,-0.007,0.007,0.029,0.017,0.011,0.101
6.943,4.993,4.410,5.123,5.212,5.319,5.184,5.851,6.177,6.275,6.048,5.830,6.377,6.476,6.435,6.692,5.897,5.981,6.411,6.461,6.803,6.539,6.391,6.492,6.698,6.832,7.278,7.337,7.303,7.134,7.041,7.297,7.419,7.082,7.504,7.495,7.678,7.770,7.689,7.621,17.290,0.514,-0.038,-0.023,0.172,0.133,0.013,-0.183,-0.167,-0.085,-0.109,-0.125,-0.006,0.098,0.154,0.205,0.212,0.123,0.047,-0.006,-0.274,-0.277,-0.319,-0.031,-0.067,-0.087,-0.061,-0.049,-0.169,-0.019,0.041,0.009,-0.028,0.012,-0.007,0.035,-0.024,0.005,0.029,0.059,-0.007,0.894,-0.087,0.164,0.106,-0.037,-0.034,0.017,-0.000,-0.038,-0.023,-0.029,0.004,0.040,-0.023,-0.019,-0.086,-0.047,0.010,0.034,-0.012,-0.040,-0.086,-0.015,-0.017,0.069,0.074,-0.000,-0.015,-0.032,-0.037,-0.037,0.019,-0.016,0.016,0.060,-0.049,0.006,-0.013,-0.001,0.006,0.000,-0.112
7.063,4.871,5.029,5.520,5.184,5.064,5.110,5.313,5.225,5.828,6.485,5.722,6.277,6.214,6.438,6.543,6.518,6.450,6.934,6.716,5.983,6.112,6.846,6.231,6.451,6.861,6.973,6.585,7.125,7.420,7.015,7.666,7.443,7.233,7.548,7.534,7.708,7.629,7.756,7.639,17.906,0.282,0.185,-0.063,-0.050,0.098,0.018,-0.079,-0.136,-0.001,-0.022,-0.076,-0.008,0.057,0.029,-0.109,0.060,-0.028,0.008,-0.100,-0.158,-0.212,-0.184,-0.013,0.063,0.158,-0.109,-0.060,-0.103,-0.001,-0.016,0.030,0.000,0.128,0.096,-0.049,0.012,-0.023,0.042,0.024,-0.026,0.623,-0.088,0.157,0.094,-0.075,-0.011,0.093,0.080,0.021,0.047,0.003,-0.012,0.046,-0.035,-0.029,-0.064,-0.054,-0.006,-0.004,-0.001,0.032,0.054,0.134,0.003,0.095,0.069,0.016,0.021,0.065,-0.004,-0.044,0.023,-0.017,-0.018,0.040,-0.038,0.005,-0.013,-0.019,-0.027,-0.006,-0.191
7.453,5.452,4.981,5.489,4.966,4.355,4.608,4.946,5.747,5.857,6.197,5.753,5.752,5.976,6.222,6.561,6.578,6.364,6.210,6.145,6.236,6.012,6.462,6.720,6.996,6.410,6.602,6.746,7.286,7.275,7.426,7.282,7.317,7.346,7.624,7.621,7.505,7.561,7.574,7.529,18.443,0.228,0.333,0.163,-0.116,0.078,0.224,0.187,-0.044,0.038,-0.053,-0.082,0.055,-0.123,-0.075,-0.114,-0.042,0.119,0.098,-0.004,0.007,0.007,0.059,0.051,0.118,0.119,0.013,0.022,0.029,-0.034,-0.086,0.015,0.030,0.044,0.180,-0.056,0.037,-0.001,-0.025,0.028,-0.031,0.461,-0.111,0.040,0.073,0.005,0.087,0.156,0.135,0.082,0.001,0.036,0.015,0.036,-0.018,-0.031,-0.046,-0.063,0.024,-0.037,0.038,0.074,0.109,0.172,0.021,0.054,0.000,0.054,0.052,0.069,-0.010,-0.029,-0.023,-0.019,-0.051,-0.022,-0.014,-0.015,-0.007,-0.019,-0.027,0.010,-0.189
7.651,5.745,4.749,4.843,5.377,5.371,5.519,5.791,6.623,6.146,5.868,5.619,5.873,6.072,5.874,6.381,6.010,6.114,6.139,6.545,6.526,6.498,6.935,6.836,7.003,6.470,7.136,7.167,7.256,7.099,7.193,7.502,7.669,7.672,7.266,7.748,7.732,7.743,7.839,7.518,18.866,0.164,0.270,0.147,-0.060,0.285,0.543,0.287,0.090,0.104,0.048,-0.155,0.118,-0.041,0.037,0.020,-0.015,0.074,-0.045,0.052,-0.002,0.174,0.344,0.048,0.217,0.118,0.081,0.129,0.187,0.025,-0.100,0.034,-0.051,-0.082,0.051,-0.023,-0.007,-0.007,-0.047,-0.078,-0.027,0.304,-0.094,-0.059,0.054,0.085,0.092,0.056,0.038,0.048,-0.063,-0.006,0.043,0.000,-0.002,-0.013,0.012,-0.040,0.044,-0.026,0.017,0.026,0.062,0.069,-0.011,-0.003,-0.060,0.058,0.008,0.002,-0.022,0.014,-0.034,-0.037,-0.078,-0.099,-0.008,-0.034,-0.004,-0.005,-0.017,0.022,-0.180
7.787,6.224,5.366,4.882,5.505,6.286,5.915,5.392,5.667,5.850,5.948,6.157,5.964,6.169,6.149,6.562,6.746,6.641,6.789,6.583,6.568,6.641,6.599,6.777,7.016,7.091,7.307,7.190,7.069,6.865,7.028,7.529,7.528,7.763,7.363,7.572,7.661,7.589,7.786,7.527,19.113,0.017,0.117,0.235,0.203,0.475,0.530,0.307,0.131,-0.134,0.038,-0.013,0.110,0.058,-0.003,-0.092,-0.067,0.193,-0.110,0.107,0.019,0.074,0.275,0.042,0.125,-0.066,0.114,0.118,0.029,-0.082,-0.060,-0.109,-0.099,-0.137,-0.096,-0.045,-0.091,-0.037,-0.024,-0.026,0.046,0.107,-0.102,-0.117,-0.072,0.061,0.005,-0.126,-0.110,-0.005,-0.033,-0.000,0.075,-0.076,0.004,-0.023,0.006,-0.042,-0.037,-0.026,-0.054,-0.001,0.010,-0.070,-0.013,-0.040,-0.059,-0.005,-0.041,-0.043,-0.021,0.044,-0.024,-0.026,-0.029,-0.087,-0.016,-0.020,0.005,0.024,-0.008,0.012,-0.197
7.716,5.836,5.570,5.525,6.341,6.812,5.893,5.541,5.784,6.069,5.837,6.111,5.966,6.304,6.573,6.467,6.806,6.085,6.905,6.487,6.690,7.516,7.017,7.286,7.031,6.927,7.264,7.299,7.360,7.123,7.382,7.287,6.927,7.282,7.565,7.522,7.595,7.381,7.262,7.507,19.091,-0.084,-0.004,0.173,0.214,0.357,0.144,0.050,0.016,-0.231,-0.100,0.106,-0.034,-0.044,-0.073,-0.058,-0.127,0.155,-0.019,-0.070,-0.035,0.066,0.052,-0.066,0.046,-0.051,0.132,-0.067,-0.092,-0.089,0.042,-0.079,-0.121,-0.173,-0.263,-0.095,-0.094,-0.025,0.018,-0.037,0.044,-0.102,-0.093,-0.083,-0.122,-0.045,-0.194,-0.242,-0.153,-0.034,0.027,-0.015,0.050,-0.096,-0.000,-0.034,0.004,-0.011,-0.060,0.063,-0.066,-0.022,-0.019,-0.151,-0.019,-0.086,-0.031,-0.026,-0.048,-0.038,0.007,0.061,0.008,0.027,0.044,0.007,0.013,0.022,0.021,0.034,0.026,-0.001,-0.203
7.506,5.993,5.746,6.163,6.859,6.287,5.957,5.726,5.497,6.085,6.149,6.056,5.995,5.845,5.414,6.180,7.143,5.829,6.360,6.269,6.524,6.877,6.632,7.120,6.651,6.753,7.127,6.823,6.822,6.960,6.784,6.892,7.005,7.063,7.247,7.281,7.387,7.623,7.735,7.763,18.864,-0.160,-0.116,-0.210,0.050,0.068,-0.206,-0.242,-0.033,0.042,0.019,0.162,-0.249,-0.101,-0.137,-0.046,-0.195,-0.104,-0.046,-0.215,0.018,0.112,-0.144,0.042,0.002,-0.093,-0.037,-0.083,-0.045,-0.081,0.062,-0.050,-0.065,-0.055,-0.099,-0.099,-0.021,0.032,0.062,-0.031,-0.004,-0.321,-0.043,-0.047,-0.149,-0.151,-0.274,-0.176,-0.106,-0.037,0.073,-0.027,-0.032,-0.047,0.019,-0.014,0.033,0.066,-0.068,0.077,-0.023,-0.031,-0.020,-0.118,-0.044,-0.069,0.035,-0.027,-0.018,0.010,0.048,0.046,0.065,0.073,0.080,0.088,0.062,0.051,0.021,0.011,0.013,-0.024,-0.142
7.374,5.840,5.422,5.272,6.485,6.092,5.747,5.706,5.555,5.530,6.297,5.498,5.639,5.870,5.951,5.935,6.588,6.425,6.005,6.528,6.877,6.641,6.587,6.894,6.933,7.299,6.890,6.891,6.937,7.259,6.920,7.216,7.067,6.709,6.848,7.422,7.743,7.817,7.679,7.619,18.479,-0.212,-0.029,-0.242,-0.207,-0.483,-0.299,-0.204,0.002,0.153,-0.018,0.009,-0.182,0.037,-0.066,0.017,-0.009,-0.076,0.239,-0.118,-0.112,0.062,-0.203,-0.048,-0.154,-0.025,0.025,-0.013,0.036,0.061,0.143,0.045,0.066,0.097,0.086,0.071,0.067,0.065,0.083,0.053,-0.007,-0.496,0.021,0.003,-0.042,-0.076,-0.176,-0.076,-0.044,-0.028,0.042,-0.009,-0.073,0.055,0.073,0.023,0.017,0.113,-0.006,0.031,0.055,-0.005,-0.031,-0.022,-0.042,-0.012,0.047,-0.023,0.033,0.019,0.037,-0.003,0.047,0.060,0.072,0.116,0.079,0.029,-0.022,-0.022,-0.001,-0.016,0.007
7.158,5.643,4.392,5.261,5.771,5.617,4.779,5.146,5.990,6.212,6.529,5.220,5.623,5.701,6.232,5.854,6.333,6.238,6.164,6.653,7.033,6.358,7.026,6.983,6.601,6.719,7.081,7.167,6.874,7.107,7.011,7.238,7.183,7.554,7.227,7.516,7.747,7.680,7.421,7.450,17.815,-0.134,-0.105,-0.302,-0.342,-0.475,-0.126,-0.093,-0.044,0.039,-0.138,-0.125,-0.053,0.110,-0.078,0.036,0.204,-0.032,0.147,0.014,-0.097,-0.025,-0.188,-0.185,-0.118,0.095,0.031,0.002,0.013,0.083,0.120,0.152,0.170,0.131,0.170,0.183,0.084,0.025,0.000,-0.003,-0.050,-0.407,0.093,0.028,0.094,0.026,0.045,0.064,0.112,0.041,-0.018,0.001,-0.044,0.122,0.074,0.067,0.014,0.100,0.065,0.006,0.080,0.043,-0.022,0.069,-0.033,0.038,0.039,0.024,0.014,-0.010,0.002,-0.028,0.024,0.015,0.021,0.033,0.022,-0.005,-0.045,-0.033,-0.010,-0.002,0.191
6.831,5.868,5.039,4.943,4.468,5.653,5.462,5.838,6.302,5.914,5.694,5.622,6.338,6.048,6.250,6.586,6.831,7.072,6.412,5.737,6.744,6.762,6.583,6.587,6.929,7.067,7.223,7.307,7.637,7.765,7.492,7.445,7.325,7.467,7.931,7.741,7.739,7.766,7.684,7.629,17.138,0.007,0.003,0.007,0.032,-0.253,-0.276,-0.244,-0.117,-0.019,-0.065,-0.114,0.142,0.215,0.014,-0.013,0.237,0.090,0.037,0.088,-0.003,-0.019,-0.037,-0.164,0.046,0.090,-0.018,0.054,-0.024,0.016,-0.002,0.056,0.061,0.097,0.181,0.161,-0.000,-0.134,-0.061,-0.056,-0.013,-0.024,0.134,0.034,0.115,0.108,0.267,0.156,0.214,0.119,0.014,0.095,0.073,0.097,-0.010,0.085,0.020,-0.017,0.020,-0.036,0.060,0.109,0.011,0.106,0.069,0.073,-0.010,0.018,-0.008,-0.011,-0.043,-0.076,-0.036,-0.055,-0.021,-0.021,-0.056,-0.029,-0.038,-0.039,-0.021,-0.001,0.303
7.108,5.453,4.427,4.619,5.490,5.876,5.632,5.438,5.318,5.201,5.825,5.727,6.195,5.363,5.447,6.877,6.862,6.240,6.225,6.178,6.464,5.879,5.710,6.683,7.128,7.026,6.968,6.680,6.887,7.308,7.257,7.626,7.529,7.533,7.621,7.544,7.514,7.648,7.716,7.510,17.501,0.195,0.006,0.135,0.060,0.178,0.101,0.340,0.232,0.037,0.049,0.004,0.198,0.181,0.158,0.038,0.184,0.135,0.086,0.081,0.179,0.045,0.117,-0.064,0.094,0.047,0.105,-0.047,-0.066,-0.050,-0.003,0.065,0.011,0.049,0.018,-0.031,-0.013,-0.092,-0.034,-0.026,-0.009,0.398,0.094,0.060,0.121,0.097,0.257,0.208,0.253,0.158,0.070,0.153,0.130,0.030,-0.082,0.069,0.038,-0.099,-0.044,-0.009,0.052,0.054,0.024,0.095,0.137,0.024,-0.040,0.024,0.007,0.013,-0.006,-0.059,-0.045,-0.064,-0.038,-0.042,-0.051,-0.017,-0.003,-0.004,-0.002,-0.002,0.233
7.433,5.950,5.442,5.751,5.361,4.584,4.102,4.975,5.795,5.710,6.076,5.953,6.429,6.111,6.277,6.610,6.776,6.610,6.416,6.750,7.065,6.697,6.424,7.274,7.119,7.054,7.215,7.016,7.013,7.148,7.074,7.326,7.377,7.625,7.454,7.407,7.192,7.528,7.252,7.524,18.514,0.294,0.086,0.113,0.134,0.527,0.366,0.648,0.460,0.223,0.361,0.308,0.180,-0.049,0.243,0.116,-0.081,-0.061,0.088,0.146,0.294,0.084,0.174,0.238,0.107,-0.052,0.077,-0.028,0.019,-0.086,-0.176,-0.092,-0.130,0.034,0.058,-0.103,-0.030,-0.066,-0.095,-0.041,-0.030,0.619,-0.008,0.009,0.025,-0.019,0.122,0.215,0.215,0.096,0.044,0.096,0.094,-0.047,-0.093,-0.032,-0.014,-0.097,-0.082,-0.034,0.009,-0.043,-0.014,0.009,0.088,-0.029,-0.012,0.019,0.005,0.011,0.023,-0.002,-0.010,-0.007,-0.043,-0.046,-0.011,0.012,0.037,0.008,0.019,-0.013,0.019
7.831,5.633,4.867,5.155,6.215,6.655,7.157,6.738,6.428,6.558,6.356,6.044,6.484,6.460,6.408,6.763,7.037,6.898,6.569,7.041,7.098,6.975,6.785,7.110,6.741,7.253,6.847,6.983,6.934,7.400,7.544,7.350,7.402,7.563,7.309,7.619,7.563,7.631,7.509,7.457,19.119,0.194,0.154,0.248,0.090,0.419,0.592,0.726,0.459,0.266,0.413,0.314,0.076,-0.169,0.150,0.160,-0.130,-0.178,0.078,0.246,0.026,0.042,0.182,0.296,-0.028,-0.034,0.101,0.077,0.059,0.102,-0.086,0.002,-0.054,-0.026,0.021,0.061,0.017,-0.022,-0.004,-0.022,-0.052,0.438,-0.110,-0.014,0.008,-0.012,-0.080,-0.020,-0.107,-0.114,-0.064,-0.025,-0.015,-0.066,-0.012,-0.089,-0.055,-0.085,-0.050,-0.069,-0.056,-0.104,-0.054,-0.055,-0.012,-0.026,0.024,-0.033,0.003,0.013,0.027,0.028,-0.008,0.022,-0.041,-0.024,0.037,0.012,0.029,0.002,0.013,-0.000,-0.195
7.940,6.210,5.383,5.345,6.741,7.093,7.941,7.490,6.861,7.039,6.967,6.365,5.951,6.717,6.349,6.236,6.437,7.185,6.969,6.775,6.847,7.086,7.238,6.907,6.861,7.341,7.145,7.248,7.182,6.838,6.888,6.936,7.559,7.744,7.570,7.553,7.384,7.302,7.581,7.504,19.425,-0.034,-0.023,0.078,-0.078,0.236,0.552,0.637,0.249,0.087,0.234,0.199,-0.031,-0.075,-0.141,-0.147,-0.091,-0.161,-0.130,0.049,-0.140,-0.086,-0.026,0.094,-0.039,0.068,0.077,0.016,-0.031,0.056,0.029,0.037,0.058,-0.082,-0.052,0.060,0.045,0.014,-0.033,0.036,-0.058,0.052,-0.154,-0.102,-0.025,-0.008,-0.209,-0.210,-0.298,-0.224,-0.131,-0.164,-0.148,-0.056,0.074,-0.082,-0.071,-0.002,0.035,-0.058,-0.107,-0.080,-0.036,-0.056,-0.099,-0.026,0.025,-0.066,-0.047,0.004,-0.003,0.063,0.028,0.031,-0.035,-0.036,0.012,0.013,0.026,0.023,0.011,0.019,-0.290
7.822,6.090,5.697,5.272,6.894,7.579,7.344,6.474,6.117,6.601,6.952,5.900,5.589,5.810,6.213,6.413,6.143,6.342,7.176,6.296,6.784,6.597,6.786,6.728,7.086,7.388,7.385,6.859,7.314,7.035,7.360,7.549,7.308,7.577,7.868,7.555,7.309,7.742,7.441,7.262,19.238,-0.192,-0.010,0.194,0.104,-0.074,-0.091,-0.190,-0.233,-0.214,-0.011,-0.018,-0.025,0.136,-0.094,-0.107,-0.238,-0.066,-0.149,-0.150,-0.125,-0.138,-0.057,-0.051,0.035,0.109,-0.060,-0.053,0.024,0.011,0.034,-0.037,0.028,-0.097,-0.046,0.074,0.008,0.015,-0.052,-0.001,0.003,-0.291,-0.103,-0.102,-0.090,-0.013,-0.222,-0.305,-0.314,-0.178,-0.095,-0.176,-0.158,-0.019,0.071,0.010,-0.029,0.031,0.065,-0.009,-0.109,0.014,-0.005,-0.016,-0.081,-0.013,-0.012,-0.068,-0.078,0.010,-0.035,0.011,0.011,-0.013,0.009,-0.011,-0.048,0.007,0.018,0.012,0.002,0.024,-0.218
7.268,5.605,5.416,5.300,6.201,6.884,7.191,6.352,6.384,6.861,6.773,5.871,6.500,5.731,5.639,6.330,6.419,6.236,6.357,6.420,6.790,6.756,6.896,7.271,7.287,7.373,7.024,6.922,7.101,7.476,7.351,7.515,7.015,7.358,7.476,7.664,7.391,7.306,7.469,7.331,18.713,-0.284,-0.343,0.017,0.087,-0.271,-0.344,-0.385,-0.312,-0.194,-0.249,-0.268,-0.050,0.170,-0.047,-0.104,-0.035,0.059,-0.087,-0.192,-0.031,-0.004,0.016,-0.081,-0.055,-0.001,-0.169,-0.196,0.057,-0.054,0.080,0.067,-0.014,-0.104,-0.086,-0.052,0.039,0.043,0.044,0.005,0.037,-0.467,0.002,-0.026,-0.099,-0.042,-0.180,-0.205,-0.202,-0.061,-0.035,-0.119,-0.071,0.017,-0.007,0.083,0.080,0.068,0.023,0.040,-0.015,0.041,0.012,0.011,-0.027,-0.019,-0.056,-0.032,-0.031,0.012,0.004,-0.034,0.008,-0.025,0.053,0.026,-0.041,-0.006,-0.001,0.031,0.004,0.018,-0.056
7.208,5.884,5.819,5.695,6.116,6.305,6.584,6.142,5.598,6.593,6.365,6.164,6.888,6.485,6.226,5.524,6.717,6.627,6.123,6.593,6.436,6.856,6.700,7.102,7.074,6.937,6.644,7.265,7.032,7.249,7.127,7.202,7.189,7.528,7.724,7.603,7.635,7.369,7.560,7.559,18.020,-0.195,-0.197,-0.170,-0.057,-0.438,-0.485,-0.333,-0.148,-0.066,-0.224,-0.240,-0.009,0.062,0.154,-0.005,-0.002,0.039,0.011,-0.180,0.040,-0.023,0.084,-0.020,-0.085,-0.058,-0.116,-0.209,0.064,-0.017,-0.058,0.043,-0.082,0.029,-0.017,-0.125,0.055,0.056,0.018,0.004,0.019,-0.394,0.072,0.034,-0.138,-0.106,-0.092,-0.057,-0.008,0.058,0.007,-0.022,0.034,-0.015,-0.091,0.027,0.067,0.092,-0.022,0.023,0.038,0.022,0.012,0.005,0.032,-0.006,-0.067,0.019,0.038,-0.030,0.038,-0.030,0.012,0.012,0.072,0.030,-0.023,-0.017,-0.008,0.016,0.012,0.000,0.103
6.826,4.596,5.408,5.570,5.777,6.009,6.394,6.097,6.148,5.800,5.922,5.984,6.151,6.143,5.821,6.504,6.445,6.609,6.538,6.474,6.999,7.035,6.875,6.444,6.861,6.720,6.535,7.331,7.053,7.131,7.340,7.040,7.097,7.336,7.383,7.722,7.435,7.707,7.547,7.539,17.699,-0.023,-0.060,-0.234,-0.210,-0.479,-0.275,-0.300,-0.098,-0.164,-0.256,-0.045,0.045,-0.072,0.152,0.200,0.130,-0.096,-0.012,-0.012,-0.016,-0.083,-0.041,-0.056,-0.072,-0.130,-0.054,-0.060,0.010,0.088,-0.097,0.036,-0.014,0.118,0.064,-0.048,-0.009,-0.010,0.086,0.054,0.024,-0.176,0.113,0.131,-0.057,-0.113,-0.001,0.017,0.022,0.043,-0.038,0.032,0.082,-0.023,-0.078,-0.018,0.026,-0.021,-0.028,-0.006,0.005,-0.025,-0.042,-0.007,0.046,0.036,-0.037,0.026,0.091,-0.042,0.038,-0.004,-0.012,0.038,0.057,0.028,0.029,-0.029,-0.007,-0.012,0.010,-0.003,0.181
7.066,5.612,4.849,4.852,4.916,5.594,6.076,5.860,5.902,6.012,6.177,5.799,6.072,6.372,6.099,6.319,6.326,6.208,6.184,6.470,6.564,6.876,6.698,6.713,7.009,7.134,6.587,6.976,7.252,6.919,7.578,7.377,7.409,7.501,7.290,7.801,7.567,7.632,7.424,7.253,17.774,0.036,0.016,-0.370,-0.275,-0.428,-0.410,-0.273,-0.051,-0.193,-0.118,0.043,-0.147,-0.198,-0.059,0.075,0.138,-0.096,-0.072,-0.049,-0.021,-0.039,-0.003,0.094,0.011,-0.160,-0.024,0.072,-0.102,0.132,-0.029,0.038,0.087,0.150,0.028,-0.044,-0.053,0.001,0.006,0.034,0.012,0.079,0.076,0.076,0.052,-0.020,0.092,0.070,-0.027,-0.008,-0.040,0.031,0.031,-0.003,-0.029,-0.090,-0.063,-0.058,0.016,-0.009,-0.004,-0.032,-0.023,-0.005,0.036,0.023,0.015,0.019,0.081,-0.027,-0.013,0.034,-0.023,0.018,-0.001,-0.005,0.055,-0.015,0.003,0.005,0.015,-0.000,0.148
7.225,5.440,4.730,4.674,4.404,5.862,5.947,6.003,5.413,5.869,6.639,6.279,6.546,6.547,6.704,6.584,6.135,6.387,6.265,6.401,6.310,6.543,6.618,7.104,6.670,7.004,6.752,7.116,7.432,7.155,7.303,7.359,7.496,7.694,7.453,7.519,7.376,7.604,7.805,7.602,17.954,0.164,0.207,-0.165,-0.370,-0.281,-0.296,-0.304,-0.147,-0.320,-0.140,-0.000,-0.098,-0.088,-0.029,-0.015,-0.212,-0.014,-0.078,-0.233,-0.127,-0.204,0.024,0.092,0.077,-0.136,-0.084,0.118,-0.071,0.059,0.044,0.007,0.090,0.118,0.031,0.053,-0.052,0.037,-0.011,0.042,0.026,0.203,-0.013,0.016,0.122,0.066,0.158,0.075,-0.013,-0.005,0.070,0.048,-0.025,0.039,0.013,-0.091,-0.130,-0.076,0.042,0.007,-0.015,-0.015,0.010,0.020,0.009,-0.015,0.083,0.022,0.025,-0.012,-0.062,0.022,-0.037,-0.031,-0.048,-0.022,0.030,-0.005,0.005,-0.002,-0.008,-0.010,0.025
7.190,5.541,4.306,4.766,4.661,4.326,5.444,5.934,4.999,5.971,6.223,5.283,5.698,5.986,6.160,6.174,6.393,6.376,6.015,6.526,6.586,7.087,7.297,6.827,6.368,6.677,6.894,6.863,7.503,7.093,7.336,7.477,7.738,7.489,7.468,7.437,7.671,7.451,7.599,7.585,18.286,0.092,0.050,0.057,-0.075,-0.079,-0.124,-0.465,-0.163,-0.187,-0.127,-0.110,0.046,-0.077,-0.208,-0.214,-0.118,0.077,-0.001,-0.089,-0.066,-0.076,0.024,0.087,-0.043,0.022,-0.005,0.106,-0.029,-0.067,0.040,-0.058,-0.043,0.024,-0.024,0.101,0.003,0.046,0.090,0.084,0.016,0.156,-0.095,0.030,0.228,0.199,0.189,0.132,0.064,0.026,0.141,0.055,-0.025,0.068,0.035,-0.018,-0.060,-0.032,0.007,0.024,0.037,0.017,0.035,-0.034,-0.063,-0.041,0.097,0.050,-0.017,-0.006,-0.056,0.003,-0.038,-0.055,-0.071,-0.003,0.009,0.004,-0.028,-0.004,-0.015,-0.005,-0.144
7.586,5.666,4.853,3.763,4.497,5.165,5.192,5.325,5.001,5.121,5.898,5.753,5.900,6.192,5.715,5.516,6.343,6.136,5.456,5.813,5.966,7.048,7.036,6.774,6.502,6.527,6.973,7.033,7.224,7.264,7.497,7.440,7.525,7.499,7.561,7.643,7.569,7.745,7.670,7.505,18.459,-0.114,0.004,0.161,0.022,0.134,-0.046,-0.267,-0.065,0.182,-0.010,-0.095,0.145,-0.069,-0.227,-0.304,-0.121,0.027,-0.010,-0.065,-0.067,-0.014,0.044,-0.008,-0.119,0.197,0.046,0.048,-0.087,-0.120,-0.022,-0.102,-0.102,-0.059,-0.021,0.029,-0.063,-0.008,0.035,-0.013,-0.028,-0.088,-0.193,0.046,0.219,0.290,0.168,0.064,0.141,0.029,0.144,0.064,-0.040,-0.020,-0.012,0.019,0.048,0.049,-0.046,0.024,0.097,0.078,0.098,-0.053,-0.058,-0.032,0.031,0.049,-0.029,-0.006,0.000,-0.001,-0.024,-0.029,-0.053,-0.002,-0.023,-0.003,-0.034,-0.020,-0.022,-0.003,-0.240
7.344,5.748,5.074,4.932,4.472,5.323,4.130,5.382,5.172,5.751,5.999,6.292,6.008,5.507,5.525,6.262,6.607,6.326,6.145,6.436,6.358,6.744,6.922,6.663,7.201,7.348,7.009,6.872,7.020,7.067,7.189,7.121,7.516,7.478,7.740,7.754,7.701,8.012,7.913,7.379,18.302,-0.299,0.266,0.608,0.523,0.311,0.124,0.031,0.036,0.262,0.093,-0.036,0.074,-0.032,-0.051,-0.080,-0.066,-0.083,0.012,0.052,0.032,0.039,-0.184,-0.169,-0.093,0.160,0.161,0.022,-0.121,-0.056,0.020,-0.099,-0.095,-0.119,0.041,0.013,-0.027,-0.118,-0.036,-0.013,0.013,-0.494,-0.105,0.065,0.115,0.165,0.089,-0.020,0.149,0.017,0.043,0.001,-0.074,-0.108,-0.051,0.076,0.125,0.018,-0.043,0.008,0.054,0.053,0.067,-0.013,-0.023,0.020,-0.073,0.008,-0.018,-0.005,0.037,0.012,0.027,0.019,-0.004,0.014,-0.031,-0.004,-0.025,-0.035,-0.020,-0.004,-0.151
6.577,5.358,5.150,4.703,5.171,5.133,5.271,5.955,6.237,5.929,6.274,6.497,6.048,5.649,5.503,5.937,6.161,6.362,5.874,6.114,6.352,6.935,6.765,6.589,7.237,6.898,6.934,6.675,7.075,7.058,6.866,7.027,7.313,7.595,7.463,7.045,7.319,7.498,7.585,7.566,17.506,-0.605,0.327,0.654,0.782,0.364,-0.102,0.153,-0.100,0.176,0.070,-0.239,-0.211,-0.172,-0.013,0.156,0.006,-0.163,0.036,0.179,0.213,0.228,-0.140,-0.068,-0.057,-0.051,0.078,0.017,-0.057,0.056,0.049,-0.091,-0.028,-0.073,-0.012,-0.018,-0.052,-0.049,-0.047,-0.019,0.013,-0.670,0.090,-0.005,-0.069,-0.022,-0.047,-0.045,0.000,-0.015,-0.069,-0.072,-0.074,-0.118,-0.062,0.056,0.111,0.022,0.030,0.000,0.025,0.021,0.033,0.039,0.019,0.053,-0.099,-0.008,-0.008,0.031,0.034,0.015,0.062,0.046,0.041,0.005,-0.010,0.031,0.024,0.006,0.016,-0.012,0.094
6.201,7.026,7.195,6.913,5.881,4.965,5.558,5.799,5.691,6.032,5.854,5.279,5.463,6.001,5.867,5.636,6.070,6.326,6.068,6.537,6.587,6.223,6.587,6.453,6.803,7.297,7.023,6.435,7.297,7.296,7.159,7.210,7.250,7.647,7.582,7.599,7.208,7.393,7.577,7.617,16.292,-0.189,0.214,0.384,0.369,0.250,-0.197,0.070,-0.061,0.030,-0.160,-0.407,-0.315,-0.279,0.066,0.182,-0.090,-0.041,0.016,0.058,0.059,0.140,0.053,-0.000,0.026,-0.218,0.016,0.029,-0.067,0.032,0.065,0.072,0.014,0.013,0.041,-0.029,-0.023,-0.059,-0.044,-0.013,-0.024,-0.308,0.248,-0.167,-0.299,-0.256,-0.150,-0.029,-0.082,0.010,-0.049,-0.045,0.019,-0.003,-0.002,0.010,0.023,0.050,0.053,-0.027,-0.020,-0.047,-0.028,0.109,0.039,0.048,-0.025,-0.041,-0.012,0.066,-0.008,-0.023,0.045,0.043,0.036,-0.015,-0.002,0.012,0.060,0.025,0.024,-0.017,0.337
5.132,6.662,7.062,6.684,5.612,4.834,5.243,4.619,5.621,5.331,4.774,5.203,5.312,5.879,6.323,5.862,5.797,6.316,6.389,6.827,6.993,6.611,6.863,6.595,6.445,6.943,7.052,6.969,7.364,7.393,7.060,7.253,7.294,7.354,7.548,7.462,7.572,7.820,7.745,7.449,16.115,0.279,0.006,-0.070,-0.010,-0.072,-0.108,-0.286,-0.090,-0.046,-0.242,-0.281,-0.253,-0.255,-0.005,0.119,0.001,0.157,-0.010,0.055,0.023,0.100,0.119,0.003,0.086,-0.109,0.079,0.006,0.039,0.006,0.030,0.123,0.072,0.078,0.002,0.000,0.090,0.080,0.067,0.070,-0.070,0.287,0.298,-0.169,-0.291,-0.275,-0.172,0.027,-0.033,0.072,-0.024,0.014,0.139,0.109,0.096,0.017,-0.056,0.063,0.038,-0.027,-0.059,-0.094,-0.080,0.073,0.019,0.020,0.069,-0.026,-0.017,0.046,-0.031,-0.041,0.005,0.024,-0.002,-0.016,-0.009,0.001,0.038,-0.001,0.007,0.013,0.365
7.119,6.168,6.036,5.785,5.501,4.489,4.494,5.746,5.631,5.247,4.717,5.362,4.980,5.721,6.023,5.848,6.582,6.429,6.175,6.376,6.737,7.173,6.871,6.792,6.505,7.407,7.097,6.388,7.036,7.226,7.453,7.077,7.591,7.801,7.554,7.428,7.279,7.633,7.766,7.318,17.455,0.498,-0.408,-0.523,-0.361,-0.221,-0.019,-0.161,0.083,0.129,0.025,0.080,0.077,-0.001,-0.004,0.052,0.185,0.021,-0.100,0.015,-0.107,-0.038,0.233,-0.008,0.076,0.064,-0.042,-0.033,0.160,-0.069,-0.084,0.018,0.072,-0.014,-0.041,-0.005,-0.038,0.120,0.031,0.065,-0.030,0.714,0.071,-0.086,-0.120,-0.121,-0.114,0.039,0.032,-0.013,-0.039,0.063,0.159,0.090,0.115,-0.027,-0.085,0.056,-0.025,0.008,-0.020,-0.052,-0.050,-0.020,0.011,-0.001,0.098,-0.027,-0.025,0.027,-0.009,-0.024,-0.049,0.003,-0.030,-0.017,-0.019,-0.017,0.021,-0.012,-0.017,0.042,0.138
7.514,5.816,5.382,5.220,5.003,4.829,4.373,5.531,6.037,5.113,5.440,5.192,5.015,5.766,6.018,5.837,6.689,6.262,6.098,6.308,6.778,7.053,6.637,6.848,6.843,7.239,6.928,6.892,7.238,7.244,7.332,7.452,7.532,7.529,7.479,7.582,7.684,7.714,7.841,7.365,18.361,0.539,-0.205,-0.350,-0.225,-0.260,-0.053,0.103,0.191,0.007,0.047,0.212,0.137,0.169,0.106,-0.059,0.184,-0.006,-0.043,-0.093,-0.171,-0.082,0.136,0.032,0.020,0.154,-0.020,-0.038,0.058,-0.048,-0.082,-0.038,0.060,-0.071,-0.052,-0.077,-0.037,0.050,-0.090,-0.020,0.081,0.643,-0.142,0.041,0.066,-0.025,-0.028,0.017,0.078,-0.036,-0.063,0.056,0.076,0.026,0.057,-0.029,-0.051,0.003,-0.039,0.057,0.009,-0.015,-0.042,-0.073,0.010,-0.031,0.028,-0.017,-0.002,-0.034,0.012,0.013,-0.047,-0.029,-0.029,0.008,-0.010,-0.036,-0.033,-0.030,-0.044,0.028,-0.157
7.501,5.409,5.419,5.838,5.080,4.870,5.188,5.757,6.130,6.265,5.923,5.669,5.606,6.038,6.282,6.571,5.730,5.854,6.287,6.260,6.504,7.166,6.660,6.708,6.925,6.938,6.918,7.276,7.013,6.948,7.115,7.473,7.063,7.356,7.593,7.351,7.753,7.598,7.854,7.510,18.739,0.034,-0.110,-0.076,-0.129,-0.226,-0.029,0.035,-0.265,-0.194,0.011,0.144,-0.062,0.083,-0.123,-0.154,0.097,-0.087,0.073,0.030,-0.106,-0.020,-0.055,0.040,0.054,0.138,-0.068,-0.075,0.057,0.016,0.001,-0.090,0.034,-0.062,-0.017,-0.085,-0.047,0.062,-0.024,-0.052,0.111,0.205,-0.240,0.139,0.169,0.055,0.092,0.083,0.063,-0.022,-0.030,0.040,0.009,0.010,0.016,-0.004,0.027,-0.047,0.047,0.079,0.058,0.072,0.015,-0.073,0.028,0.005,-0.005,0.052,0.058,-0.015,0.062,0.075,0.032,0.001,0.048,0.062,0.073,0.081,0.020,0.032,-0.001,0.023,-0.335
7.639,6.018,5.622,5.531,4.522,4.378,5.413,5.569,5.409,5.057,5.233,5.734,5.843,6.249,5.897,6.420,6.192,6.386,5.869,6.028,6.699,7.296,7.129,6.737,7.005,7.076,6.953,6.815,7.137,7.122,7.039,7.355,7.204,7.317,7.142,7.315,7.585,7.387,7.598,7.760,18.687,-0.197,0.061,0.035,-0.253,-0.210,-0.017,0.006,-0.094,-0.201,0.045,0.067,-0.055,-0.014,-0.089,-0.032,0.061,0.017,0.190,0.092,-0.053,-0.117,-0.102,0.028,-0.056,-0.005,0.010,0.016,-0.079,0.024,0.053,-0.058,-0.056,-0.044,0.032,-0.011,-0.085,-0.056,-0.054,-0.090,0.002,-0.245,-0.192,0.140,0.191,0.169,0.264,0.233,0.137,0.126,0.158,0.160,0.099,0.148,0.097,0.120,0.173,0.032,0.116,0.085,0.156,0.191,0.106,0.038,0.088,0.110,0.064,0.136,0.165,0.133,0.135,0.135,0.142,0.096,0.143,0.143,0.229,0.243,0.170,0.153,0.121,0.081,-0.288
7.226,5.519,5.537,4.986,4.612,4.570,4.149,4.402,4.976,5.330,5.541,4.779,4.980,4.866,5.316,6.042,6.396,6.732,6.437,5.986,6.678,6.774,6.823,7.116,7.113,7.148,6.707,6.712,7.167,7.291,7.147,7.297,7.444,7.823,7.297,7.326,7.638,7.675,7.628,7.674,18.318,-0.336,0.156,0.131,-0.074,0.213,0.376,0.205,0.118,0.085,0.226,0.196,0.221,0.168,0.073,0.174,0.011,0.243,0.181,0.214,0.191,0.056,-0.011,0.133,0.141,0.119,0.201,0.228,0.154,0.205,0.224,0.189,0.135,0.211,0.229,0.329,0.394,0.271,0.174,0.094,0.123,-0.518,-0.008,0.124,0.158,0.257,0.294,0.269,0.232,0.227,0.239,0.156,0.133,0.241,0.194,0.246,0.197,0.081,0.107,0.025,0.121,0.181,0.125,0.112,0.098,0.128,0.100,0.126,0.165,0.162,0.111,0.092,0.146,0.115,0.133,0.107,0.223,0.269,0.193,0.134,0.132,0.096,-0.083
6.664,6.065,5.499,4.380,4.186,4.892,4.924,5.736,5.607,5.808,5.967,5.364,5.260,5.908,6.340,6.404,6.442,6.774,6.483,6.180,6.107,6.740,6.696,6.363,6.722,7.182,7.115,6.781,7.280,7.337,7.026,7.261,7.121,7.457,7.571,7.170,7.460,7.406,7.504,7.291,17.344,-0.234,0.361,0.504,0.594,0.842,0.908,0.706,0.631,0.656,0.738,0.680,0.733,0.608,0.605,0.643,0.388,0.408,0.326,0.595,0.635,0.410,0.304,0.425,0.528,0.482,0.525,0.635,0.673,0.535,0.484,0.533,0.491,0.508,0.541,0.861,0.959,0.797,0.577,0.510,0.480,-0.435,0.091,0.054,0.098,0.263,0.210,0.178,0.186,0.151,0.203,0.091,0.110,0.180,0.182,0.201,0.136,0.113,0.068,0.038,0.095,0.149,0.165,0.116,0.089,0.133,0.115,0.067,0.098,0.149,0.077,0.068,0.123,0.124,0.125,0.089,0.118,0.156,0.123,0.112,0.122,0.108,0.118
6.308,6.167,6.136,6.046,6.314,6.495,6.455,6.261,6.457,7.020,6.538,6.958,6.738,6.574,6.929,6.632,6.822,6.565,7.050,7.140,7.081,7.389,7.542,7.600,7.660,7.889,7.976,8.061,7.967,7.960,8.065,8.196,8.158,8.429,9.024,9.392,9.171,8.458,8.371,8.361,16.818,0.012,0.361,0.482,0.733,0.719,0.853,0.844,0.507,0.573,0.446,0.502,0.751,0.740,0.762,0.496,0.339,0.251,0.128,0.385,0.454,0.343,0.304,0.332,0.402,0.393,0.303,0.440,0.489,0.318,0.244,0.342,0.337,0.327,0.263,0.593,0.776,0.600,0.328,0.308,0.351,-0.113,0.095,-0.034,-0.016,0.051,-0.094,-0.071,0.001,0.031,0.044,-0.053,-0.011,-0.041,-0.015,0.026,0.004,0.072,-0.017,0.039,-0.019,0.006,0.053,-0.002,-0.016,-0.014,-0.006,-0.068,-0.056,-0.023,-0.043,-0.021,-0.007,0.007,0.012,-0.014,-0.109,-0.155,-0.129,-0.033,0.002,-0.014,0.178
6.927,7.497,7.842,7.972,7.883,7.957,7.789,7.794,7.947,7.902,8.132,8.309,8.005,8.421,8.307,8.066,8.021,8.100,8.539,8.625,8.547,8.508,8.897,9.135,9.143,9.330,9.493,9.503,9.410,9.206,9.246,9.360,9.387,9.721,10.586,11.075,10.802,9.881,9.776,9.814,17.262,0.085,0.230,0.352,0.660,0.587,0.632,0.618,0.464,0.572,0.389,0.466,0.581,0.612,0.571,0.485,0.463,0.352,0.409,0.483,0.558,0.565,0.320,0.376,0.480,0.434,0.292,0.400,0.500,0.351,0.385,0.483,0.462,0.520,0.460,0.448,0.504,0.392,0.427,0.411,0.428,0.140,0.002,-0.149,-0.170,-0.227,-0.322,-0.298,-0.242,-0.157,-0.183,-0.219,-0.217,-0.278,-0.268,-0.230,-0.172,-0.101,-0.152,-0.078,-0.210,-0.207,-0.160,-0.162,-0.151,-0.191,-0.188,-0.221,-0.241,-0.239,-0.193,-0.178,-0.173,-0.166,-0.147,-0.174,-0.347,-0.420,-0.362,-0.205,-0.185,-0.205,0.051
7.153,6.609,6.774,6.855,6.357,7.302,6.934,5.908,6.671,6.514,6.970,7.059,7.305,7.420,6.813,6.905,6.862,6.707,7.333,7.035,7.170,7.409,7.382,7.741,7.868,7.592,7.720,7.795,7.692,7.577,7.745,7.930,7.944,8.006,8.754,9.253,8.969,8.077,8.034,8.168,17.794,-0.022,0.053,0.128,0.149,-0.130,0.157,0.251,0.356,0.347,0.136,0.250,0.091,0.093,0.219,0.270,0.333,0.188,0.335,0.172,0.259,0.242,-0.030,0.079,0.097,0.115,-0.021,0.064,0.124,0.083,0.168,0.180,0.183,0.262,0.199,-0.010,-0.156,-0.174,0.086,0.155,0.081,0.084,-0.093,-0.184,-0.184,-0.283,-0.316,-0.353,-0.353,-0.213,-0.246,-0.197,-0.258,-0.304,-0.342,-0.334,-0.195,-0.167,-0.178,-0.135,-0.246,-0.239,-0.226,-0.197,-0.168,-0.194,-0.203,-0.192,-0.227,-0.238,-0.195,-0.200,-0.194,-0.195,-0.198,-0.197,-0.313,-0.384,-0.313,-0.197,-0.199,-0.224,-0.139
6.669,6.994,6.942,7.273,7.099,7.649,7.777,8.234,8.360,8.008,8.079,8.220,8.036,8.338,8.822,8.584,8.184,8.748,8.758,9.022,8.887,8.330,8.654,8.691,8.788,8.789,9.240,9.415,9.171,9.452,9.600,9.704,9.830,9.967,9.946,9.761,9.523,9.732,9.728,9.529,17.555,-0.209,-0.230,-0.171,-0.246,-0.344,-0.234,-0.209,-0.078,-0.144,-0.204,-0.279,-0.330,-0.407,-0.271,-0.105,-0.111,-0.319,-0.165,-0.347,-0.300,-0.340,-0.341,-0.204,-0.273,-0.321,-0.418,-0.381,-0.342,-0.315,-0.369,-0.249,-0.263,-0.195,-0.295,-0.572,-0.677,-0.624,-0.328,-0.340,-0.412,-0.281,-0.103,-0.165,-0.167,-0.247,-0.247,-0.308,-0.319,-0.301,-0.329,-0.225,-0.272,-0.271,-0.274,-0.313,-0.271,-0.253,-0.199,-0.271,-0.291,-0.278,-0.281,-0.190,-0.199,-0.225,-0.213,-0.175,-0.220,-0.251,-0.211,-0.258,-0.269,-0.257,-0.289,-0.273,-0.245,-0.266,-0.213,-0.238,-0.244,-0.224,-0.226
6.326,6.684,7.224,7.140,6.055,7.435,7.718,7.821,7.984,7.649,7.814,7.458,7.186,7.709,8.024,8.038,7.683,7.919,7.803,8.235,8.119,7.326,8.060,8.308,8.412,8.055,8.424,8.727,8.502,8.675,8.790,8.940,9.248,9.300,9.292,9.270,8.941,8.961,9.170,8.906,17.093,-0.306,-0.326,-0.178,-0.229,-0.397,-0.481,-0.510,-0.286,-0.301,-0.241,-0.414,-0.312,-0.463,-0.488,-0.182,-0.210,-0.306,-0.258,-0.430,-0.310,-0.333,-0.351,-0.216,-0.192,-0.244,-0.300,-0.306,-0.279,-0.323,-0.380,-0.261,-0.278,-0.304,-0.345,-0.464,-0.553,-0.457,-0.282,-0.313,-0.350,-0.600,-0.016,-0.081,-0.124,-0.131,-0.056,-0.148,-0.185,-0.221,-0.247,-0.135,-0.158,-0.124,-0.079,-0.162,-0.170,-0.179,-0.085,-0.181,-0.140,-0.134,-0.113,-0.035,-0.111,-0.126,-0.092,-0.035,-0.071,-0.106,-0.087,-0.110,-0.152,-0.140,-0.177,-0.153,-0.059,-0.041,-0.027,-0.105,-0.114,-0.061,-0.102
6.297,6.308,6.760,6.598,6.316,6.721,6.354,6.448,6.569,6.315,6.315,6.462,6.030,6.924,7.178,6.943,6.014,6.667,6.571,6.525,6.372,6.845,7.537,7.484,7.267,7.009,7.234,7.325,7.430,6.811,7.479,7.539,7.762,7.597,7.456,7.681,7.695,7.797,7.507,7.384,16.209,-0.286,-0.407,-0.327,-0.388,-0.515,-0.591,-0.595,-0.719,-0.750,-0.546,-0.562,-0.573,-0.482,-0.642,-0.642,-0.530,-0.396,-0.651,-0.671,-0.546,-0.553,-0.471,-0.472,-0.503,-0.453,-0.443,-0.516,-0.555,-0.500,-0.633,-0.644,-0.593,-0.643,-0.635,-0.552,-0.629,-0.531,-0.579,-0.573,-0.479,-0.648,0.114,0.037,-0.062,-0.035,0.018,0.025,0.016,-0.018,-0.031,-0.000,0.023,0.000,0.104,0.046,-0.012,-0.028,0.075,0.032,0.076,0.073,0.095,0.101,-0.008,0.010,0.046,0.104,0.091,0.054,0.058,0.115,0.025,0.033,0.013,0.025,0.124,0.146,0.114,0.032,0.068,0.109,0.166
5.807,5.322,5.976,6.049,4.766,5.359,5.097,5.372,6.062,6.157,5.782,6.376,5.994,5.686,6.724,6.676,6.418,6.459,6.277,6.733,6.760,6.398,6.861,7.386,7.409,6.981,7.195,7.443,6.948,6.997,7.501,7.625,7.455,7.465,7.680,7.527,7.600,7.636,7.578,7.489,15.467,-0.061,-0.263,-0.413,-0.435,-0.324,-0.403,-0.482,-0.431,-0.586,-0.370,-0.400,-0.408,-0.266,-0.404,-0.311,-0.353,-0.197,-0.326,-0.367,-0.288,-0.215,-0.138,-0.340,-0.419,-0.280,-0.181,-0.222,-0.299,-0.260,-0.250,-0.381,-0.352,-0.396,-0.397,-0.315,-0.385,-0.354,-0.316,-0.298,-0.191,-0.240,0.206,0.096,-0.030,0.015,0.113,0.131,0.160,0.141,0.145,0.072,0.088,0.046,0.138,0.190,0.074,0.036,0.056,0.116,0.176,0.108,0.121,0.147,0.068,0.084,0.067,0.098,0.106,0.088,0.110,0.171,0.118,0.090,0.109,0.095,0.131,0.170,0.118,0.063,0.117,0.132,0.368
5.500,5.643,5.928,5.880,5.171,5.733,6.111,5.862,5.571,6.024,6.283,5.894,6.222,6.138,6.259,6.615,6.839,6.224,6.164,7.043,6.802,6.437,6.895,6.638,7.024,7.109,7.276,7.285,7.449,7.127,7.027,7.397,7.509,7.710,7.992,7.486,7.538,7.501,7.661,7.845,15.126,0.240,-0.079,-0.361,-0.316,-0.291,-0.146,-0.144,-0.094,-0.159,-0.141,-0.171,-0.282,0.013,-0.084,-0.098,-0.181,-0.000,0.029,0.002,0.056,0.075,0.059,-0.181,-0.110,-0.071,0.043,0.032,-0.061,-0.058,0.140,-0.065,-0.061,-0.085,-0.144,-0.026,-0.032,-0.107,-0.149,-0.010,0.051,0.369,0.179,0.070,0.007,0.064,0.145,0.084,0.150,0.203,0.293,0.153,0.122,0.145,0.107,0.199,0.140,0.073,0.018,0.145,0.204,0.119,0.107,0.130,0.129,0.154,0.095,0.101,0.115,0.109,0.119,0.179,0.193,0.141,0.153,0.142,0.115,0.166,0.132,0.104,0.146,0.114,0.359
6.417,5.702,5.576,5.324,5.009,5.914,5.429,5.959,5.554,5.944,5.831,5.701,5.761,6.080,6.927,6.437,6.285,6.509,6.172,6.538,6.829,6.840,6.683,6.634,7.132,7.103,7.295,7.252,7.194,7.267,7.111,7.251,7.393,7.257,7.451,7.442,7.251,7.528,7.603,7.720,16.433,0.463,-0.011,-0.311,-0.191,0.058,-0.050,0.063,0.109,0.128,-0.083,-0.170,-0.227,-0.020,0.181,-0.082,-0.206,-0.225,-0.020,0.113,-0.069,-0.042,0.117,-0.023,0.033,-0.099,-0.053,-0.047,-0.088,0.006,0.088,0.038,-0.091,-0.037,-0.118,-0.073,-0.001,-0.077,-0.182,-0.008,0.044,0.732,0.030,0.011,0.040,0.089,0.109,0.002,0.090,0.115,0.202,0.095,0.100,0.134,0.028,0.066,0.017,0.037,-0.012,0.023,0.080,0.049,0.008,0.023,0.098,0.086,0.045,0.037,0.012,0.034,0.055,0.042,0.100,0.079,0.084,0.101,0.052,0.079,0.087,0.059,0.077,0.035,0.111
7.189,5.723,5.154,5.380,4.741,5.713,5.467,5.684,6.031,5.715,5.436,5.391,6.212,6.307,6.588,6.158,6.079,6.788,6.636,6.901,6.713,6.920,6.718,7.309,7.050,7.164,7.343,7.113,7.014,7.374,7.349,7.421,7.369,6.980,7.442,7.562,7.333,7.109,7.445,7.525,17.571,0.348,-0.182,-0.345,-0.188,0.022,-0.349,-0.118,0.026,0.360,0.078,-0.068,0.063,-0.072,0.059,-0.059,-0.238,-0.293,-0.080,0.109,-0.063,-0.102,0.050,0.015,0.040,-0.066,-0.003,-0.027,-0.116,-0.036,0.092,0.111,-0.019,-0.056,-0.062,-0.100,0.007,-0.009,-0.128,0.013,-0.025,0.662,-0.122,-0.004,0.090,0.044,0.070,0.000,-0.009,0.011,-0.003,0.023,0.080,0.114,-0.022,-0.077,-0.025,0.048,0.023,-0.032,-0.040,-0.019,-0.031,-0.039,0.042,-0.004,0.027,0.009,-0.025,0.000,0.001,-0.062,0.006,0.030,0.022,0.067,0.024,0.001,0.038,0.076,0.020,-0.017,-0.172
7.275,5.228,4.810,5.343,5.269,5.122,5.736,6.005,6.471,5.898,5.353,5.491,5.897,6.507,6.150,5.877,5.671,6.078,6.606,6.460,6.592,6.740,6.832,7.214,6.900,6.688,6.925,7.089,7.197,7.312,7.527,7.155,7.341,7.240,7.592,7.485,7.317,6.923,7.644,7.867,17.904,0.034,-0.159,-0.221,-0.054,0.063,-0.290,-0.043,0.085,0.164,-0.006,0.047,0.090,-0.085,-0.146,-0.245,-0.137,-0.113,-0.155,-0.022,0.016,-0.084,-0.021,0.052,-0.062,-0.060,0.028,-0.131,-0.103,0.006,-0.018,0.031,0.020,0.011,0.065,-0.016,-0.010,0.034,-0.034,0.078,0.021,0.169,-0.195,0.041,0.124,0.030,-0.021,0.060,-0.041,-0.039,-0.139,-0.050,0.027,0.018,0.014,-0.142,-0.016,0.093,0.105,0.024,-0.068,-0.004,0.009,-0.040,0.004,-0.022,0.028,0.024,0.007,0.021,-0.031,-0.065,-0.031,0.028,0.006,0.049,0.048,0.007,0.014,0.110,-0.009,-0.023,-0.301
6.812,4.968,4.587,4.931,5.149,4.384,5.366,5.968,6.910,6.436,6.183,6.314,5.795,6.218,6.352,5.706,5.683,6.040,6.494,6.768,6.410,6.735,6.894,6.547,6.808,7.303,7.324,6.785,7.269,7.565,7.377,7.349,7.253,7.407,7.421,7.502,7.461,7.164,7.706,7.649,17.703,-0.157,-0.026,0.044,-0.164,0.057,-0.025,-0.136,-0.027,-0.190,-0.065,0.122,0.131,-0.066,-0.306,-0.142,0.026,0.057,-0.063,-0.131,-0.080,-0.058,-0.065,-0.010,-0.084,0.044,0.049,-0.050,-0.053,-0.053,-0.118,-0.034,0.034,0.003,0.101,0.066,-0.022,0.027,0.158,0.049,-0.024,-0.210,-0.107,0.088,0.155,0.055,-0.033,0.121,-0.030,-0.063,-0.156,-0.083,-0.062,-0.102,0.021,-0.058,0.000,0.098,0.090,0.033,-0.051,-0.024,0.032,-0.017,-0.012,0.005,0.030,-0.019,0.024,0.063,-0.018,-0.042,-0.025,0.017,0.004,0.010,0.044,0.005,0.014,0.094,-0.016,0.008,-0.215
6.774,5.287,4.754,5.277,5.122,5.130,5.266,6.244,5.933,5.554,5.692,5.691,5.547,5.396,5.819,5.976,5.917,6.110,6.134,6.684,6.560,6.829,6.852,6.706,6.954,7.171,6.648,6.903,7.098,7.083,7.254,7.389,7.507,7.367,7.382,7.423,7.357,7.332,7.861,7.761,17.212,-0.258,0.116,0.117,-0.055,-0.064,0.087,-0.134,-0.060,-0.291,-0.263,-0.131,-0.171,0.047,-0.346,-0.119,0.125,0.126,0.090,-0.105,-0.079,-0.021,-0.026,0.011,-0.017,-0.017,0.039,-0.001,-0.016,-0.139,-0.130,-0.046,0.020,-0.037,0.047,0.083,0.049,-0.024,0.225,-0.073,-0.072,-0.339,0.022,0.054,0.110,0.058,-0.053,0.066,-0.033,-0.083,-0.031,-0.014,-0.058,-0.099,-0.012,0.081,0.055,0.035,0.010,-0.001,-0.000,-0.017,0.025,-0.009,-0.016,0.021,0.009,-0.033,0.043,0.064,0.017,0.017,-0.003,0.011,-0.007,-0.033,0.002,0.019,0.032,0.034,-0.009,0.021,-0.000
6.652,5.563,5.404,4.594,5.098,5.585,5.024,5.429,5.348,5.561,5.876,5.947,6.059,5.331,6.045,6.238,6.242,6.455,6.217,6.388,6.437,6.551,6.657,7.141,7.244,7.168,7.231,6.940,6.800,6.897,7.316,7.472,7.302,7.419,7.879,7.483,7.449,7.696,7.583,7.456,16.864,-0.040,0.122,0.260,0.086,-0.077,0.068,-0.222,-0.215,-0.193,-0.211,-0.290,-0.319,-0.033,-0.133,-0.120,0.119,0.039,-0.037,-0.102,-0.134,0.028,-0.030,-0.026,0.044,0.062,-0.101,0.027,0.155,-0.054,-0.062,0.028,0.065,-0.013,-0.002,0.073,0.003,0.091,0.214,0.007,0.060,-0.159,0.104,0.015,0.023,0.085,-0.024,-0.007,0.022,-0.050,0.081,0.051,0.002,-0.033,-0.045,0.180,0.059,-0.032,-0.041,-0.038,0.044,0.035,0.012,0.010,-0.013,-0.016,-0.033,-0.035,0.003,0.024,0.062,0.071,0.011,-0.008,0.004,-0.034,-0.041,0.017,0.032,-0.054,0.017,0.034,0.155
6.067,5.508,4.987,5.237,4.973,4.958,5.236,5.975,5.798,5.021,4.854,4.820,5.998,5.220,5.710,6.238,6.023,6.319,6.219,6.257,6.475,6.705,7.006,6.830,6.600,6.952,6.965,6.933,6.734,6.995,7.326,7.192,7.130,7.470,7.776,7.739,7.202,7.783,7.338,7.605,16.630,0.085,0.038,0.223,0.113,-0.132,-0.005,-0.163,-0.236,0.011,-0.002,-0.037,-0.179,-0.158,0.175,0.021,-0.008,-0.056,-0.175,-0.038,-0.043,0.000,-0.083,-0.020,-0.021,-0.025,-0.062,0.044,0.114,0.094,0.041,-0.015,0.059,-0.015,-0.048,-0.011,0.073,0.163,0.110,0.054,0.085,0.143,0.117,-0.012,-0.043,0.010,0.047,-0.002,0.081,0.005,0.109,0.129,0.083,0.090,-0.017,0.185,0.053,-0.066,-0.026,-0.047,0.035,0.044,-0.028,0.020,-0.010,-0.035,-0.031,-0.018,-0.035,-0.034,0.066,0.049,-0.006,-0.029,0.015,-0.013,-0.040,-0.000,0.023,-0.090,0.028,0.012,0.180
6.964,5.467,5.772,5.382,4.837,4.810,4.273,5.029,6.013,5.649,5.149,5.156,5.402,5.643,5.805,6.173,5.826,5.749,5.943,6.311,6.591,6.646,6.687,6.706,7.294,6.906,7.300,7.545,7.183,7.297,7.479,7.772,7.375,7.347,7.590,7.360,7.993,8.007,8.002,8.029,17.201,0.193,0.087,0.108,0.176,-0.029,-0.016,-0.010,-0.191,0.062,0.059,0.087,-0.031,-0.191,0.333,0.084,-0.068,-0.054,-0.122,0.058,0.075,-0.008,0.015,-0.058,-0.165,-0.119,-0.077,-0.058,0.004,0.143,0.151,0.003,-0.024,0.012,-0.024,-0.093,0.051,0.094,-0.053,0.070,0.066,0.322,0.022,-0.017,-0.120,-0.058,0.082,0.045,0.162,0.111,0.056,0.089,0.043,0.111,0.079,0.065,0.027,-0.078,-0.003,0.020,0.034,0.023,-0.055,0.024,0.010,-0.000,-0.033,0.022,-0.056,-0.102,-0.002,-0.003,-0.034,-0.068,0.010,0.009,-0.018,-0.012,-0.039,-0.069,-0.014,-0.040,0.069
7.046,5.527,5.684,5.451,4.591,5.493,4.828,5.263,5.656,5.499,5.872,5.189,5.083,6.114,6.043,5.968,5.846,5.589,6.083,6.510,6.484,6.365,6.738,6.818,6.806,6.993,6.833,7.170,7.374,7.088,7.099,7.535,7.394,7.162,7.472,7.847,7.901,7.724,7.922,7.898,17.758,0.210,0.074,-0.024,-0.049,0.144,0.122,0.163,-0.048,0.126,0.247,0.098,0.134,0.043,0.346,0.045,-0.112,0.041,-0.104,-0.008,0.037,-0.142,0.054,-0.021,-0.089,-0.083,-0.065,-0.132,-0.112,0.093,0.010,-0.063,-0.081,0.027,-0.006,-0.032,0.024,0.090,-0.093,0.036,-0.014,0.320,-0.044,0.002,-0.099,-0.058,0.083,0.026,0.115,0.151,0.028,0.016,-0.055,0.057,0.108,-0.074,-0.011,-0.035,-0.003,0.069,0.007,-0.017,-0.026,0.031,0.030,0.048,0.028,0.021,-0.022,-0.065,-0.062,-0.038,-0.022,-0.041,0.012,0.014,0.016,-0.032,-0.053,-0.015,-0.037,-0.035,-0.075
7.127,5.988,5.597,5.368,5.145,5.238,5.178,4.829,5.728,5.618,5.803,5.609,5.563,6.547,6.300,6.031,6.059,6.208,6.574,6.636,6.392,6.794,6.503,6.323,6.547,6.763,7.008,6.842,7.192,7.607,7.444,7.182,7.230,7.454,7.565,7.683,7.571,7.458,7.640,7.639,17.911,0.005,0.017,-0.215,-0.124,0.195,0.228,0.424,0.248,0.031,0.110,-0.141,0.081,0.261,0.105,0.000,-0.219,-0.022,0.026,0.051,-0.061,-0.177,0.023,0.025,0.076,-0.075,0.008,-0.165,-0.242,-0.065,-0.063,-0.119,-0.203,0.015,0.021,-0.006,-0.032,-0.067,-0.028,-0.053,-0.089,0.099,-0.094,-0.006,-0.022,-0.026,0.008,-0.047,0.018,0.119,0.005,-0.037,-0.056,-0.014,0.023,-0.136,-0.007,0.018,-0.001,0.063,-0.038,-0.040,0.039,0.005,0.039,0.080,0.061,0.043,0.038,0.011,-0.053,-0.048,-0.016,0.028,0.012,0.001,0.017,-0.032,-0.051,0.032,-0.024,-0.010,-0.136
7.035,5.620,4.955,5.002,5.541,5.353,5.598,5.833,6.568,6.270,5.016,5.261,6.130,6.497,5.688,5.747,6.111,5.570,5.865,6.280,5.864,6.901,6.992,6.576,6.556,6.700,6.453,6.724,7.193,6.891,7.027,7.083,7.337,7.388,7.629,7.698,7.863,7.592,7.697,7.730,17.872,-0.042,0.083,-0.112,-0.027,0.170,0.001,0.196,0.299,0.166,0.053,-0.197,0.048,0.157,-0.079,0.009,-0.106,-0.086,0.095,-0.001,-0.059,-0.047,0.067,0.089,0.100,0.095,0.002,-0.014,-0.086,-0.113,-0.044,-0.062,-0.056,0.043,-0.001,0.028,-0.048,-0.023,0.019,-0.068,-0.012,-0.121,-0.049,0.049,0.115,0.080,-0.041,-0.084,-0.093,-0.046,-0.050,-0.085,0.014,-0.044,-0.094,-0.100,0.028,0.100,0.010,0.056,-0.037,-0.021,0.100,-0.001,0.016,0.035,0.054,0.032,0.075,0.060,-0.023,0.008,0.043,0.072,0.000,0.006,0.002,-0.011,-0.055,0.021,0.003,0.005,-0.101
6.996,5.507,5.062,4.987,5.335,6.021,6.007,5.983,5.711,5.813,4.871,5.523,6.185,5.975,5.985,5.186,5.585,5.888,6.307,6.118,6.017,6.491,6.687,7.209,7.042,7.092,6.665,6.559,6.949,7.082,6.918,6.984,7.479,7.341,7.480,7.277,7.675,7.935,7.848,7.667,17.641,-0.153,0.051,0.043,0.035,-0.001,-0.189,0.063,0.232,0.066,-0.030,-0.046,-0.057,-0.134,-0.133,0.068,0.018,0.006,0.095,-0.136,-0.079,0.139,0.033,0.082,0.142,0.095,0.105,0.074,0.047,-0.019,-0.060,-0.075,0.106,0.066,-0.021,-0.038,-0.076,-0.106,0.050,0.004,0.014,-0.136,0.011,0.083,0.180,0.120,-0.058,-0.055,-0.145,-0.173,-0.043,-0.023,0.114,-0.005,-0.099,-0.012,0.033,0.135,0.047,-0.006,-0.030,0.023,0.072,-0.011,0.002,-0.017,0.006,-0.011,0.061,0.088,0.028,0.030,0.078,0.079,-0.013,0.014,0.006,0.018,-0.017,-0.010,0.023,0.015,-0.018
6.900,6.182,5.391,5.507,5.347,5.106,5.392,6.180,6.497,5.669,5.350,5.472,5.556,6.005,6.244,5.862,5.651,6.226,6.209,6.475,6.436,6.850,7.089,6.875,7.034,6.837,6.934,6.880,6.929,7.130,7.050,7.352,7.483,7.214,7.654,7.812,7.734,7.581,7.477,7.823,17.287,0.045,0.302,0.420,0.274,0.035,-0.091,-0.121,-0.270,-0.140,-0.109,0.120,-0.019,-0.229,-0.034,0.152,0.270,0.076,0.142,-0.098,-0.057,0.199,0.043,0.028,0.051,0.100,0.046,0.126,0.045,-0.046,0.050,0.128,0.126,0.003,0.045,-0.005,-0.008,-0.165,-0.025,0.024,-0.039,-0.068,0.011,0.031,0.103,0.081,-0.009,0.086,-0.045,-0.162,-0.033,0.067,0.150,0.077,0.043,0.067,0.049,0.099,0.077,-0.013,0.063,0.056,-0.013,-0.035,-0.005,-0.011,-0.032,-0.018,0.012,0.070,0.053,0.046,0.085,0.032,-0.001,0.024,0.015,0.024,0.012,-0.014,0.031,0.009,-0.043
6.428,5.962,5.594,5.290,5.238,4.418,5.596,5.813,6.094,5.766,5.407,5.218,5.182,6.126,6.360,6.063,6.321,6.353,5.723,6.142,6.802,6.987,6.865,6.886,6.783,7.220,7.135,6.999,7.227,7.185,7.057,7.575,7.487,7.438,7.363,7.248,7.107,7.712,7.769,7.661,17.527,0.018,0.321,0.419,0.325,-0.030,-0.002,-0.142,-0.333,-0.032,0.077,0.267,0.088,-0.041,0.022,0.093,0.267,0.131,-0.028,-0.050,0.051,0.060,-0.021,0.064,0.015,-0.047,-0.070,0.069,0.134,0.041,0.042,0.176,0.102,-0.030,0.069,0.042,0.037,-0.082,-0.056,0.017,0.000,-0.017,-0.022,-0.023,-0.050,-0.037,0.007,0.108,-0.006,-0.073,0.032,0.089,0.051,0.110,0.143,0.059,0.017,0.007,0.011,-0.002,0.131,0.081,-0.058,-0.037,0.000,-0.009,-0.011,-0.030,-0.012,0.039,0.021,0.040,0.042,-0.016,0.015,0.017,0.028,0.042,0.069,-0.014,-0.009,0.010,-0.139
7.545,6.904,6.789,6.222,5.766,5.700,5.201,4.569,5.677,5.751,5.349,5.317,5.486,6.254,6.261,6.659,6.124,6.047,5.666,5.983,6.467,6.867,7.045,6.992,7.186,6.866,6.849,6.727,6.824,7.088,7.596,7.420,7.348,7.564,7.661,7.672,7.320,7.577,7.857,7.536,17.588,-0.072,0.101,0.215,0.234,0.142,0.338,0.073,-0.230,0.049,0.334,0.397,0.362,0.325,0.178,0.243,0.266,0.238,0.091,0.269,0.156,-0.071,-0.084,0.075,0.108,0.007,0.000,0.046,0.222,0.123,0.132,0.239,0.108,0.086,0.072,0.064,0.017,0.023,0.000,0.081,0.040,-0.394,-0.084,-0.132,-0.208,-0.170,-0.034,-0.012,0.026,0.093,0.024,0.011,-0.082,0.034,0.093,0.007,-0.032,-0.120,-0.042,-0.001,0.097,0.043,-0.023,-0.017,-0.011,-0.015,-0.019,0.004,-0.013,-0.003,-0.001,0.001,-0.046,-0.024,0.017,-0.016,-0.002,0.026,0.076,0.004,-0.025,0.018,-0.171
6.765,6.750,6.459,6.256,4.976,5.716,5.393,5.125,5.962,6.159,6.209,6.039,6.014,5.961,6.440,6.125,6.005,5.838,6.329,6.620,6.299,6.380,7.028,7.224,6.733,6.730,7.052,7.305,7.206,7.315,7.525,7.459,7.395,7.509,7.687,7.530,7.471,7.659,7.741,7.813,17.407,-0.203,0.034,-0.107,-0.130,-0.019,0.135,-0.064,-0.154,0.129,0.191,0.070,0.301,0.303,0.055,0.105,0.052,-0.019,0.110,0.337,0.222,-0.015,-0.088,0.060,0.068,0.086,-0.020,0.053,0.152,0.001,0.099,0.082,0.033,0.101,0.050,0.066,0.122,0.145,-0.033,-0.068,0.026,-0.668,-0.036,-0.147,-0.181,-0.168,-0.032,-0.059,0.028,0.115,-0.054,-0.135,-0.175,-0.075,-0.054,-0.053,-0.088,-0.127,-0.060,-0.013,-0.013,-0.050,0.040,0.030,-0.042,-0.015,0.021,0.043,-0.008,-0.072,-0.040,-0.033,-0.089,-0.043,-0.029,-0.019,-0.016,0.017,0.052,0.019,-0.020,-0.005,-0.074
6.372,6.294,6.033,6.192,6.188,6.147,5.858,5.374,6.808,7.145,6.934,6.873,6.766,6.975,7.421,7.163,6.999,6.937,7.250,7.015,6.331,6.735,7.382,7.244,7.096,7.084,7.207,7.837,7.553,7.727,8.011,7.948,7.961,7.541,7.810,7.755,7.668,7.610,7.894,7.947,15.378,-0.263,-0.216,-0.357,-0.348,-0.138,-0.220,-0.030,0.104,-0.101,-0.109,-0.191,0.044,0.062,-0.013,-0.012,-0.224,-0.059,0.070,0.193,0.074,0.120,-0.011,-0.026,-0.050,-0.060,0.043,0.069,0.023,-0.030,0.027,-0.056,0.041,0.022,-0.024,-0.027,0.080,0.103,-0.016,-0.057,0.036,-0.596,0.021,-0.082,-0.048,-0.056,-0.063,-0.062,-0.012,0.118,-0.075,-0.191,-0.150,-0.153,-0.171,-0.113,-0.136,-0.094,-0.064,-0.078,-0.130,-0.097,0.049,0.059,-0.036,-0.005,0.023,0.044,-0.020,-0.101,-0.032,-0.055,-0.088,-0.049,-0.078,-0.019,-0.027,-0.009,0.013,0.018,-0.012,-0.022,0.169
5.998,6.438,5.438,4.653,4.931,4.870,4.948,4.642,6.174,6.023,4.964,5.947,6.055,6.039,6.302,6.074,5.791,6.458,6.614,6.734,6.794,6.614,6.996,7.100,7.259,7.011,7.221,7.207,6.867,7.361,7.258,7.478,7.687,7.700,7.620,7.815,7.656,7.530,7.412,7.585,15.290,-0.065,-0.255,-0.201,-0.222,-0.052,-0.019,0.048,0.077,-0.227,-0.374,-0.316,-0.128,-0.179,-0.145,-0.221,-0.125,-0.018,-0.081,-0.079,-0.159,0.164,0.091,-0.097,0.020,0.093,0.122,0.015,-0.125,-0.085,-0.072,-0.123,-0.079,-0.142,0.024,0.006,0.088,0.136,0.047,-0.013,-0.021,-0.285,0.093,-0.021,0.087,0.107,0.025,0.044,0.010,0.116,-0.012,-0.058,0.018,-0.093,-0.102,-0.058,-0.063,0.017,0.042,-0.034,-0.128,-0.068,-0.021,0.036,0.002,0.038,0.028,0.059,-0.023,-0.042,0.025,-0.033,-0.017,-0.023,-0.056,-0.006,-0.008,-0.030,-0.029,0.017,0.019,-0.008,0.289
6.613,5.979,5.512,5.285,5.097,5.020,5.271,5.331,5.064,5.273,5.017,5.584,5.775,6.147,6.268,5.566,5.937,6.086,6.486,6.296,6.820,6.696,6.931,6.805,6.624,6.941,7.110,6.889,6.846,7.199,7.450,7.616,7.311,7.348,7.563,7.929,7.741,7.561,7.735,7.832,15.665,-0.038,-0.162,0.021,-0.001,-0.158,0.103,-0.044,0.243,-0.149,-0.340,-0.159,-0.187,-0.289,-0.287,-0.273,-0.117,-0.084,-0.204,-0.175,-0.140,0.084,0.121,-0.028,0.106,0.121,0.149,-0.036,-0.147,0.003,-0.058,-0.097,-0.080,-0.183,-0.008,-0.041,-0.013,0.094,0.052,-0.009,-0.045,0.259,0.081,0.055,0.090,0.134,0.065,0.073,-0.005,0.045,0.085,0.096,0.118,0.004,0.011,-0.004,-0.000,0.075,0.058,0.017,-0.050,0.002,-0.077,-0.011,0.022,0.046,0.051,0.021,-0.007,0.024,0.040,-0.006,0.024,-0.007,0.012,0.021,0.011,-0.032,-0.038,-0.006,-0.002,-0.007,0.235
6.321,5.632,5.717,5.602,5.260,6.182,5.928,5.533,5.697,5.225,5.590,6.043,5.615,5.649,5.913,6.298,6.444,5.860,6.316,6.184,6.875,6.856,6.768,7.545,7.436,7.411,7.177,7.155,7.134,7.221,7.190,7.232,7.009,7.725,7.841,7.885,8.116,7.920,7.758,7.766,15.841,0.150,-0.096,0.138,0.232,0.115,0.195,-0.006,0.355,0.093,0.014,0.143,-0.048,-0.030,-0.098,-0.082,0.086,0.203,0.078,-0.121,-0.012,-0.103,0.028,0.070,0.178,0.134,0.220,-0.009,0.026,0.112,-0.021,0.020,-0.020,-0.078,0.010,0.034,0.017,0.003,0.016,0.002,0.025,0.349,0.036,0.070,-0.012,0.039,0.061,-0.053,-0.075,-0.060,0.040,0.116,0.104,0.017,0.070,0.062,0.055,0.028,0.020,0.060,0.039,0.040,-0.069,-0.031,0.024,-0.020,-0.025,-0.055,0.006,0.056,0.033,0.020,0.035,0.034,0.066,0.001,-0.010,-0.035,-0.049,-0.038,-0.019,-0.004,0.076
6.019,5.886,5.997,5.714,5.233,6.008,5.150,6.145,6.300,5.845,5.824,5.892,5.542,5.734,6.252,6.464,6.251,6.216,6.525,6.589,6.711,7.219,7.356,7.554,7.612,7.632,7.051,7.129,7.436,7.508,7.559,7.670,7.383,7.485,7.492,7.653,7.905,7.676,7.678,7.633,16.396,0.036,-0.022,-0.078,0.097,0.103,0.039,-0.029,0.189,0.162,0.176,0.170,0.025,0.042,-0.056,-0.084,0.044,0.122,0.077,-0.035,0.010,-0.131,-0.034,0.000,0.099,0.174,0.097,0.047,0.067,0.071,-0.030,-0.006,-0.022,0.051,0.086,0.015,-0.043,-0.022,-0.029,-0.077,-0.020,0.262,0.027,0.028,-0.081,-0.041,0.045,-0.115,-0.025,-0.137,-0.030,0.039,0.044,-0.001,0.065,0.095,0.052,0.001,-0.029,0.031,0.053,-0.004,-0.029,-0.042,-0.008,-0.064,-0.071,-0.096,0.006,0.055,0.006,0.006,0.012,0.023,0.060,-0.004,-0.001,-0.013,-0.019,-0.021,-0.004,0.003,-0.065
7.042,6.003,5.887,5.600,5.439,5.352,4.977,6.010,6.022,5.806,5.276,5.552,6.022,5.756,5.903,6.055,6.648,6.785,5.991,6.528,6.332,6.492,7.133,7.618,7.436,7.766,7.205,7.219,7.129,7.100,7.302,7.351,7.259,7.680,7.823,8.036,7.590,7.553,7.452,7.812,16.671,0.077,0.026,-0.209,-0.074,0.123,-0.252,-0.336,-0.195,-0.185,-0.052,0.040,-0.151,0.004,0.047,-0.038,-0.068,-0.023,0.077,0.045,-0.035,-0.073,0.015,0.007,-0.077,-0.059,-0.127,0.005,0.051,0.048,0.014,0.006,0.060,0.072,-0.020,-0.071,-0.071,-0.050,-0.100,-0.074,-0.054,0.095,-0.026,-0.016,-0.061,-0.058,-0.009,-0.063,0.023,-0.117,-0.048,-0.064,-0.012,-0.013,0.015,0.046,0.025,-0.012,-0.081,-0.021,0.029,-0.028,0.034,-0.011,-0.024,-0.081,-0.083,-0.091,-0.011,0.022,-0.018,-0.019,-0.028,-0.001,0.005,-0.027,-0.020,-0.006,0.010,0.013,0.028,0.003,-0.051
6.434,5.685,5.039,5.769,5.522,5.628,5.602,6.038,5.711,5.864,6.022,5.956,5.781,5.811,5.853,5.907,6.447,6.010,6.474,6.175,6.435,6.706,6.750,7.265,7.493,7.248,7.330,7.190,7.206,7.108,7.365,7.445,7.442,7.802,7.646,7.638,7.896,7.601,7.504,7.710,16.559,0.133,-0.085,-0.210,-0.052,0.065,-0.249,-0.005,-0.165,-0.162,-0.114,0.113,-0.139,0.021,0.115,-0.035,-0.036,-0.115,-0.048,0.005,-0.149,-0.078,-0.084,-0.039,-0.087,-0.135,-0.159,-0.012,0.117,0.063,-0.044,-0.029,-0.004,0.043,-0.012,0.005,-0.037,0.024,0.007,0.008,0.009,0.062,0.020,-0.019,0.035,-0.017,-0.007,0.040,0.102,0.004,0.052,-0.021,-0.046,0.008,0.053,0.009,0.048,0.043,-0.046,0.008,-0.023,0.003,0.065,0.003,-0.002,-0.059,-0.055,-0.007,-0.029,0.010,0.004,0.005,0.009,0.010,-0.003,-0.024,-0.001,0.063,0.061,0.097,0.106,0.069,0.039
6.497,5.863,5.150,5.203,5.729,5.111,4.023,4.613,5.068,4.954,5.689,5.257,5.515,5.845,5.923,6.239,6.229,6.350,6.567,6.217,6.646,7.187,7.104,7.303,7.202,6.966,7.061,7.378,7.489,7.493,7.316,7.646,7.341,7.469,7.412,7.540,7.868,7.457,7.476,7.460,16.233,-0.027,-0.147,-0.103,0.016,0.087,0.025,0.098,-0.051,0.016,-0.160,0.112,-0.030,0.058,0.046,0.020,0.067,-0.085,0.035,0.007,-0.074,0.042,-0.002,-0.030,-0.134,-0.128,-0.109,-0.036,0.114,0.028,-0.109,-0.111,-0.034,-0.052,-0.078,-0.063,-0.016,0.030,0.064,0.097,0.025,0.196,0.034,-0.007,0.029,-0.002,-0.033,0.137,0.160,0.134,0.181,0.089,-0.083,0.038,0.049,-0.047,0.051,0.069,-0.010,0.001,-0.050,0.038,0.063,0.002,-0.026,-0.015,0.017,0.077,-0.003,-0.002,0.006,0.022,0.034,0.004,0.017,0.011,0.013,0.076,0.079,0.132,0.116,0.088,0.121
6.957,5.528,5.316,5.654,5.414,4.886,5.602,6.021,5.968,5.702,6.184,5.347,5.899,6.264,6.067,6.193,5.887,6.192,6.260,5.997,6.165,6.454,7.176,7.274,7.052,7.237,7.063,7.635,7.568,7.094,7.408,7.502,7.557,7.531,7.724,7.716,7.884,7.759,7.706,7.854,16.924,0.191,-0.029,0.045,-0.033,0.084,0.100,0.264,0.135,0.322,0.126,-0.095,0.005,0.279,-0.010,0.126,0.192,-0.078,0.136,-0.132,0.047,0.137,-0.013,0.010,-0.166,-0.065,0.055,-0.076,0.083,0.103,0.056,0.100,0.078,0.098,-0.004,0.007,0.242,0.244,0.374,0.366,0.284,0.407,0.027,0.032,-0.012,-0.078,-0.053,0.105,0.046,0.076,0.144,0.123,-0.124,0.019,-0.002,-0.075,0.041,0.032,-0.007,-0.018,0.003,0.082,0.047,0.025,-0.031,-0.001,0.029,0.075,0.017,-0.036,-0.007,0.044,0.034,0.018,0.023,0.016,0.000,0.016,0.008,0.019,0.017,0.015,0.094
6.645,5.349,5.235,5.736,5.930,5.846,5.468,5.764,5.971,5.089,5.755,5.705,6.253,5.761,5.898,6.244,6.503,6.869,6.130,6.247,6.676,6.610,6.768,6.943,7.015,7.228,7.161,7.564,7.088,6.562,6.727,7.151,6.944,7.425,7.468,7.918,7.746,7.795,7.838,7.866,17.469,0.219,-0.035,-0.194,-0.093,-0.051,0.259,0.330,0.325,0.479,0.271,-0.273,-0.035,0.121,-0.127,0.134,0.162,-0.093,-0.011,-0.137,0.056,0.136,-0.012,-0.148,-0.115,-0.009,0.153,0.023,0.059,0.057,0.073,0.114,0.037,0.129,0.030,-0.004,0.172,0.236,0.376,0.330,0.250,0.529,0.014,0.022,-0.051,-0.083,-0.082,-0.050,-0.037,-0.009,0.000,0.069,-0.065,-0.021,-0.072,-0.019,-0.012,-0.048,-0.020,-0.092,0.039,0.051,-0.031,-0.003,-0.011,0.047,0.020,0.043,0.030,-0.052,-0.018,0.035,0.024,-0.016,0.017,0.014,0.010,-0.076,-0.079,-0.114,-0.108,-0.072,-0.019
7.313,5.797,5.220,5.339,5.841,5.760,6.202,6.137,6.867,6.427,5.515,5.758,6.806,5.805,6.497,6.865,5.923,6.432,6.030,6.394,7.103,6.932,6.968,6.614,7.263,7.392,6.898,7.512,7.923,7.856,8.159,8.080,8.133,7.804,7.652,8.661,9.176,9.300,9.151,8.927,17.977,0.144,0.018,-0.222,-0.388,-0.129,0.158,0.111,0.028,0.326,0.286,-0.315,-0.043,-0.020,-0.175,0.111,0.074,-0.145,-0.115,0.089,0.195,0.112,0.049,-0.135,-0.102,-0.051,0.088,0.046,-0.035,0.013,0.088,0.028,0.048,0.067,0.014,-0.023,-0.051,-0.038,-0.054,-0.021,-0.030,0.363,-0.080,-0.031,-0.048,-0.001,-0.052,-0.116,-0.106,-0.103,-0.168,-0.091,0.034,-0.008,-0.115,0.022,-0.079,-0.123,0.005,-0.093,0.055,-0.007,-0.098,-0.018,-0.001,0.078,0.002,-0.019,0.018,-0.053,-0.079,-0.046,-0.055,-0.074,-0.057,-0.012,-0.007,-0.156,-0.173,-0.222,-0.202,-0.161,-0.157
7.416,5.553,4.228,4.893,5.258,5.968,5.374,6.180,7.013,5.948,4.660,4.876,5.669,5.438,6.379,6.713,5.745,6.175,5.999,6.299,6.855,6.888,6.470,7.061,7.050,7.652,7.256,7.734,7.597,7.477,7.509,7.544,7.699,7.481,7.427,7.927,8.401,8.564,8.403,8.175,18.353,0.066,-0.060,-0.226,-0.221,-0.215,-0.257,-0.010,-0.040,0.016,0.104,-0.104,-0.110,-0.153,0.032,-0.032,-0.116,-0.152,-0.300,0.090,0.107,-0.099,-0.045,-0.015,0.070,-0.033,0.089,0.051,-0.088,-0.016,0.049,0.044,-0.100,0.050,-0.018,0.002,-0.250,-0.222,-0.294,-0.247,-0.177,0.123,-0.133,-0.024,0.074,0.094,0.029,-0.098,-0.079,-0.140,-0.208,-0.119,0.102,0.044,-0.041,0.046,-0.094,-0.124,0.021,-0.028,0.024,-0.032,-0.079,-0.018,0.054,0.036,-0.021,-0.081,-0.021,-0.042,-0.072,-0.053,-0.059,-0.047,-0.067,-0.013,-0.004,-0.076,-0.107,-0.121,-0.115,-0.103,-0.245
7.291,5.514,4.710,4.137,5.103,5.618,6.204,5.952,7.079,6.704,5.154,5.548,6.092,5.552,6.381,6.331,5.540,5.962,6.770,6.947,6.638,6.558,6.649,6.707,6.777,7.464,7.243,7.375,7.377,7.075,7.158,7.547,7.513,7.573,7.628,7.456,7.366,7.104,7.319,7.550,18.300,-0.133,-0.172,-0.180,0.028,-0.094,-0.221,-0.094,-0.200,-0.284,-0.247,-0.007,0.002,-0.161,0.020,-0.184,-0.285,-0.023,-0.186,0.028,-0.013,-0.237,-0.084,-0.060,0.131,-0.040,-0.008,-0.001,-0.108,-0.257,-0.163,-0.139,-0.222,-0.146,-0.041,-0.034,-0.326,-0.392,-0.404,-0.357,-0.309,-0.174,-0.120,0.002,0.113,0.154,0.062,0.001,-0.061,-0.064,-0.107,-0.074,0.086,0.062,0.029,0.042,-0.051,-0.061,0.034,0.052,-0.027,-0.066,-0.009,0.001,0.044,-0.022,-0.028,-0.101,-0.040,-0.008,-0.033,-0.034,-0.030,-0.015,-0.042,-0.012,-0.006,0.040,0.036,0.058,0.036,0.011,-0.251
6.987,5.188,4.361,5.230,5.223,4.632,5.414,5.656,5.943,5.469,5.416,5.261,5.844,6.048,5.795,5.932,5.934,5.604,6.210,6.505,6.414,6.571,6.855,7.246,7.090,7.637,7.244,7.193,7.283,7.197,7.448,6.916,7.504,7.451,7.491,7.271,7.539,7.425,7.519,7.667,17.925,-0.305,-0.061,0.157,0.166,0.075,-0.043,0.040,-0.260,-0.257,-0.059,0.083,0.163,-0.014,0.008,-0.190,-0.276,-0.049,-0.116,0.017,0.002,-0.084,-0.036,0.083,-0.049,-0.119,-0.204,-0.061,-0.114,-0.167,-0.065,-0.097,-0.065,-0.097,-0.010,-0.021,-0.071,-0.124,-0.055,-0.080,-0.124,-0.426,-0.078,0.038,0.106,0.055,0.019,0.102,-0.013,0.022,0.052,0.049,0.036,0.085,0.077,-0.011,0.033,0.037,0.028,0.100,-0.003,-0.018,0.063,0.013,0.004,-0.073,-0.032,-0.097,-0.037,-0.004,0.028,0.006,-0.024,0.032,-0.015,-0.011,0.006,0.112,0.108,0.109,0.092,0.071,-0.204
6.862,5.122,4.254,5.313,5.389,5.325,5.711,5.400,5.980,5.433,5.104,5.575,5.911,5.598,5.870,5.829,5.714,5.788,6.062,6.227,6.137,6.670,6.476,7.177,7.042,7.359,6.899,7.244,6.794,7.180,7.493,7.287,7.499,7.616,7.451,7.361,7.645,7.851,7.809,7.636,17.322,-0.268,0.028,0.154,0.187,0.034,0.058,-0.219,-0.185,-0.070,0.000,0.023,0.130,0.055,0.046,-0.065,-0.150,-0.029,0.051,-0.009,-0.085,0.061,0.050,0.034,-0.153,-0.149,-0.270,-0.100,-0.064,-0.075,-0.023,-0.050,-0.044,-0.068,-0.050,-0.040,0.060,0.095,0.115,0.076,-0.003,-0.616,-0.037,0.057,0.084,-0.002,-0.016,0.072,0.009,0.086,0.105,0.071,0.045,0.043,0.058,0.009,0.059,0.105,0.044,0.074,0.007,0.010,0.051,-0.010,0.000,-0.042,0.010,-0.019,-0.009,0.005,0.096,0.038,0.026,0.045,0.027,-0.012,0.010,0.093,0.093,0.071,0.071,0.086,-0.161
6.106,5.443,5.242,5.138,5.491,5.897,5.821,5.156,6.275,6.289,5.101,5.678,5.689,5.453,5.686,5.584,5.414,5.682,6.435,6.669,6.685,6.650,6.970,6.582,6.324,6.686,7.121,7.229,7.051,7.101,6.855,7.350,7.220,7.409,7.408,7.618,7.642,7.916,7.760,7.511,16.711,-0.256,0.029,0.136,-0.023,-0.183,0.113,-0.012,0.062,0.170,0.223,0.062,0.253,0.123,-0.038,0.075,0.000,-0.009,0.083,0.092,0.054,0.068,-0.048,-0.042,-0.154,-0.141,-0.264,-0.083,-0.129,0.034,0.008,-0.121,-0.028,-0.064,-0.070,0.038,0.120,0.074,-0.009,-0.001,0.023,-0.675,-0.023,0.014,-0.017,-0.034,-0.026,0.009,-0.022,0.092,0.037,-0.027,0.053,-0.021,-0.032,-0.013,0.010,0.096,0.073,0.040,-0.004,0.010,-0.027,-0.033,-0.021,0.054,0.088,0.080,0.008,0.017,0.053,0.004,0.044,0.018,0.022,-0.002,0.006,-0.002,-0.005,-0.031,0.002,0.039,-0.111
6.391,5.528,5.039,5.118,5.138,5.273,4.907,5.279,6.561,6.295,5.425,5.992,6.443,6.082,6.110,5.757,5.656,6.176,6.615,6.443,6.807,6.767,6.761,6.273,6.417,6.589,6.806,7.035,7.119,7.006,7.202,7.111,7.313,7.343,7.469,7.582,7.791,7.432,7.578,7.615,15.825,-0.343,0.070,0.249,0.114,-0.047,0.063,-0.023,0.070,0.026,-0.034,0.227,0.171,0.058,0.085,-0.020,0.102,0.177,0.087,0.023,0.012,-0.056,-0.131,0.003,-0.024,0.020,-0.075,-0.035,-0.077,0.124,-0.011,0.001,-0.018,-0.028,-0.068,-0.013,0.045,-0.028,-0.073,-0.041,0.046,-0.856,-0.024,-0.005,-0.035,-0.066,0.035,0.028,0.042,0.060,-0.028,-0.071,0.028,-0.062,-0.109,-0.063,-0.044,0.044,0.060,-0.004,-0.023,0.016,-0.060,-0.028,0.017,0.097,0.092,0.111,0.026,0.030,0.003,-0.015,0.039,0.028,0.011,0.023,-0.001,-0.051,-0.070,-0.046,-0.009,0.003,-0.011
5.944,5.128,4.650,5.211,4.433,5.224,5.757,6.028,6.502,6.154,5.565,6.317,6.196,5.617,6.052,5.970,5.920,5.827,6.394,6.666,6.420,6.283,6.501,6.926,6.699,6.702,6.876,6.651,7.289,7.325,6.986,6.865,7.278,7.236,7.670,7.760,7.837,7.592,7.630,7.792,15.300,-0.381,-0.013,0.026,0.034,-0.016,-0.003,-0.166,0.075,-0.121,-0.176,0.247,0.039,-0.178,-0.075,-0.161,0.079,0.214,0.067,-0.021,0.004,-0.163,-0.113,-0.009,0.157,0.237,0.100,-0.054,-0.022,-0.002,-0.052,0.098,0.014,-0.007,-0.009,-0.006,-0.076,-0.088,-0.116,-0.012,0.047,-0.861,0.050,0.011,-0.034,-0.042,0.091,0.037,0.012,0.009,-0.053,-0.065,-0.032,-0.109,-0.101,-0.033,-0.027,0.005,0.001,0.010,-0.033,-0.010,-0.013,0.016,0.050,0.052,0.037,0.079,0.025,0.053,-0.030,-0.011,0.031,0.031,0.013,0.024,-0.019,-0.069,-0.055,-0.006,0.011,-0.025,0.158
5.230,5.632,5.793,5.845,5.683,5.976,5.628,5.312,5.997,5.330,6.005,6.110,5.946,5.941,5.586,6.146,6.345,6.150,6.199,6.287,5.987,6.200,6.724,6.887,6.955,6.978,6.848,7.150,7.296,7.012,7.433,7.441,7.329,7.361,7.253,7.517,7.407,7.650,7.669,7.726,13.749,-0.324,0.023,0.032,-0.170,0.127,0.255,0.070,0.111,-0.064,-0.153,0.072,-0.073,-0.342,-0.252,-0.169,0.030,0.162,0.039,-0.069,0.021,-0.125,-0.058,0.103,0.176,0.121,0.101,0.018,0.032,-0.043,-0.068,0.034,0.076,-0.044,0.034,-0.022,-0.097,-0.176,-0.061,0.037,-0.002,-0.580,0.167,0.001,-0.062,-0.042,0.030,-0.018,0.024,0.024,0.030,0.032,-0.129,-0.071,-0.011,0.008,0.065,-0.060,-0.063,0.007,-0.019,-0.003,0.043,0.048,0.023,-0.041,-0.046,0.012,0.024,0.022,-0.047,0.005,-0.020,0.006,-0.005,0.020,0.012,-0.028,0.003,0.022,0.010,-0.040,0.344
4.784,5.327,4.996,4.944,5.141,5.532,4.632,5.513,5.954,5.891,6.044,5.814,5.048,5.147,5.141,5.782,6.141,6.028,6.538,6.764,6.281,6.371,6.943,7.059,7.240,6.994,6.831,7.061,6.952,6.839,7.230,7.255,7.177,7.357,7.484,7.270,7.393,7.228,7.657,7.692,13.442,-0.014,0.108,0.074,-0.094,0.185,0.200,-0.000,0.087,-0.051,-0.045,-0.020,-0.171,-0.179,-0.037,0.015,0.059,0.005,0.159,-0.026,0.001,0.038,-0.003,0.159,0.008,-0.005,0.043,0.016,0.081,-0.035,-0.019,0.018,0.082,0.007,-0.001,-0.054,-0.152,-0.127,-0.042,0.017,-0.078,-0.021,0.213,0.024,0.007,0.043,-0.017,-0.085,0.024,-0.002,0.086,0.052,-0.132,0.009,0.104,0.076,0.127,-0.070,-0.056,0.010,-0.002,-0.014,0.062,0.060,-0.016,-0.111,-0.085,-0.034,0.016,-0.001,-0.007,0.034,-0.033,-0.032,0.003,0.019,0.025,0.032,0.050,0.059,0.005,-0.030,0.415
5.349,5.543,5.027,4.403,5.421,6.395,5.817,6.094,6.515,5.663,5.546,5.876,5.306,5.057,5.722,6.003,6.354,6.272,6.197,6.499,6.251,6.432,7.053,7.084,6.754,6.948,6.916,6.992,7.070,6.910,7.250,7.296,7.144,7.455,7.453,7.343,7.134,7.309,7.747,7.653,13.856,0.308,0.013,-0.084,-0.032,0.004,-0.127,0.014,0.182,0.140,0.061,-0.283,-0.080,0.003,0.108,0.215,-0.186,-0.033,0.077,-0.071,0.000,0.059,0.056,0.032,-0.154,-0.090,0.014,0.049,-0.018,-0.095,-0.004,-0.058,-0.020,-0.060,0.026,0.070,-0.056,0.008,0.001,-0.006,-0.088,0.442,0.181,0.012,-0.008,0.108,-0.055,-0.123,-0.047,-0.036,0.066,0.047,-0.046,0.063,0.127,0.098,0.083,-0.038,-0.024,-0.006,0.028,-0.009,0.041,0.038,-0.075,-0.099,-0.019,-0.029,0.008,-0.012,0.010,0.017,-0.032,-0.047,0.025,0.018,0.035,0.063,0.068,0.051,-0.007,-0.000,0.339
5.814,5.714,5.405,5.462,5.491,6.012,5.662,6.072,5.988,5.763,5.696,5.579,5.619,5.876,6.060,6.337,5.941,6.560,6.265,6.563,6.479,6.154,7.133,6.866,6.775,6.931,6.924,7.136,7.226,7.279,7.168,7.350,7.405,7.184,7.301,7.088,7.337,7.551,7.676,7.437,15.139,0.366,0.113,0.122,0.179,-0.038,-0.237,-0.019,0.031,0.206,-0.022,-0.235,0.089,0.168,0.127,0.284,-0.162,0.032,0.100,-0.030,-0.057,0.055,0.129,-0.055,-0.236,-0.082,-0.025,0.012,-0.004,-0.009,0.085,-0.023,-0.096,0.016,0.090,0.072,0.065,0.069,0.147,0.036,-0.060,0.701,0.063,-0.047,-0.026,0.057,-0.024,-0.023,-0.011,-0.035,0.018,0.003,0.017,0.066,0.081,0.014,-0.033,0.022,-0.005,-0.054,0.021,-0.003,-0.005,0.018,-0.089,-0.029,0.014,-0.005,0.007,-0.014,0.005,-0.029,-0.020,-0.022,0.029,0.025,0.018,0.071,0.029,0.014,-0.014,0.025,0.161
6.254,5.506,5.168,5.424,5.528,5.103,5.183,5.942,6.680,5.701,4.763,5.826,5.675,6.117,6.201,4.939,6.283,6.268,5.980,6.388,6.185,6.588,6.790,6.215,6.739,7.079,7.045,7.024,6.682,6.771,7.172,7.294,6.916,7.577,7.697,7.330,7.478,7.494,7.631,7.412,15.111,0.393,0.078,-0.032,0.235,-0.034,-0.141,-0.157,-0.041,0.139,0.072,-0.048,0.110,0.122,0.158,0.110,-0.046,0.030,0.036,0.075,0.006,0.070,0.065,-0.167,-0.198,0.065,-0.012,0.059,0.013,-0.005,-0.034,-0.105,-0.071,0.077,0.078,0.092,0.110,0.068,0.099,-0.007,-0.012,0.754,-0.039,-0.033,-0.040,-0.042,0.038,0.116,0.046,-0.035,-0.102,-0.007,0.109,0.015,0.033,-0.048,-0.108,0.106,-0.032,-0.037,0.045,0.010,-0.007,-0.018,-0.035,0.069,0.022,0.014,-0.007,0.009,0.013,-0.037,-0.008,0.025,0.043,-0.023,-0.041,0.013,-0.011,-0.012,-0.007,0.026,-0.005
6.162,5.913,5.533,5.330,4.897,4.991,4.856,5.742,6.902,5.762,5.261,6.283,5.706,5.250,6.323,5.503,6.335,6.530,6.496,6.537,6.589,6.939,6.799,6.314,6.837,6.805,6.824,7.025,7.099,7.335,7.156,6.779,7.369,7.748,7.722,7.602,7.569,7.873,7.894,7.511,16.319,0.257,-0.161,-0.079,0.055,0.083,0.091,0.028,0.025,0.038,-0.035,-0.055,0.064,0.166,0.006,-0.099,0.101,-0.053,-0.089,0.008,-0.015,0.008,0.084,-0.184,-0.115,-0.012,0.031,0.044,-0.002,-0.053,-0.151,-0.060,-0.001,0.085,0.098,0.027,0.123,-0.013,-0.021,-0.053,0.010,0.629,-0.096,-0.027,-0.073,-0.115,0.054,0.113,0.080,-0.003,-0.107,0.042,0.089,-0.059,-0.039,-0.073,-0.100,0.093,-0.058,-0.032,0.020,0.006,-0.029,-0.041,0.025,0.124,-0.010,0.016,-0.014,0.002,-0.000,-0.035,0.001,0.053,-0.009,-0.064,-0.054,-0.046,-0.023,-0.046,-0.010,0.014,-0.173
7.139,5.834,4.802,5.643,5.549,6.200,5.434,6.054,6.754,6.025,5.524,6.072,5.870,6.162,6.138,6.189,6.306,6.469,6.456,6.542,6.547,6.367,6.385,6.370,7.048,6.953,7.261,7.111,7.107,6.712,6.731,7.228,7.547,7.561,7.702,7.634,7.357,7.645,7.602,7.557,17.036,0.167,-0.016,-0.185,-0.182,0.131,0.291,0.221,0.008,-0.285,0.032,0.170,0.006,0.168,-0.073,-0.134,0.214,-0.152,-0.015,0.134,0.031,0.046,-0.010,-0.080,0.132,-0.014,0.056,-0.002,0.028,-0.007,-0.072,-0.082,0.057,0.120,-0.091,-0.110,-0.020,-0.007,0.024,0.003,0.008,0.451,-0.174,0.052,0.035,-0.082,-0.010,-0.013,0.052,0.000,-0.021,0.045,0.051,-0.074,-0.065,-0.051,-0.002,0.028,-0.030,-0.008,0.010,0.001,-0.026,-0.020,0.072,0.102,-0.018,0.000,-0.046,-0.013,0.006,0.040,0.046,0.015,-0.043,-0.054,-0.042,-0.057,0.003,-0.027,0.008,0.007,-0.292
6.658,4.747,5.190,5.628,5.895,5.917,5.679,6.142,6.142,5.424,5.042,5.779,6.349,5.884,5.596,6.216,5.663,6.012,6.065,6.410,6.340,6.685,6.414,6.212,6.561,7.149,7.038,7.080,6.748,6.551,7.089,7.375,7.515,7.680,7.432,7.550,7.334,7.370,7.423,7.412,17.322,-0.002,0.027,-0.169,-0.189,0.149,0.112,0.193,-0.010,-0.115,0.208,0.100,-0.154,-0.047,-0.123,-0.095,0.174,-0.165,-0.035,0.041,-0.040,-0.078,-0.039,0.027,0.217,-0.092,0.020,-0.029,-0.002,-0.009,-0.072,-0.028,0.104,-0.051,-0.145,-0.095,-0.101,-0.009,-0.043,-0.017,-0.002,-0.012,-0.128,0.131,0.114,0.035,-0.077,-0.085,-0.055,-0.025,0.064,0.060,0.039,-0.037,-0.082,0.028,0.088,-0.024,0.051,0.021,-0.013,0.006,-0.007,-0.023,0.048,0.044,0.029,-0.022,-0.031,-0.021,0.004,0.068,0.046,-0.026,-0.054,-0.025,0.007,-0.023,0.032,-0.005,0.012,0.010,-0.292
6.840,6.009,4.414,4.367,5.686,6.094,5.879,5.780,5.637,6.028,5.721,6.106,6.191,5.435,5.892,5.654,5.860,6.450,6.864,6.607,6.537,6.668,6.582,6.925,6.809,7.188,6.928,7.135,6.823,6.801,6.796,7.281,7.444,7.156,7.290,7.254,7.561,7.867,7.883,7.503,16.862,-0.349,0.242,0.190,-0.055,-0.118,-0.215,0.021,-0.022,0.109,0.174,0.131,-0.150,-0.096,-0.030,0.098,0.055,-0.062,-0.031,0.106,0.021,-0.018,0.026,0.087,0.148,0.016,-0.004,-0.135,-0.054,0.005,0.124,0.108,-0.046,-0.068,-0.071,-0.056,-0.061,0.081,-0.023,0.015,0.029,-0.385,-0.045,0.060,0.179,0.159,-0.072,-0.065,-0.091,-0.012,0.087,-0.019,-0.033,-0.002,-0.021,0.067,0.073,-0.032,0.089,0.007,-0.091,-0.010,0.001,-0.013,-0.012,-0.053,0.030,-0.024,0.024,-0.009,-0.010,0.046,0.061,-0.026,-0.035,0.037,0.050,0.041,0.014,-0.025,-0.022,0.005,-0.167
6.304,5.963,4.882,5.025,5.575,5.606,5.599,5.829,6.884,6.798,5.662,5.498,5.310,4.998,5.969,6.639,5.732,6.365,6.498,6.306,6.206,6.593,6.834,7.123,6.495,6.788,6.843,7.001,7.195,6.932,6.981,7.270,7.166,7.227,7.451,7.290,7.424,7.548,7.669,7.527,16.346,-0.124,0.366,0.301,0.168,-0.176,-0.079,-0.146,-0.085,0.161,0.194,0.162,-0.040,-0.112,0.125,0.224,0.060,0.156,0.025,-0.041,0.019,0.007,-0.047,-0.029,0.099,0.119,-0.049,-0.045,-0.066,-0.040,0.090,0.075,-0.082,-0.093,-0.037,0.036,0.028,0.105,-0.022,0.002,0.047,-0.413,0.068,-0.018,0.097,0.112,-0.042,0.034,-0.037,-0.036,-0.026,-0.105,-0.052,0.037,0.045,0.050,0.011,-0.025,0.054,0.001,-0.088,-0.020,0.033,-0.005,-0.059,-0.089,0.008,-0.002,0.045,0.001,-0.006,0.020,0.027,0.006,0.016,0.045,0.029,0.052,-0.004,0.008,-0.014,0.009,0.034
5.572,6.437,5.905,5.668,5.121,5.282,5.579,6.102,6.929,6.206,5.868,5.463,5.909,6.454,6.441,6.253,5.964,6.140,6.770,6.699,6.522,6.543,6.607,6.652,7.163,7.115,6.683,6.880,6.910,7.144,7.324,7.050,7.382,7.432,7.412,7.458,7.717,7.440,7.555,7.647,15.600,0.005,0.115,0.475,0.434,-0.064,0.064,-0.062,-0.015,0.014,-0.059,-0.028,-0.061,0.093,0.139,0.073,0.111,0.131,-0.009,-0.279,-0.048,0.009,-0.069,-0.113,-0.075,0.029,-0.028,0.126,0.013,-0.042,0.078,0.174,0.020,-0.034,0.040,0.075,0.121,0.008,-0.111,-0.118,0.006,-0.183,0.131,-0.105,-0.068,-0.007,-0.004,0.046,0.031,-0.029,-0.060,-0.083,-0.068,0.044,0.033,-0.028,-0.041,0.006,-0.015,0.012,-0.048,-0.041,0.017,0.000,-0.024,-0.057,-0.031,0.006,0.055,0.030,0.027,-0.001,-0.021,0.051,0.038,0.034,-0.009,0.004,-0.034,0.028,0.002,0.010,0.172
6.673,6.365,5.951,5.817,5.297,5.926,5.097,5.558,6.299,6.304,5.776,5.899,5.932,5.997,6.443,6.214,6.390,6.290,5.906,6.460,6.382,6.511,6.257,6.845,6.979,6.939,6.933,6.879,6.503,6.830,7.197,7.081,7.081,7.355,7.551,7.585,7.782,7.473,7.599,7.576,15.890,0.163,0.003,0.175,0.127,-0.086,0.141,0.049,-0.195,-0.198,-0.201,-0.082,-0.014,0.082,0.041,-0.026,0.021,0.006,-0.041,-0.208,-0.106,0.072,-0.019,-0.166,-0.114,-0.057,0.023,0.067,-0.032,-0.016,0.053,0.075,0.099,0.011,0.023,-0.017,0.069,0.008,0.042,-0.022,0.053,0.055,0.041,-0.112,-0.164,-0.145,-0.027,-0.072,0.081,0.025,-0.019,-0.050,-0.026,0.008,-0.012,-0.027,-0.026,0.034,-0.045,0.020,0.089,0.019,0.044,0.043,0.073,0.002,-0.021,0.045,0.033,0.057,0.088,0.039,-0.011,0.053,0.073,0.047,-0.028,-0.027,-0.010,0.055,0.042,0.024,0.156
6.680,6.385,6.254,6.143,5.504,6.252,5.822,5.839,6.002,5.982,5.523,5.603,6.347,5.630,6.020,6.422,6.187,6.440,5.766,6.287,6.493,6.364,6.305,6.689,6.710,6.974,7.511,7.262,6.958,7.242,7.558,7.478,7.315,7.293,7.616,7.710,7.422,7.351,7.327,7.510,16.176,0.161,-0.103,-0.087,-0.071,-0.180,-0.096,0.078,-0.110,-0.014,-0.045,-0.089,0.058,-0.029,-0.128,0.017,0.106,-0.061,0.060,-0.050,-0.121,0.032,0.013,0.034,-0.031,-0.052,-0.011,0.083,0.079,0.126,0.137,0.003,0.120,0.068,0.067,-0.072,-0.063,-0.041,0.086,0.035,0.075,0.239,-0.038,-0.075,-0.170,-0.170,0.000,-0.092,0.041,0.073,0.053,0.044,0.070,0.057,-0.038,0.020,0.051,0.016,-0.011,0.028,0.155,0.090,0.043,0.055,0.109,0.050,0.033,0.033,-0.012,0.024,0.066,0.026,-0.021,-0.007,0.048,0.023,-0.012,-0.026,0.021,0.041,0.067,0.026,0.064
6.565,6.002,5.581,5.424,4.955,5.826,5.724,4.984,6.360,5.907,5.423,5.356,5.501,5.616,6.047,6.659,5.651,6.008,5.957,5.979,6.582,6.590,6.154,6.535,6.437,6.972,6.763,6.650,7.088,7.147,7.241,7.550,7.252,7.411,7.263,7.511,7.613,7.803,7.675,7.862,16.333,0.005,-0.086,-0.240,-0.305,-0.253,-0.362,0.189,0.089,0.082,-0.063,0.063,-0.058,-0.109,0.121,0.124,0.232,0.028,0.091,0.288,0.152,0.215,0.126,0.263,0.087,0.054,0.168,0.141,0.185,0.315,0.258,0.107,0.132,0.223,0.184,-0.033,-0.015,0.080,0.155,0.137,0.134,0.158,-0.065,-0.025,-0.030,-0.023,0.085,-0.035,0.007,0.094,0.024,0.065,0.089,0.082,0.008,0.014,0.044,-0.031,0.024,0.021,0.089,0.104,0.009,0.007,0.079,0.047,0.041,0.008,-0.008,0.001,0.005,-0.011,-0.002,-0.053,0.008,-0.007,0.016,0.012,0.012,-0.037,0.022,-0.001,-0.045
6.431,6.106,5.654,5.508,4.390,4.852,5.656,5.841,6.830,6.181,5.601,6.024,5.979,6.007,6.725,6.560,6.027,6.582,6.496,6.333,6.581,6.567,6.826,6.654,7.175,7.046,7.183,7.391,7.249,7.673,7.319,7.416,7.639,7.739,7.194,7.178,7.597,7.706,7.692,7.880,16.573,-0.107,-0.215,-0.167,-0.197,0.020,-0.147,0.074,0.208,0.140,0.090,0.248,0.245,0.001,0.198,0.252,0.084,0.065,0.066,0.247,0.273,0.154,0.132,0.218,0.076,0.139,0.062,0.028,0.023,0.124,0.107,0.051,-0.033,0.098,0.073,0.022,0.033,0.079,0.036,0.140,0.094,0.086,-0.048,0.002,0.052,0.068,0.145,0.090,-0.039,0.001,-0.063,0.013,0.041,0.018,0.007,-0.028,-0.049,-0.118,0.009,-0.035,-0.054,0.025,-0.041,-0.029,-0.030,-0.007,-0.018,-0.030,-0.044,-0.052,-0.087,-0.090,-0.029,-0.048,-0.036,-0.056,-0.006,0.023,-0.008,-0.065,-0.030,-0.038,-0.115
6.820,6.077,5.053,4.610,4.591,4.819,6.126,6.003,6.293,5.892,6.053,5.397,5.573,6.416,6.713,7.305,6.611,6.674,6.982,7.197,7.414,7.037,7.312,7.297,7.018,7.744,7.801,7.738,7.935,7.904,7.852,7.770,8.033,8.053,7.599,7.774,8.093,8.072,8.100,8.058,16.483,-0.029,-0.066,0.064,0.077,0.241,-0.010,0.086,0.114,-0.152,0.058,0.195,0.301,0.109,-0.050,0.078,-0.123,0.064,0.063,0.090,0.215,0.058,-0.045,0.134,0.067,0.054,0.029,0.053,0.002,0.009,0.015,0.041,-0.087,0.036,-0.015,0.016,0.080,0.006,-0.120,0.037,0.038,-0.091,-0.022,-0.002,0.038,0.120,0.109,0.116,-0.095,-0.093,-0.066,0.009,-0.052,-0.020,-0.004,-0.116,-0.136,-0.131,-0.007,-0.044,-0.136,-0.118,-0.128,-0.083,-0.110,-0.050,-0.052,-0.085,-0.077,-0.066,-0.139,-0.111,-0.075,-0.035,-0.082,-0.085,-0.034,-0.023,-0.056,-0.058,-0.076,-0.071,-0.137
6.016,5.270,5.684,5.564,5.785,6.022,5.990,6.371,6.737,6.442,6.445,6.808,6.316,6.222,6.946,6.517,6.034,6.436,6.486,7.042,6.845,6.802,6.816,6.690,7.112,6.900,7.135,6.835,7.154,7.398,7.507,7.201,7.416,7.337,7.560,7.746,7.579,7.397,7.813,7.883,16.530,-0.063,-0.100,0.020,0.078,0.296,0.179,-0.064,-0.120,-0.213,-0.040,0.048,-0.030,-0.103,-0.184,-0.207,-0.307,-0.033,-0.100,-0.220,-0.029,-0.097,-0.047,-0.050,-0.058,-0.144,-0.090,-0.094,-0.091,-0.155,-0.191,-0.109,-0.011,-0.017,-0.114,-0.128,0.004,-0.045,-0.102,-0.066,-0.069,-0.209,-0.024,0.017,-0.044,0.041,-0.022,0.005,-0.094,-0.108,-0.072,-0.044,-0.100,-0.109,-0.059,-0.092,-0.139,-0.038,0.000,-0.021,-0.079,-0.157,-0.095,-0.059,-0.079,-0.032,-0.050,-0.041,-0.030,0.007,-0.065,-0.049,-0.047,0.010,-0.040,-0.028,-0.010,-0.035,-0.031,0.007,-0.053,-0.062,-0.111
6.627,6.089,5.889,5.780,5.462,5.192,5.987,5.290,5.646,6.067,5.975,6.467,5.878,5.256,6.325,6.063,5.967,6.397,6.411,6.698,6.742,6.246,6.831,6.853,6.737,7.188,7.053,6.937,7.181,7.360,7.350,7.220,7.541,7.536,7.161,7.627,7.653,7.358,7.798,8.052,15.899,-0.128,-0.151,-0.141,0.156,0.154,0.056,-0.215,-0.211,-0.071,0.050,-0.097,-0.019,-0.076,-0.268,-0.325,-0.228,0.043,-0.046,-0.159,-0.287,-0.299,-0.200,-0.154,-0.095,-0.063,-0.181,-0.183,-0.087,-0.242,-0.146,-0.189,-0.057,-0.127,-0.147,-0.125,-0.117,-0.138,-0.065,-0.142,-0.142,-0.379,-0.013,0.002,-0.089,-0.072,-0.099,-0.035,-0.088,-0.009,0.029,-0.036,-0.077,-0.104,-0.060,0.027,-0.037,0.040,-0.001,0.001,-0.010,-0.101,-0.029,0.014,-0.037,-0.001,0.004,-0.018,-0.018,0.021,-0.001,0.006,0.010,0.020,-0.009,0.004,0.038,-0.018,0.005,0.040,-0.007,-0.036,0.016
6.214,5.599,5.336,5.313,5.433,5.558,5.406,5.600,6.090,5.895,5.882,5.337,5.312,5.668,5.885,5.643,6.183,6.219,5.684,6.437,6.434,6.727,6.817,6.584,6.595,6.873,7.086,7.337,6.852,6.990,7.026,7.636,7.799,7.430,6.775,7.270,7.590,7.553,7.511,7.536,15.821,-0.180,-0.090,-0.285,-0.031,-0.048,-0.152,-0.245,-0.167,-0.260,-0.126,-0.106,-0.142,-0.200,-0.151,-0.243,-0.052,0.077,0.016,-0.024,-0.260,-0.144,-0.085,-0.031,-0.000,-0.055,-0.040,-0.005,0.101,-0.078,-0.058,-0.068,-0.001,-0.020,-0.001,0.045,-0.045,-0.002,0.042,-0.037,-0.126,-0.325,0.052,0.035,-0.013,-0.060,-0.094,-0.037,0.010,0.056,0.028,-0.060,-0.023,-0.002,0.025,0.088,0.073,0.065,-0.019,0.022,0.080,0.006,0.062,0.031,0.005,0.026,0.031,0.015,0.017,0.026,0.064,0.055,0.072,0.010,0.001,0.018,0.078,0.021,0.024,0.023,0.028,0.015,0.147
6.082,5.157,4.521,5.516,5.535,5.330,5.343,5.332,6.262,6.413,5.851,6.038,5.694,5.355,5.620,6.600,6.752,6.552,6.591,6.063,6.123,6.074,6.542,6.873,6.963,6.853,6.911,7.054,6.874,7.375,7.147,7.269,7.206,7.273,7.365,7.426,7.397,7.668,7.542,7.523,14.940,-0.036,-0.063,-0.228,-0.229,-0.081,-0.020,-0.264,0.095,0.018,-0.078,-0.114,-0.164,-0.143,0.067,-0.090,-0.050,0.003,0.010,-0.056,-0.174,-0.061,0.045,-0.061,0.035,0.032,-0.087,-0.082,0.011,-0.036,-0.019,0.070,0.006,-0.010,-0.051,0.120,0.013,0.008,0.010,-0.012,-0.113,0.046,0.103,0.061,0.078,-0.046,-0.040,0.061,0.110,0.049,0.016,-0.063,0.032,-0.019,0.058,0.126,0.106,0.001,-0.062,-0.000,0.064,0.094,0.103,0.041,0.016,0.002,-0.010,0.014,0.017,-0.003,0.076,0.035,0.072,0.011,0.017,0.017,0.029,0.027,0.021,-0.001,0.036,0.052,0.256
5.390,5.285,4.945,5.541,5.510,5.192,5.084,5.517,5.131,5.639,5.975,6.315,5.410,5.418,6.084,5.988,6.025,6.436,6.274,6.058,6.437,6.465,6.805,6.680,6.724,6.867,7.180,7.280,6.920,7.100,7.270,7.173,7.483,7.464,7.683,7.623,7.700,7.454,7.758,7.516,15.382,0.150,0.031,-0.002,-0.029,-0.057,0.032,0.009,0.007,-0.117,-0.275,-0.060,0.033,0.055,0.086,0.039,-0.071,-0.109,-0.020,0.127,-0.058,0.093,-0.016,-0.069,0.004,-0.039,-0.062,-0.058,-0.012,0.064,0.020,0.124,0.006,-0.069,-0.072,0.137,0.043,0.001,-0.022,0.011,-0.011,0.313,0.137,0.030,0.101,0.037,0.012,0.108,0.146,0.029,0.089,0.022,0.043,-0.019,0.114,0.092,0.057,-0.002,-0.044,-0.014,0.057,0.102,0.049,-0.022,-0.007,-0.015,-0.005,-0.010,-0.027,-0.040,0.031,0.011,0.021,0.007,-0.011,-0.009,-0.037,-0.010,-0.025,-0.007,0.003,0.062,0.244
6.860,5.933,4.945,4.519,5.019,5.275,4.825,5.807,6.217,5.806,5.360,5.158,5.116,5.716,5.774,5.641,6.063,6.340,5.839,6.018,6.434,6.603,6.534,6.978,6.832,6.754,6.598,7.018,6.968,7.208,7.577,7.479,7.652,7.262,7.307,7.517,7.638,7.456,7.613,7.499,16.350,0.223,0.091,0.109,-0.077,-0.043,0.268,0.206,-0.052,-0.062,-0.192,0.039,-0.201,0.085,0.243,0.063,-0.216,-0.173,-0.030,0.088,0.083,0.099,-0.028,-0.054,-0.090,-0.121,-0.098,-0.070,-0.048,0.065,-0.011,0.075,-0.004,-0.016,-0.027,-0.027,-0.028,-0.035,-0.036,0.015,0.059,0.581,0.072,-0.010,0.057,0.061,-0.022,0.028,0.089,-0.019,0.051,0.088,0.048,0.007,0.080,0.020,0.023,0.044,-0.009,-0.044,0.044,0.078,0.003,-0.039,0.026,0.003,0.006,0.007,0.007,-0.014,0.008,-0.002,-0.041,0.009,-0.008,0.015,-0.058,-0.030,-0.020,0.018,0.005,0.050,0.140
6.576,5.368,5.112,5.669,5.408,5.747,5.710,5.395,5.527,4.823,5.828,5.941,5.877,5.920,6.003,5.769,5.981,6.227,6.696,6.168,6.744,6.383,6.474,6.553,6.467,6.610,6.955,7.296,7.123,7.172,7.432,7.561,7.233,7.076,7.490,7.437,7.475,7.549,7.528,7.494,16.680,0.375,-0.016,0.054,0.080,-0.008,0.245,0.248,0.053,0.227,0.041,0.032,-0.219,0.256,0.221,-0.037,0.021,-0.054,-0.032,0.187,0.121,0.022,-0.159,-0.070,-0.014,-0.003,-0.085,-0.147,-0.071,0.027,-0.008,0.036,0.037,-0.072,-0.057,-0.065,-0.073,-0.105,0.029,-0.037,0.099,0.626,0.026,-0.018,0.005,-0.004,-0.053,-0.055,-0.030,0.029,0.077,0.146,-0.014,-0.019,-0.019,-0.038,0.013,0.079,0.052,-0.035,-0.039,0.033,-0.035,0.003,0.043,0.028,0.029,0.033,0.031,-0.019,-0.020,-0.029,-0.057,-0.002,0.014,0.037,-0.045,-0.035,0.002,0.019,-0.000,0.011,0.046
6.603,5.572,4.980,5.066,5.372,6.393,6.060,5.133,5.752,5.863,6.119,5.220,5.885,6.320,5.974,5.630,5.909,6.506,6.819,6.425,6.462,5.973,6.438,6.486,6.486,6.491,6.676,6.806,7.096,7.283,7.442,7.057,7.251,7.334,7.324,7.381,7.335,7.439,7.732,7.829,17.196,0.213,-0.089,0.032,0.020,-0.213,0.015,0.062,-0.022,0.101,0.203,0.079,-0.005,0.159,0.101,0.061,0.124,-0.068,-0.205,0.133,0.125,-0.008,-0.076,0.070,0.058,0.043,-0.040,-0.001,-0.029,0.024,-0.016,-0.090,0.034,-0.049,0.017,-0.067,-0.081,-0.041,0.072,0.038,0.081,0.587,-0.019,-0.004,0.013,0.011,-0.056,-0.173,-0.100,0.032,0.011,0.066,-0.034,0.075,-0.069,-0.099,-0.005,0.077,0.081,-0.010,-0.070,-0.014,-0.017,0.057,0.028,0.023,0.028,0.064,0.070,0.006,-0.042,-0.047,-0.060,-0.011,0.007,0.035,0.008,-0.007,0.031,0.007,-0.010,-0.027,-0.061
7.392,5.387,5.197,5.665,5.294,5.858,5.707,6.122,6.498,5.816,5.753,5.188,6.305,6.221,5.800,6.098,5.832,6.193,6.719,6.458,6.533,5.984,6.502,6.854,6.879,6.576,6.408,7.032,6.990,7.022,7.517,7.570,7.325,7.141,7.348,7.327,7.325,7.606,7.515,7.843,18.090,0.287,0.033,0.063,-0.097,-0.234,-0.114,-0.069,0.138,0.184,0.258,-0.149,-0.159,-0.077,-0.032,0.107,0.155,0.100,-0.105,-0.092,0.088,-0.031,0.025,0.084,0.069,0.024,0.074,0.061,-0.115,-0.017,-0.123,-0.078,-0.023,0.019,0.091,-0.066,-0.106,0.013,0.020,-0.001,0.034,0.541,-0.094,0.016,0.010,-0.012,-0.013,-0.133,-0.072,-0.003,-0.067,-0.028,0.004,0.092,-0.094,-0.109,-0.008,0.001,0.060,0.016,-0.092,-0.041,0.011,0.081,-0.006,-0.001,-0.005,0.053,0.066,0.014,-0.029,-0.019,-0.030,-0.053,0.011,0.045,0.042,0.024,0.037,-0.027,-0.002,-0.051,-0.154
7.517,5.477,5.061,4.619,4.010,5.295,5.138,5.333,6.235,6.326,5.793,5.512,5.696,6.071,6.181,6.098,5.796,5.330,6.492,6.500,6.498,6.421,6.871,7.117,6.839,6.571,6.865,7.007,7.157,7.200,7.082,7.645,7.359,7.315,7.045,7.167,7.509,7.788,7.812,7.728,18.582,0.171,0.045,0.171,0.068,-0.210,-0.416,-0.136,0.068,0.013,0.031,-0.041,0.145,-0.096,-0.127,-0.033,0.102,0.155,-0.043,-0.122,0.031,0.042,0.164,0.006,-0.016,0.007,0.141,0.175,0.005,-0.121,-0.190,-0.168,-0.026,-0.024,0.074,0.012,-0.047,0.061,0.002,-0.054,-0.043,0.321,-0.110,-0.006,-0.010,0.001,0.101,-0.009,-0.027,-0.003,-0.034,-0.094,0.030,0.059,-0.027,-0.083,-0.040,-0.031,0.034,0.063,-0.043,-0.057,0.029,0.039,-0.054,-0.028,-0.001,0.016,0.007,0.025,-0.015,0.016,0.033,-0.040,-0.004,0.011,0.051,0.045,0.012,-0.051,-0.018,-0.040,-0.227
7.557,5.580,5.389,5.405,4.917,5.724,5.827,5.983,6.204,5.884,5.246,5.002,5.585,5.882,6.436,6.308,6.537,6.291,6.397,6.569,6.572,6.283,6.678,6.583,6.411,6.940,7.166,6.620,7.006,6.597,7.224,7.151,7.273,7.539,7.298,7.012,7.453,7.474,7.480,7.716,18.692,-0.075,-0.001,0.033,-0.006,-0.076,-0.206,-0.010,-0.005,-0.062,-0.011,0.112,0.164,-0.085,-0.212,-0.029,0.039,0.134,-0.032,-0.146,-0.039,0.049,0.123,-0.067,0.020,-0.011,0.090,0.095,-0.018,-0.048,-0.014,-0.077,-0.198,-0.027,0.137,0.105,0.030,0.030,-0.071,0.002,-0.095,-0.008,-0.154,-0.042,-0.040,-0.001,0.133,0.104,-0.001,-0.063,-0.031,-0.082,0.043,0.044,0.024,-0.026,-0.020,-0.029,-0.037,0.022,0.025,-0.053,0.018,-0.019,-0.050,-0.013,0.034,-0.021,-0.039,0.037,0.018,0.072,0.063,0.015,0.005,-0.028,0.020,0.058,-0.010,-0.042,0.004,-0.010,-0.267
7.378,5.701,5.737,5.537,4.511,4.379,5.319,5.542,5.963,5.982,6.169,6.038,5.766,5.854,5.491,6.034,6.331,6.243,6.371,6.522,6.653,6.643,6.382,6.542,6.756,7.015,7.171,7.035,6.482,6.545,6.750,7.135,7.156,7.504,7.409,7.303,7.577,7.513,7.480,7.678,18.500,-0.155,-0.101,-0.003,-0.022,0.214,0.015,-0.101,0.037,0.055,-0.132,0.100,0.128,0.027,-0.222,-0.072,0.028,0.087,0.074,-0.053,-0.097,0.097,0.069,-0.122,-0.060,0.054,0.032,0.016,0.050,-0.037,0.010,0.074,-0.077,-0.046,0.050,0.103,0.075,0.011,-0.137,-0.055,-0.056,-0.273,-0.139,-0.056,-0.054,-0.008,0.120,0.189,0.027,-0.029,0.020,0.004,-0.028,-0.070,0.015,0.034,0.036,0.013,-0.040,0.025,0.052,-0.007,-0.021,-0.068,-0.042,-0.002,0.025,-0.029,-0.038,0.018,0.047,0.067,0.067,0.057,0.040,-0.041,-0.027,0.033,-0.019,-0.011,0.018,0.033,-0.270
7.086,5.269,5.024,5.176,4.663,5.283,5.564,5.992,6.326,5.932,6.123,5.744,5.844,5.270,5.998,6.323,6.236,5.578,6.049,6.250,6.703,6.490,6.413,7.240,6.866,6.804,6.731,6.930,7.089,7.280,7.296,6.834,7.292,7.732,7.691,7.409,7.443,7.388,7.689,7.391,18.089,-0.318,-0.104,-0.051,-0.055,0.216,0.191,-0.092,-0.161,0.010,-0.070,-0.003,0.069,-0.017,-0.115,0.027,0.048,-0.048,-0.051,-0.002,-0.114,0.030,-0.022,-0.100,0.025,0.169,0.021,-0.054,0.049,0.033,0.138,0.116,0.079,0.056,-0.036,-0.010,0.121,-0.010,-0.121,0.017,-0.011,-0.496,-0.065,-0.020,-0.040,-0.004,0.051,0.087,0.007,-0.021,0.007,0.029,-0.057,-0.056,0.005,0.099,0.024,0.018,-0.024,0.030,0.064,0.056,-0.034,-0.048,-0.009,-0.012,0.006,-0.011,0.010,0.026,0.022,0.009,0.003,0.079,0.050,-0.057,-0.046,0.010,0.002,0.042,0.009,0.053,-0.209
6.978,5.128,5.228,4.621,5.206,5.589,4.762,5.511,6.450,5.639,5.853,5.781,5.700,5.267,6.038,6.228,6.379,6.059,6.401,6.176,6.916,6.664,6.391,6.490,6.882,6.799,7.164,7.101,6.929,6.909,7.416,7.421,7.119,7.467,7.365,7.341,7.568,7.144,7.433,7.610,17.517,-0.400,-0.183,-0.058,0.053,0.243,0.329,0.038,-0.001,0.075,0.082,-0.122,-0.155,-0.057,-0.007,0.118,0.160,0.045,0.093,0.068,0.033,-0.054,-0.102,-0.186,-0.027,0.041,0.033,0.059,0.063,0.071,0.067,0.069,0.120,0.134,-0.046,-0.066,0.071,-0.016,-0.030,0.031,0.080,-0.784,-0.008,0.053,-0.008,0.006,-0.088,-0.090,0.005,0.005,-0.025,0.052,-0.016,-0.030,0.010,0.113,-0.021,-0.037,-0.034,-0.012,0.018,0.075,-0.031,-0.010,0.034,0.021,-0.029,-0.028,0.008,0.001,0.012,-0.004,-0.038,0.010,0.026,-0.023,-0.014,-0.002,0.023,0.072,0.005,0.028,-0.091
6.167,5.347,5.387,5.588,5.652,6.074,5.643,5.194,6.010,5.705,5.388,5.476,5.532,5.600,6.298,6.453,6.271,6.126,6.374,6.173,6.590,6.161,6.171,6.733,7.195,7.153,6.898,6.833,6.947,7.105,7.473,7.405,7.570,7.376,7.269,7.597,7.409,7.052,7.588,7.696,16.702,-0.275,-0.062,-0.142,-0.062,0.162,0.071,-0.046,-0.093,-0.039,0.024,-0.062,0.026,-0.018,0.175,-0.004,0.061,0.034,0.108,0.111,0.175,-0.047,-0.031,-0.081,-0.056,0.025,0.033,0.122,0.107,0.006,0.001,-0.060,0.099,0.132,-0.098,-0.039,0.081,0.055,0.083,0.003,0.102,-0.797,0.103,0.081,0.020,-0.005,-0.133,-0.186,-0.033,0.048,-0.045,-0.011,0.013,0.023,0.050,0.077,-0.061,-0.097,-0.061,-0.022,-0.025,0.044,0.006,0.058,0.074,0.022,-0.051,-0.037,-0.009,-0.015,-0.001,-0.021,-0.031,-0.044,-0.044,0.006,0.017,-0.029,0.040,0.057,-0.022,-0.023,0.122
5.837,4.747,5.268,5.594,5.230,5.627,5.471,5.938,6.496,6.508,5.928,5.398,5.637,5.652,5.929,6.769,6.540,6.435,6.549,6.726,6.440,6.297,5.575,6.658,6.795,7.005,7.383,7.401,6.908,6.965,7.007,7.451,7.689,7.450,7.288,7.563,7.512,7.529,7.685,7.924,15.275,-0.217,0.145,0.000,0.010,-0.200,-0.375,-0.100,0.028,-0.047,0.078,0.049,-0.000,0.077,0.197,-0.163,-0.164,-0.123,-0.067,-0.018,0.135,-0.019,0.022,0.040,0.085,-0.020,-0.114,-0.030,0.026,0.037,0.058,-0.029,-0.037,0.047,-0.036,0.050,0.083,0.094,0.119,-0.021,0.030,-0.580,0.181,0.094,0.017,-0.016,-0.087,-0.131,-0.004,0.035,-0.041,-0.073,0.001,0.035,0.048,0.032,-0.025,-0.097,-0.067,-0.039,-0.050,-0.035,0.032,0.055,0.092,0.014,-0.030,-0.025,-0.056,-0.063,0.003,0.007,0.000,-0.054,-0.081,0.021,0.015,-0.031,0.024,0.007,-0.018,-0.065,0.363
6.282,5.150,4.294,4.378,5.463,5.618,4.979,5.312,6.108,5.619,5.775,6.064,5.784,5.951,6.035,6.357,6.329,5.930,6.532,6.848,6.705,6.518,6.416,6.878,7.036,6.867,7.233,7.314,7.129,7.255,7.200,7.314,7.667,7.252,7.534,7.703,7.747,7.612,7.576,7.742,15.225,0.108,0.135,0.022,-0.058,-0.228,-0.387,-0.188,0.064,-0.153,-0.121,-0.022,0.106,0.165,0.167,-0.140,-0.274,-0.271,-0.081,-0.083,0.054,0.043,0.205,0.159,0.081,-0.056,-0.093,-0.052,-0.006,0.044,0.039,0.008,-0.064,-0.123,-0.009,0.019,-0.031,0.136,0.088,-0.068,-0.102,0.013,0.173,0.056,0.056,0.045,0.032,0.079,0.085,0.047,0.040,-0.009,-0.025,-0.041,-0.007,-0.073,0.008,-0.027,-0.008,0.000,-0.031,-0.069,0.016,-0.005,0.034,-0.021,-0.047,0.002,-0.059,-0.066,0.000,-0.002,0.002,-0.030,-0.053,0.029,0.009,-0.031,-0.019,-0.032,0.016,-0.063,0.438
5.834,5.951,5.776,5.275,4.299,3.945,4.596,5.591,6.167,6.073,5.905,5.485,5.958,6.078,5.355,5.455,5.735,5.823,6.233,6.515,6.765,6.597,6.469,6.841,6.864,6.373,6.845,6.992,7.024,7.124,7.408,7.282,7.308,7.347,7.480,7.703,7.867,7.457,7.333,7.736,15.354,0.313,0.191,-0.056,-0.030,0.001,-0.098,0.089,0.096,-0.071,-0.212,-0.138,-0.022,0.093,0.155,0.059,-0.159,-0.137,-0.008,-0.087,-0.083,0.059,0.055,0.157,-0.024,-0.071,-0.029,-0.134,-0.197,0.068,0.084,0.037,-0.068,-0.141,0.012,-0.022,-0.027,0.062,0.000,-0.022,-0.145,0.627,0.141,0.000,0.014,0.001,0.154,0.275,0.105,-0.028,0.073,0.036,-0.001,-0.035,-0.063,-0.118,0.025,0.060,0.081,0.034,0.002,-0.045,-0.014,-0.068,-0.021,-0.060,-0.030,0.043,-0.021,-0.013,-0.003,-0.022,-0.021,-0.003,-0.007,-0.005,0.001,-0.009,-0.044,-0.027,0.033,-0.021,0.339
6.708,5.419,5.242,5.459,4.975,4.980,5.141,5.685,5.409,5.319,5.287,5.963,6.196,6.221,5.887,5.740,5.320,6.030,6.119,6.548,6.643,7.038,6.518,7.045,6.882,7.005,6.906,7.009,7.111,7.220,7.315,7.168,7.145,7.380,7.269,7.373,7.913,7.525,7.424,7.281,16.727,0.326,0.193,0.167,0.183,0.224,0.325,0.282,0.107,0.171,0.126,-0.096,-0.170,-0.063,-0.168,-0.075,-0.078,0.002,0.080,-0.011,-0.063,-0.007,-0.072,0.030,-0.106,-0.184,0.003,-0.123,-0.110,-0.007,-0.023,-0.081,-0.034,-0.037,0.024,0.043,-0.021,-0.023,-0.018,0.082,-0.127,0.791,0.020,-0.022,0.019,-0.017,0.109,0.232,0.067,-0.069,0.093,0.102,0.028,-0.035,-0.081,-0.096,0.011,0.102,0.099,-0.007,-0.010,-0.024,-0.053,-0.087,-0.047,-0.050,-0.007,0.015,0.004,0.032,-0.009,-0.009,-0.002,0.012,0.038,-0.016,0.017,0.026,-0.052,-0.003,0.025,0.030,0.087
7.186,5.566,4.513,4.903,5.480,5.458,5.836,6.232,6.489,5.596,5.483,5.340,5.893,6.292,6.297,6.283,6.360,6.343,6.321,6.461,6.765,6.310,6.307,6.455,6.519,6.790,6.875,6.567,7.255,7.405,7.136,7.185,7.246,7.446,7.309,7.593,7.738,7.573,7.649,7.430,17.658,0.377,0.117,-0.002,-0.108,0.341,0.647,0.190,-0.132,0.157,0.133,0.081,-0.037,-0.126,-0.226,-0.070,0.039,0.147,0.022,-0.043,-0.033,-0.064,-0.180,-0.002,-0.121,-0.107,0.054,-0.101,0.011,0.047,-0.022,-0.089,-0.068,-0.029,-0.078,0.044,0.034,-0.049,0.037,0.070,-0.061,0.726,-0.081,-0.110,-0.001,-0.034,-0.023,0.037,-0.056,-0.077,0.004,0.084,0.040,0.014,-0.039,-0.045,-0.001,0.068,0.010,-0.050,-0.024,0.025,-0.052,0.004,-0.032,0.016,0.050,0.005,0.042,0.077,-0.001,0.003,0.033,0.027,0.038,-0.008,-0.000,0.005,-0.019,0.008,-0.018,0.041,-0.137
7.238,6.308,5.762,5.482,5.994,6.489,5.771,5.528,6.803,6.488,5.506,5.285,5.500,5.003,5.189,5.552,6.026,6.068,6.430,6.558,6.668,6.301,6.647,6.542,6.288,6.674,6.605,6.976,6.980,7.000,6.931,7.194,7.513,7.321,7.834,7.651,7.694,7.464,7.829,7.259,18.026,0.177,0.060,0.087,-0.106,0.144,0.400,0.096,-0.167,0.197,0.215,0.006,-0.060,-0.132,-0.122,-0.020,0.136,0.081,-0.130,-0.156,-0.090,-0.160,-0.113,0.003,-0.120,-0.074,-0.059,-0.051,0.048,0.009,0.047,0.059,-0.005,0.009,-0.044,0.071,0.067,-0.067,0.054,0.011,0.008,0.397,-0.111,-0.133,-0.058,-0.017,-0.102,-0.169,-0.100,-0.009,-0.087,-0.048,-0.021,0.050,0.040,0.071,0.061,0.042,-0.033,-0.038,0.003,0.016,-0.030,0.073,0.008,0.072,0.101,0.009,0.066,0.025,0.015,0.026,0.056,0.039,0.018,0.033,-0.035,-0.029,-0.001,-0.001,-0.035,0.043,-0.213
7.455,6.091,5.507,4.722,5.496,6.423,5.229,5.008,6.256,6.154,6.199,5.640,5.676,5.557,5.356,5.743,6.116,5.912,5.862,6.346,6.430,6.066,6.395,6.488,6.624,6.808,6.489,7.065,7.325,7.122,7.157,6.931,6.981,6.987,7.416,7.735,7.732,7.672,7.482,7.444,18.334,-0.017,-0.292,-0.021,-0.055,-0.075,0.052,-0.096,-0.154,-0.066,0.161,0.011,-0.009,-0.069,-0.091,0.024,0.076,-0.125,-0.153,-0.135,0.053,-0.123,0.096,0.012,0.062,0.127,0.029,0.040,0.111,0.054,0.062,0.133,0.054,0.025,0.008,-0.037,-0.048,-0.009,0.002,-0.077,-0.009,0.137,-0.096,-0.041,-0.040,0.020,-0.141,-0.241,-0.069,0.090,-0.087,-0.065,-0.060,0.023,0.080,0.073,0.003,-0.035,-0.056,0.041,0.070,-0.003,0.021,0.095,0.037,0.088,0.087,0.016,0.072,-0.000,-0.003,-0.001,0.017,0.039,0.031,0.056,-0.012,-0.046,-0.003,-0.023,-0.008,0.034,-0.191
7.457,5.458,5.180,5.021,5.687,6.498,5.927,5.461,6.510,6.116,4.960,5.515,5.645,5.979,6.259,6.692,5.848,5.597,5.568,6.154,6.012,6.595,6.488,6.427,6.458,6.703,6.845,6.999,7.119,7.597,7.600,7.271,7.323,7.389,7.572,7.636,7.581,7.748,7.562,7.312,18.376,-0.030,-0.266,-0.114,0.070,-0.080,-0.221,-0.073,0.071,-0.152,-0.130,-0.164,0.068,0.107,0.120,0.182,0.115,-0.028,-0.023,0.052,-0.028,-0.127,0.154,0.063,0.162,0.202,0.060,0.135,-0.035,0.065,0.063,0.088,0.100,0.028,0.143,-0.093,-0.127,-0.046,-0.008,-0.020,0.060,0.022,-0.049,0.052,-0.064,-0.004,-0.054,-0.128,-0.039,0.092,-0.067,-0.087,0.012,0.041,0.071,0.024,-0.112,-0.105,0.003,0.114,0.117,0.009,0.073,0.010,0.019,0.036,0.044,0.025,0.030,0.003,0.002,-0.027,-0.030,0.011,0.010,0.009,0.007,-0.025,0.004,-0.021,0.010,0.026,-0.117
6.992,4.530,4.700,4.860,5.256,5.713,5.280,5.498,6.308,6.588,5.809,5.182,5.476,5.350,5.883,6.091,5.824,5.814,6.077,6.929,6.480,6.642,6.444,6.821,7.068,6.918,6.956,7.108,7.453,7.418,7.465,7.416,7.465,7.452,7.254,7.357,7.749,7.444,7.399,7.356,18.170,0.001,0.075,-0.103,-0.097,-0.251,-0.250,-0.070,0.199,-0.105,-0.019,-0.136,0.017,0.155,0.019,-0.155,-0.125,-0.076,0.173,0.204,-0.079,0.023,0.162,0.154,0.179,0.189,0.074,0.166,0.050,0.003,-0.035,-0.020,0.077,0.115,0.110,0.068,-0.099,-0.074,-0.049,0.047,0.082,-0.044,-0.020,0.122,-0.017,-0.018,0.029,-0.002,0.031,0.050,0.003,-0.056,0.059,0.039,0.031,0.030,-0.094,-0.088,0.059,0.087,0.068,-0.004,0.056,-0.068,-0.013,-0.048,-0.040,-0.019,-0.025,0.003,-0.030,-0.028,-0.025,-0.016,-0.011,-0.033,0.041,0.030,0.002,0.017,0.025,0.024,-0.099
7.318,5.761,5.596,5.764,5.715,5.739,5.382,5.639,6.016,5.621,4.881,5.852,6.137,5.707,5.836,5.954,6.033,6.002,6.581,6.125,6.008,6.782,6.937,7.184,7.078,6.917,7.046,6.779,7.240,7.166,7.216,7.452,7.409,7.803,7.449,7.203,7.457,7.539,7.769,7.605,18.215,-0.079,0.137,-0.193,-0.102,-0.039,-0.089,-0.113,0.115,-0.118,-0.128,0.142,0.132,0.112,-0.056,-0.488,-0.287,0.070,0.276,0.258,0.020,0.132,-0.098,0.028,0.002,0.113,0.046,0.038,0.094,0.046,-0.038,-0.017,0.037,0.016,-0.050,0.056,-0.031,-0.015,-0.024,-0.002,0.090,-0.095,-0.094,0.043,0.022,-0.009,0.062,0.030,0.023,-0.048,0.043,0.027,0.095,0.006,-0.047,0.007,-0.000,-0.026,0.047,0.018,-0.025,0.040,0.044,-0.063,-0.050,-0.080,-0.077,-0.034,-0.040,0.028,-0.050,-0.022,-0.001,-0.024,-0.026,-0.071,0.013,0.064,0.033,0.018,-0.007,-0.006,-0.152
7.531,6.317,4.782,3.866,4.227,5.552,5.152,5.912,5.980,6.305,5.557,5.554,6.206,5.786,4.793,5.487,5.641,6.572,6.377,5.966,6.549,6.782,6.942,7.005,7.259,7.069,7.220,7.428,7.278,7.161,7.249,7.224,7.514,7.329,7.817,7.459,7.423,7.529,7.612,7.708,18.196,-0.092,0.118,-0.067,-0.057,0.049,-0.024,0.081,0.072,-0.069,-0.120,0.151,0.156,0.083,0.147,-0.111,-0.164,0.119,0.133,0.099,0.008,0.029,-0.117,-0.035,-0.098,-0.030,-0.060,-0.035,0.060,-0.087,-0.029,0.059,0.007,-0.026,-0.059,0.094,0.053,-0.016,0.093,0.040,0.095,-0.299,-0.111,-0.052,0.074,0.082,0.093,0.032,0.028,-0.066,0.063,0.021,0.002,0.010,-0.054,0.016,0.191,0.115,0.039,-0.073,-0.074,0.018,-0.028,0.000,-0.029,-0.051,-0.090,-0.025,-0.022,-0.035,-0.051,-0.012,-0.005,-0.042,-0.053,-0.043,-0.038,0.049,0.035,0.008,-0.016,-0.035,-0.173
6.795,5.248,4.176,5.006,6.005,6.133,5.425,5.826,6.083,5.618,5.794,5.989,5.838,5.480,4.362,5.561,6.292,6.599,6.708,6.737,6.636,6.033,6.378,6.344,6.926,6.856,6.905,7.307,7.435,7.537,7.625,7.550,7.378,7.200,7.568,7.430,7.671,7.587,7.443,7.587,17.888,-0.452,-0.073,-0.020,0.005,0.080,-0.182,-0.033,-0.106,0.044,0.056,0.168,0.026,-0.090,0.089,0.159,0.004,0.111,0.086,-0.020,0.130,0.092,-0.024,-0.091,-0.101,-0.072,-0.045,0.035,0.098,-0.143,-0.049,0.042,0.014,-0.033,-0.128,-0.040,0.116,0.092,0.013,-0.054,0.025,-0.611,-0.033,-0.018,0.120,0.055,-0.048,0.008,0.022,-0.045,0.041,0.044,-0.084,-0.046,-0.015,0.031,0.233,0.136,-0.044,-0.132,-0.070,-0.043,-0.067,0.066,0.023,-0.008,-0.063,-0.009,-0.000,-0.050,-0.036,-0.009,-0.020,-0.042,-0.022,0.005,-0.038,0.019,0.013,-0.018,0.003,-0.041,-0.072
6.795,5.376,5.077,4.955,5.357,5.397,5.665,5.766,5.932,5.987,6.108,5.895,6.040,6.198,6.065,5.466,6.287,6.181,6.511,6.664,6.309,6.433,6.550,6.752,6.994,6.647,6.854,7.142,6.920,7.085,7.555,7.401,7.350,7.459,7.664,7.509,7.564,7.888,7.760,7.839,16.838,-0.368,-0.080,0.181,0.261,0.153,-0.045,0.029,-0.019,0.128,-0.008,-0.141,0.122,-0.014,0.025,0.479,0.303,0.101,-0.099,-0.025,-0.046,-0.098,0.125,0.068,-0.027,-0.171,-0.008,0.058,-0.129,-0.158,-0.089,-0.074,-0.125,-0.124,-0.067,-0.076,0.073,0.050,-0.025,-0.009,-0.062,-0.648,0.095,0.013,0.065,0.034,-0.090,0.030,-0.012,-0.033,-0.013,0.011,-0.078,-0.049,-0.012,-0.037,0.024,0.063,-0.079,-0.086,-0.011,-0.064,-0.023,0.039,0.015,-0.006,-0.004,0.000,-0.011,-0.032,0.040,0.022,-0.014,-0.021,0.007,0.021,-0.025,-0.020,-0.018,-0.049,0.001,-0.026,0.161
5.427,5.864,5.351,5.246,5.550,4.908,4.960,5.182,6.259,6.062,5.446,5.813,5.768,5.946,5.994,5.986,6.265,6.628,6.416,6.428,6.589,6.836,6.677,6.807,6.853,6.901,7.405,7.412,6.707,6.960,7.273,7.433,7.326,7.096,7.324,7.760,7.844,7.423,7.426,7.666,15.837,-0.107,0.147,0.284,0.012,-0.332,-0.037,0.025,-0.065,-0.012,0.036,-0.131,-0.080,0.087,0.158,0.381,0.158,-0.143,-0.266,-0.027,-0.166,-0.141,0.110,0.094,-0.072,-0.132,-0.026,-0.009,-0.060,-0.098,-0.051,-0.050,-0.109,-0.043,-0.023,-0.049,0.056,0.020,-0.056,0.039,-0.036,-0.282,0.254,0.030,-0.040,-0.049,-0.084,0.052,0.023,-0.009,-0.078,-0.042,-0.034,-0.051,-0.027,-0.054,-0.118,-0.066,-0.057,-0.020,0.029,-0.021,0.011,-0.027,-0.030,0.002,0.050,0.009,-0.030,-0.022,0.059,0.033,-0.010,0.011,0.032,0.043,0.012,-0.040,-0.048,-0.014,0.016,0.006,0.369
6.376,5.608,5.098,5.049,5.219,5.939,5.529,6.141,6.531,6.043,5.028,6.250,6.171,5.679,6.371,6.789,6.157,6.061,6.397,5.889,6.083,7.006,7.133,6.637,6.441,7.009,7.258,6.729,6.851,7.004,7.057,6.660,6.919,7.044,7.561,7.657,7.586,7.484,7.574,7.357,15.980,0.210,0.074,0.104,0.110,-0.195,0.056,-0.008,-0.111,-0.104,-0.056,-0.089,-0.034,-0.066,-0.074,-0.101,0.072,-0.151,-0.122,0.047,-0.162,0.028,0.013,-0.052,-0.140,-0.018,-0.068,-0.067,-0.021,0.090,0.084,0.035,-0.038,0.015,-0.004,-0.028,-0.017,-0.071,-0.117,-0.002,-0.004,0.342,0.202,0.000,-0.128,-0.092,-0.002,0.003,-0.005,-0.033,-0.057,-0.004,0.064,-0.047,-0.052,-0.060,-0.185,-0.155,-0.003,0.073,0.018,0.062,0.072,-0.060,-0.058,0.028,0.088,0.041,-0.015,0.010,0.043,0.031,0.010,0.067,0.042,0.023,0.021,-0.014,-0.017,0.008,0.000,0.025,0.363
6.468,5.867,5.587,5.019,4.413,5.675,5.619,5.315,5.725,5.769,5.679,5.412,6.209,6.527,6.116,5.689,5.643,5.331,6.628,6.292,6.045,6.294,6.554,6.041,6.543,6.543,6.660,7.216,6.978,7.324,7.623,7.378,7.380,7.293,7.375,7.637,7.759,7.507,7.732,7.645,16.909,0.528,-0.003,-0.179,-0.162,-0.164,0.030,0.102,-0.104,-0.232,-0.129,-0.027,-0.151,-0.198,-0.131,-0.139,-0.209,-0.047,-0.003,0.091,0.083,0.085,-0.105,-0.180,-0.034,0.102,0.027,-0.054,-0.065,0.027,0.028,-0.060,0.025,0.057,0.053,-0.002,-0.040,-0.086,-0.011,0.021,0.025,0.737,0.052,-0.075,-0.133,-0.067,0.101,-0.013,0.007,0.028,0.019,-0.002,0.050,0.016,-0.041,-0.067,-0.077,-0.055,0.076,0.117,-0.034,0.078,0.041,-0.024,0.007,0.082,0.059,0.066,0.019,-0.027,-0.007,-0.002,-0.019,0.040,0.002,0.011,0.013,-0.007,0.003,0.033,-0.025,-0.001,0.144
7.324,5.744,5.478,5.619,4.949,5.295,5.298,5.145,5.679,5.853,5.546,5.926,5.488,5.538,5.498,5.972,5.841,6.220,6.639,5.922,6.722,6.769,6.353,6.434,7.058,6.487,6.891,7.135,7.234,7.321,7.553,7.238,7.397,7.338,7.497,7.486,7.252,7.263,7.599,7.827,18.014,0.327,-0.005,-0.230,-0.112,0.060,-0.063,-0.036,-0.162,-0.047,0.055,0.126,-0.076,-0.133,-0.131,-0.186,-0.287,0.037,0.135,0.006,0.140,0.148,-0.067,-0.087,0.093,0.152,0.170,0.004,-0.077,-0.008,0.025,-0.019,0.143,0.036,0.008,0.006,0.049,0.016,-0.006,0.000,0.030,0.659,-0.103,-0.051,-0.011,-0.023,0.077,-0.001,0.024,0.070,0.047,-0.003,0.043,0.023,0.057,0.033,0.063,0.037,0.068,0.036,-0.064,0.048,-0.032,-0.016,0.066,0.070,0.001,0.045,0.019,-0.012,-0.036,-0.024,-0.015,0.009,-0.008,0.025,0.000,0.003,0.039,0.055,-0.020,-0.035,-0.121
7.592,5.781,4.266,4.150,4.867,5.380,5.588,5.162,5.524,5.515,5.051,5.220,5.119,5.358,5.736,5.349,6.188,6.532,6.751,6.826,6.696,6.431,6.168,6.738,7.054,7.299,7.320,6.884,6.648,6.942,6.727,7.267,7.372,7.214,7.346,7.645,7.580,7.481,7.521,7.554,18.507,0.094,-0.190,-0.213,-0.215,0.043,-0.043,0.075,0.098,0.056,-0.028,0.012,0.023,-0.084,-0.150,0.040,0.060,0.142,0.191,-0.177,0.072,0.005,0.029,0.149,0.221,0.078,0.186,0.049,-0.168,-0.087,-0.034,-0.117,0.001,-0.045,0.026,-0.001,-0.013,-0.006,0.051,-0.086,-0.058,0.282,-0.160,-0.007,0.133,0.131,0.062,0.031,-0.000,0.058,0.059,-0.002,0.026,0.057,0.091,0.067,0.060,0.106,0.007,-0.025,-0.048,-0.037,-0.048,-0.004,0.072,0.014,-0.050,-0.065,-0.018,0.031,0.001,-0.021,0.032,-0.009,-0.001,0.020,-0.008,-0.006,0.028,0.022,-0.006,-0.030,-0.246
7.448,5.628,4.611,4.924,5.292,5.773,5.365,5.407,6.398,6.445,5.972,5.963,6.052,5.609,5.631,5.526,6.070,6.135,6.363,6.323,6.497,6.601,6.890,6.754,6.947,7.479,6.949,6.511,6.976,7.318,7.412,7.429,7.105,7.122,7.606,7.899,7.754,7.468,7.681,7.554,18.475,-0.090,-0.089,0.064,0.019,0.088,0.088,0.128,0.136,-0.014,-0.121,0.104,-0.007,0.163,0.100,0.124,0.121,0.093,-0.037,-0.139,0.083,-0.091,-0.131,0.112,0.080,0.001,0.076,-0.025,-0.028,-0.033,-0.004,-0.012,0.019,0.024,0.132,-0.027,-0.017,0.085,0.127,-0.046,-0.140,-0.037,-0.102,0.020,0.122,0.131,0.030,0.042,-0.026,0.016,0.012,-0.021,-0.034,0.011,0.043,0.083,0.049,0.074,-0.024,-0.050,-0.003,-0.028,-0.037,-0.004,0.011,-0.036,-0.047,-0.103,-0.032,0.066,0.035,-0.016,0.029,-0.037,0.010,0.004,-0.012,-0.035,-0.007,-0.002,0.024,-0.007,-0.218
6.875,4.974,4.958,4.292,4.458,5.220,5.960,5.675,5.648,5.334,5.526,5.510,5.506,5.745,6.248,6.213,6.239,6.326,5.881,6.450,6.183,6.522,7.028,6.988,6.987,6.976,6.875,6.689,6.674,7.158,7.107,7.286,7.302,7.533,7.315,7.365,7.477,7.660,7.260,7.490,18.091,-0.063,0.002,0.338,0.425,0.134,0.107,0.020,0.038,0.045,-0.050,0.112,0.100,0.110,0.089,0.005,0.116,-0.038,-0.043,-0.075,-0.072,-0.035,-0.094,0.080,0.045,-0.071,-0.249,-0.132,0.067,0.044,-0.060,0.095,0.040,0.056,0.092,-0.024,-0.037,0.020,0.033,0.013,-0.040,-0.144,-0.108,0.035,0.056,0.094,0.005,0.007,-0.087,-0.067,-0.019,0.013,-0.026,-0.016,-0.014,0.007,-0.033,-0.043,-0.034,-0.028,0.041,-0.025,0.013,0.006,-0.039,-0.055,-0.025,-0.065,-0.012,0.047,0.044,0.011,0.035,-0.031,0.005,-0.040,0.011,-0.012,-0.003,-0.040,0.040,0.022,-0.191
7.231,5.705,5.451,5.641,5.594,5.815,5.753,5.571,5.545,5.337,5.830,5.748,6.110,5.846,5.863,6.143,6.283,6.140,6.380,6.523,6.524,6.067,6.482,6.709,7.094,7.027,6.990,7.094,7.058,7.193,7.302,7.321,7.553,7.840,7.376,7.543,7.732,7.806,7.498,7.162,18.038,-0.105,-0.002,0.103,0.223,0.167,0.070,-0.136,-0.051,0.017,-0.041,-0.094,-0.061,-0.015,0.167,0.076,0.056,0.008,0.002,-0.059,0.071,-0.015,-0.025,0.003,0.002,-0.006,-0.126,-0.064,0.135,0.102,-0.043,0.018,-0.062,0.034,-0.007,-0.042,-0.116,-0.030,-0.006,0.071,-0.011,-0.220,-0.115,-0.018,-0.044,-0.029,-0.063,-0.061,-0.079,-0.064,-0.017,0.027,-0.046,-0.016,-0.082,-0.080,-0.045,-0.046,0.003,0.032,0.012,-0.036,0.019,0.061,-0.018,-0.018,-0.013,-0.021,0.017,-0.013,0.020,0.042,-0.013,-0.044,-0.021,-0.060,0.023,0.001,-0.016,-0.047,0.015,0.039,-0.224
7.388,5.752,5.534,5.917,5.385,5.895,5.493,5.267,6.176,5.818,5.682,5.829,5.640,5.682,5.645,5.620,5.890,6.316,6.369,6.364,6.505,6.230,6.772,6.985,6.625,6.279,6.642,6.924,6.827,6.704,7.255,7.520,7.427,7.318,7.339,7.637,7.690,7.479,7.679,7.550,18.006,-0.437,-0.060,0.050,0.154,0.028,0.002,-0.228,-0.144,-0.052,-0.002,-0.019,-0.030,-0.065,-0.146,-0.101,-0.123,0.014,0.032,-0.011,-0.048,0.035,0.006,0.006,-0.014,-0.046,-0.039,0.009,-0.017,0.067,0.040,0.042,-0.115,-0.023,-0.106,0.061,-0.024,0.035,-0.085,0.056,-0.011,-0.581,-0.107,-0.051,-0.099,-0.102,-0.084,-0.065,-0.005,0.001,-0.049,0.006,-0.009,0.004,-0.057,-0.083,-0.019,-0.020,-0.006,0.006,-0.008,-0.011,-0.013,0.046,-0.022,-0.018,0.017,0.064,0.036,-0.018,-0.003,0.054,-0.049,-0.023,-0.025,-0.023,0.029,0.024,-0.000,-0.011,-0.023,0.014,-0.237
6.666,5.231,4.839,5.225,5.666,5.787,4.918,5.354,6.217,5.997,5.423,5.499,5.910,6.473,6.310,6.105,6.286,6.150,5.826,6.723,6.259,6.623,7.036,6.764,7.096,7.196,6.744,7.065,7.411,7.329,7.429,7.000,7.213,7.194,7.383,7.184,7.497,7.528,7.828,7.467,17.419,-0.480,-0.147,-0.014,0.008,-0.172,-0.163,-0.144,-0.094,-0.053,-0.009,-0.059,-0.019,-0.162,-0.183,-0.046,0.012,0.082,0.086,-0.112,-0.110,-0.029,0.123,0.057,0.021,-0.077,-0.133,-0.012,-0.051,0.056,0.155,-0.052,-0.123,-0.040,-0.068,0.046,-0.020,-0.001,-0.048,0.009,0.039,-0.940,0.008,-0.008,-0.047,-0.044,-0.042,-0.038,0.056,0.053,-0.028,-0.000,0.028,0.028,-0.031,-0.064,-0.016,0.004,-0.034,-0.000,0.023,-0.019,-0.019,0.012,-0.031,-0.021,0.006,0.029,0.019,0.003,-0.030,0.014,-0.026,0.039,0.001,0.019,0.019,0.045,0.017,0.015,-0.040,0.009,-0.087
4.973,4.911,5.512,5.271,4.564,5.245,5.240,5.065,5.050,4.994,5.634,5.483,5.278,4.699,5.519,5.615,6.306,6.480,6.102,6.109,6.490,6.275,6.779,6.889,6.757,6.698,7.042,6.620,6.834,7.292,7.255,6.871,7.358,7.325,7.616,7.427,7.768,7.375,7.375,7.283,15.496,-0.409,-0.178,-0.101,0.024,-0.116,-0.102,-0.002,0.065,-0.167,-0.038,0.050,0.097,-0.102,-0.152,-0.030,0.041,-0.104,-0.054,-0.089,-0.037,-0.094,0.064,-0.055,-0.055,0.050,0.076,0.023,0.067,0.052,0.111,-0.113,-0.044,-0.032,0.010,0.077,0.034,0.005,0.002,-0.071,0.004,-0.968,0.202,0.067,-0.020,-0.038,0.027,0.015,0.044,0.064,0.051,0.015,-0.048,-0.009,0.028,0.066,0.034,0.017,-0.028,-0.002,0.049,0.016,-0.024,-0.020,-0.032,-0.022,0.010,0.035,0.000,0.047,-0.013,-0.038,-0.008,0.076,0.017,0.026,-0.014,0.015,0.003,0.033,-0.006,0.005,0.244
6.040,5.390,5.395,6.005,5.144,5.327,5.161,5.201,5.843,5.703,5.559,5.824,5.483,5.424,5.698,6.204,6.487,6.487,5.955,6.102,6.386,6.658,6.765,6.863,6.644,6.154,6.732,6.991,7.335,7.674,7.045,7.032,7.387,7.498,7.470,7.547,7.685,7.619,7.698,7.488,14.592,-0.080,0.017,-0.055,0.068,0.029,-0.068,0.028,0.109,-0.067,-0.025,0.012,0.015,-0.150,-0.151,-0.041,-0.004,-0.102,0.045,0.095,-0.029,-0.045,0.006,-0.119,-0.084,-0.022,-0.036,0.025,0.109,-0.042,-0.009,-0.036,0.098,0.046,0.028,0.043,0.081,0.070,0.025,-0.066,0.027,-0.460,0.240,0.104,0.007,-0.060,0.062,0.057,-0.009,-0.010,0.082,0.007,-0.084,-0.055,0.051,0.057,-0.006,-0.037,-0.022,0.001,0.074,0.013,0.019,-0.032,-0.007,-0.013,-0.014,0.055,0.010,0.011,-0.020,-0.060,0.028,0.063,0.022,0.006,-0.024,-0.010,0.001,0.023,0.016,-0.009,0.485
5.655,4.781,4.754,5.650,5.064,5.613,5.364,5.670,5.527,5.775,5.866,6.154,5.346,5.448,5.803,5.774,5.267,5.877,5.861,6.487,5.971,6.534,6.632,6.662,7.103,7.179,6.762,7.299,7.125,7.087,6.881,7.283,7.178,7.215,7.680,7.627,7.619,7.442,7.388,7.559,14.579,0.372,0.194,-0.031,-0.065,0.063,0.029,-0.092,0.073,0.211,0.078,-0.293,-0.093,0.068,0.167,0.066,-0.030,-0.036,0.041,0.128,-0.009,-0.078,-0.034,-0.067,-0.071,-0.025,0.090,-0.008,0.139,0.050,-0.069,-0.007,0.152,0.017,-0.022,-0.009,-0.002,0.012,0.043,0.065,0.022,0.397,0.187,0.090,0.024,-0.098,0.037,0.042,-0.043,-0.095,0.099,0.034,-0.060,-0.070,0.042,0.005,-0.035,-0.023,0.052,0.021,0.051,0.007,0.057,0.015,0.038,0.018,-0.042,0.008,0.022,-0.060,-0.007,-0.028,0.037,0.011,0.009,0.007,-0.035,-0.029,-0.017,0.008,0.037,-0.002,0.467
5.926,5.380,4.944,5.375,5.558,5.264,4.998,5.596,5.646,5.484,5.365,5.238,5.126,5.346,5.964,6.004,6.295,6.675,6.422,6.390,6.294,6.524,6.515,6.459,6.813,6.774,7.009,7.273,7.057,7.388,7.435,7.285,7.532,7.388,7.565,7.491,7.924,7.617,7.491,7.462,15.579,0.330,0.187,-0.012,-0.250,0.047,0.057,-0.144,-0.146,0.165,-0.033,-0.308,-0.199,0.007,-0.055,-0.125,-0.136,-0.063,0.042,0.148,-0.057,0.056,0.014,0.029,-0.037,-0.109,0.133,0.055,-0.033,-0.043,-0.055,0.035,0.094,0.046,-0.022,-0.030,-0.053,0.002,0.047,0.024,-0.017,0.801,0.041,-0.014,-0.026,-0.091,-0.012,0.021,-0.024,-0.110,0.041,0.067,0.088,0.015,0.024,-0.023,-0.037,0.002,0.016,-0.042,-0.032,0.029,0.036,0.045,0.058,0.018,-0.018,0.021,0.010,-0.090,-0.018,-0.007,0.001,-0.045,-0.023,0.017,-0.007,-0.028,-0.048,-0.021,0.018,0.003,0.209
6.890,5.886,5.580,5.263,4.674,5.423,4.859,5.231,6.206,5.494,4.265,5.310,5.797,5.572,5.717,5.564,6.220,6.593,6.510,5.921,6.146,6.171,6.567,6.737,6.548,6.838,6.865,7.173,7.225,7.090,7.024,7.506,7.370,7.270,7.524,7.446,7.710,7.592,7.801,7.404,16.987,0.321,0.188,-0.002,-0.307,0.059,0.043,-0.132,-0.282,0.210,0.138,-0.090,-0.143,0.031,-0.176,-0.160,-0.007,0.135,0.054,0.138,0.010,0.142,0.136,0.060,0.009,-0.116,0.031,0.119,-0.161,0.019,-0.007,0.037,0.014,0.012,0.068,-0.061,-0.045,-0.047,0.029,0.069,0.014,0.736,-0.083,-0.091,-0.047,-0.022,-0.047,-0.037,0.028,-0.040,-0.052,0.050,0.204,0.075,-0.021,-0.032,0.007,0.029,0.000,-0.039,-0.069,0.034,0.012,-0.011,0.010,0.010,0.031,0.009,-0.010,-0.078,-0.045,0.005,-0.012,-0.068,-0.014,0.030,0.013,-0.010,-0.045,-0.046,-0.031,0.010,-0.078
7.075,5.770,4.923,4.949,5.575,5.706,4.693,4.691,6.330,5.677,4.817,5.251,5.292,5.086,5.113,5.632,5.697,6.341,6.368,6.101,6.579,6.908,6.942,6.641,6.378,6.991,6.954,6.891,7.072,7.396,7.149,7.392,7.519,7.360,7.399,7.373,7.647,7.777,7.610,7.479,17.391,0.153,-0.050,-0.197,-0.264,-0.031,0.028,-0.072,-0.265,0.137,0.279,0.352,0.114,-0.010,-0.095,-0.115,-0.005,-0.108,-0.170,-0.070,0.108,0.023,0.143,0.106,-0.036,-0.067,0.101,0.011,-0.191,-0.118,-0.077,-0.053,-0.056,-0.064,0.066,0.032,-0.036,-0.138,-0.075,0.022,0.046,0.418,-0.071,-0.063,-0.010,0.067,-0.052,-0.047,0.062,0.078,-0.078,-0.021,0.115,0.089,0.005,0.073,0.091,0.030,0.011,-0.017,-0.055,0.013,-0.031,-0.107,-0.042,-0.007,0.048,0.000,-0.033,0.009,-0.008,-0.001,-0.031,-0.058,-0.012,0.003,0.006,0.017,-0.032,-0.043,-0.028,0.014,-0.176
6.685,5.528,4.754,4.329,5.352,5.608,4.858,4.711,6.234,6.367,5.689,5.430,5.419,4.698,5.427,5.925,6.240,6.313,6.576,6.682,6.539,7.023,6.718,6.618,6.740,7.225,7.382,6.687,7.213,7.049,7.206,7.299,7.244,7.567,7.457,7.462,7.522,7.505,7.674,7.622,17.355,0.047,-0.142,-0.171,-0.169,-0.131,-0.141,0.009,-0.067,-0.033,0.174,0.396,0.125,-0.029,0.026,0.097,0.051,-0.012,-0.047,-0.108,0.080,-0.002,-0.152,-0.054,-0.022,0.111,0.149,-0.034,-0.174,-0.135,-0.031,-0.023,-0.114,0.000,0.085,0.024,-0.061,-0.141,-0.126,-0.090,0.039,0.199,-0.056,-0.008,0.046,0.123,-0.035,-0.046,0.048,0.114,-0.122,-0.155,-0.042,0.017,-0.018,0.106,0.082,-0.023,-0.001,0.018,-0.018,-0.039,-0.025,-0.121,-0.043,-0.002,0.032,-0.031,-0.067,0.064,0.009,0.008,-0.023,-0.036,0.003,-0.032,-0.019,0.026,0.018,-0.000,-0.028,0.003,-0.147
6.795,5.309,4.370,4.523,5.065,5.309,4.640,4.532,6.318,6.443,6.412,5.748,5.266,5.309,5.535,5.799,5.743,5.963,6.037,6.551,6.214,6.815,6.968,6.340,6.382,7.085,6.808,6.561,6.474,7.023,7.078,7.111,7.274,7.568,7.758,7.302,7.328,7.284,7.664,7.583,17.483,0.113,0.035,0.023,0.016,-0.117,-0.087,0.097,0.135,-0.103,-0.156,0.026,0.110,0.063,0.210,0.201,-0.016,0.065,0.010,-0.004,-0.025,-0.025,-0.376,-0.122,-0.057,0.019,0.076,-0.036,0.018,-0.005,-0.051,-0.089,-0.133,-0.009,-0.016,-0.041,0.042,-0.113,-0.090,-0.038,0.042,0.191,-0.053,0.027,0.089,0.112,-0.007,-0.039,0.025,0.069,-0.107,-0.152,-0.122,-0.051,-0.034,0.049,0.024,-0.019,0.043,0.053,0.034,-0.042,0.021,-0.018,-0.025,0.021,0.027,-0.070,-0.025,0.071,0.056,0.032,0.030,0.015,-0.007,-0.040,-0.050,0.029,0.070,0.048,0.012,-0.009,-0.126
7.262,5.408,4.999,4.628,4.271,4.915,4.932,4.977,6.049,5.980,5.448,5.688,5.667,5.589,5.992,5.734,6.135,6.544,6.134,6.096,6.320,5.455,6.283,6.777,7.101,7.538,6.767,6.468,6.849,7.124,6.943,7.076,7.492,7.590,7.463,7.177,7.162,7.210,7.323,7.546,17.937,0.060,0.108,0.119,0.170,-0.074,-0.128,0.024,0.089,-0.281,-0.418,-0.137,-0.058,-0.096,0.203,0.091,-0.117,0.044,0.052,0.013,-0.119,0.039,-0.211,-0.043,0.012,0.003,-0.112,-0.194,0.056,0.009,0.019,-0.063,-0.127,-0.003,-0.049,-0.118,0.046,0.029,0.034,-0.040,0.032,0.113,-0.077,0.025,0.059,0.052,0.033,0.013,-0.015,0.001,-0.045,-0.045,-0.053,-0.066,-0.049,-0.011,-0.047,0.014,-0.014,-0.009,0.031,-0.009,0.013,0.149,0.045,0.034,-0.012,-0.099,0.015,0.063,0.044,0.023,0.063,0.068,-0.029,-0.036,-0.016,0.018,0.080,0.055,0.057,-0.010,-0.172
7.350,6.004,4.914,4.879,5.529,5.617,5.143,5.231,5.909,5.088,5.066,5.671,5.482,5.690,5.835,5.649,6.072,6.275,6.571,6.267,6.563,5.811,6.550,6.275,6.292,7.215,7.081,7.091,7.229,7.105,6.834,6.838,7.351,7.269,7.192,7.727,7.262,7.478,7.594,7.726,18.055,-0.119,-0.042,0.102,0.128,-0.096,-0.175,0.047,0.002,-0.276,-0.183,0.010,-0.051,-0.146,0.059,0.008,-0.016,0.076,0.043,0.036,-0.003,0.110,0.080,-0.027,0.054,0.121,-0.117,-0.034,0.050,0.091,0.059,0.114,0.027,-0.096,-0.068,-0.147,0.057,0.129,0.084,0.058,0.004,-0.168,-0.111,-0.041,0.002,-0.010,0.002,0.004,-0.045,-0.040,0.016,0.087,0.051,-0.029,0.002,-0.052,-0.066,0.038,-0.026,-0.019,0.012,0.013,-0.026,0.158,0.029,0.036,-0.000,-0.055,0.035,0.015,-0.000,0.007,0.072,0.101,0.003,0.001,0.024,-0.034,0.043,0.022,0.036,-0.014,-0.236
6.710,5.722,5.080,5.000,4.750,4.813,4.728,4.806,5.031,4.955,5.674,5.181,4.832,5.524,5.733,5.415,6.296,6.420,6.376,6.226,6.557,6.471,6.712,6.713,6.798,6.599,6.275,6.701,6.879,7.104,7.015,6.799,7.191,7.470,7.149,7.482,7.699,7.579,7.508,7.711,17.632,-0.224,0.023,0.086,0.034,0.024,-0.033,-0.039,0.002,-0.171,-0.037,0.139,-0.124,-0.168,0.047,-0.040,0.123,-0.089,-0.110,0.024,0.026,-0.006,0.365,0.121,0.092,-0.002,-0.251,0.041,0.125,0.035,0.028,0.192,0.146,-0.099,-0.068,-0.005,0.020,0.140,0.064,0.147,0.007,-0.480,-0.095,-0.085,-0.044,-0.054,0.004,0.059,-0.001,-0.026,0.088,0.116,0.010,0.024,0.066,-0.030,-0.038,0.008,-0.010,-0.029,0.007,0.024,-0.042,0.020,-0.035,-0.009,-0.011,0.023,0.071,0.023,-0.000,-0.020,0.022,0.072,0.032,0.025,0.056,-0.028,-0.022,-0.009,0.010,-0.000,-0.207
6.478,4.941,4.838,4.974,4.346,4.483,4.977,4.627,5.449,6.039,6.348,5.747,4.953,5.637,5.703,5.878,6.044,6.242,6.099,6.470,6.644,6.709,6.619,6.640,7.138,6.971,6.883,6.693,6.914,7.330,7.614,7.386,6.945,7.290,7.180,7.434,7.705,7.517,7.863,7.520,16.793,-0.298,-0.128,0.051,0.032,-0.159,-0.114,-0.098,-0.021,-0.077,0.090,0.141,-0.000,0.109,0.027,-0.061,0.055,-0.000,-0.002,0.050,-0.034,-0.132,0.126,-0.059,0.082,0.019,-0.129,0.020,0.058,-0.019,-0.018,0.144,0.237,0.056,-0.002,0.020,-0.115,0.046,0.006,0.049,-0.015,-0.691,-0.016,-0.043,-0.075,-0.048,0.030,0.070,0.024,0.007,0.062,0.017,-0.099,0.017,0.066,-0.026,-0.040,-0.079,-0.008,-0.002,-0.003,0.017,-0.034,-0.103,-0.059,-0.041,-0.033,0.064,0.027,0.006,-0.017,-0.039,-0.067,-0.032,0.051,0.041,0.034,-0.014,-0.053,-0.010,-0.046,0.009,-0.060
6.577,6.052,5.466,4.753,4.985,5.315,4.817,5.291,5.425,5.322,5.500,5.028,5.090,5.851,5.859,6.233,5.706,6.012,6.493,6.122,6.250,6.831,6.854,7.055,6.669,6.406,7.072,7.291,7.183,7.151,7.513,7.534,7.200,7.238,7.443,7.423,7.639,7.512,7.923,7.683,16.167,-0.327,-0.273,-0.076,-0.051,-0.022,0.135,0.093,-0.029,0.059,0.028,-0.153,0.037,0.107,0.068,-0.065,-0.112,0.034,-0.071,0.043,0.015,-0.049,-0.135,-0.201,-0.046,-0.001,0.008,0.132,0.169,0.062,-0.044,0.033,0.127,0.083,0.043,0.079,-0.008,-0.042,0.030,0.014,0.039,-0.662,0.034,-0.045,-0.089,-0.028,-0.006,0.005,0.055,0.014,0.028,0.002,-0.108,0.052,0.032,-0.069,-0.043,-0.086,0.016,0.034,-0.033,0.023,0.012,-0.144,-0.036,-0.044,0.015,0.101,-0.005,-0.040,-0.014,-0.016,-0.082,-0.095,-0.007,0.018,-0.009,0.003,-0.051,-0.004,-0.070,-0.007,0.098
5.923,5.200,4.976,5.165,4.618,4.795,4.608,4.884,5.328,5.355,5.858,5.747,5.899,5.661,5.466,5.515,6.365,6.469,6.761,6.147,6.058,6.262,6.182,6.514,6.451,6.668,6.782,7.084,6.983,6.994,7.303,7.656,7.628,7.374,7.145,7.181,7.522,7.540,7.629,7.665,15.334,-0.145,-0.109,-0.194,-0.072,0.075,0.088,0.101,0.055,-0.079,-0.131,-0.337,-0.046,0.047,-0.079,-0.180,-0.295,-0.026,0.015,0.011,0.087,-0.037,-0.185,-0.159,-0.081,-0.043,0.074,0.057,0.057,-0.009,-0.100,-0.139,-0.122,0.070,0.083,-0.020,0.001,-0.046,0.053,-0.104,0.034,-0.379,0.070,0.057,-0.007,-0.001,0.023,-0.001,0.021,0.027,0.000,-0.046,-0.074,0.011,-0.017,-0.059,0.002,0.026,-0.033,0.006,-0.041,0.026,0.046,-0.045,0.048,-0.013,0.014,0.056,-0.014,-0.044,0.004,0.005,-0.045,-0.082,-0.065,-0.010,-0.003,0.021,-0.013,-0.007,-0.030,-0.013,0.151
5.352,4.229,4.630,4.652,4.504,5.333,5.380,4.534,5.386,5.437,5.155,5.366,4.891,5.850,5.528,5.038,6.304,5.951,6.262,6.462,6.605,6.020,5.925,6.545,7.135,6.790,6.988,7.351,7.154,7.053,7.337,7.297,7.267,7.641,7.563,7.570,7.581,7.719,7.697,7.835,15.051,-0.130,-0.214,-0.235,-0.055,-0.124,-0.110,0.135,0.033,-0.030,0.084,-0.165,0.159,0.023,-0.247,-0.197,-0.132,0.003,0.051,-0.123,0.078,0.007,-0.201,-0.007,-0.045,0.103,0.153,-0.001,-0.075,-0.039,-0.011,-0.076,-0.148,-0.143,-0.018,-0.030,-0.021,-0.068,0.023,-0.127,-0.053,-0.146,0.055,0.131,0.086,0.039,-0.018,-0.062,-0.078,0.023,0.015,-0.016,0.050,0.009,0.002,-0.015,0.066,0.126,-0.072,-0.041,-0.039,-0.034,0.030,0.050,0.069,0.008,-0.002,0.003,-0.030,-0.055,-0.001,0.025,-0.001,0.011,-0.040,-0.037,0.002,0.000,0.011,-0.035,0.006,-0.025,0.059
6.364,5.307,4.284,4.665,4.961,4.914,5.201,5.280,5.072,5.328,4.833,5.348,5.287,5.242,4.966,5.001,5.616,6.348,6.267,6.735,6.281,6.191,6.288,6.492,6.688,7.150,7.210,6.948,6.883,6.878,7.008,6.894,7.262,7.502,7.020,7.365,7.504,7.677,7.454,7.616,15.454,-0.049,0.126,0.097,0.029,0.005,0.002,-0.012,0.082,-0.032,-0.168,-0.222,-0.004,0.067,-0.111,0.016,0.194,-0.150,-0.031,-0.072,0.066,0.068,-0.066,0.083,0.018,0.035,0.078,0.017,-0.039,0.054,-0.011,-0.027,-0.037,-0.157,-0.024,0.058,-0.001,-0.008,-0.027,-0.033,-0.034,-0.193,-0.033,0.067,0.117,0.025,-0.035,-0.035,-0.099,-0.033,0.068,0.017,0.122,-0.021,-0.023,0.084,0.115,0.105,-0.065,-0.086,-0.029,-0.075,0.010,0.060,0.040,0.016,-0.012,-0.055,-0.028,-0.026,0.015,0.032,0.043,0.084,0.015,-0.042,0.016,0.020,0.014,-0.035,0.052,0.004,-0.025
5.706,4.930,4.639,4.729,4.196,4.706,5.193,5.258,5.402,5.753,5.189,6.024,5.509,4.825,5.123,5.828,6.097,6.329,6.124,6.217,6.171,5.863,6.766,6.839,7.065,6.929,6.851,6.986,7.037,7.153,7.278,7.176,6.667,7.082,7.356,7.225,7.309,7.558,7.378,7.445,15.380,-0.102,0.266,0.211,0.093,-0.077,-0.131,-0.240,0.073,0.110,-0.035,0.038,0.061,0.108,0.011,0.168,0.275,-0.266,-0.252,-0.111,-0.143,0.049,0.054,0.022,-0.056,-0.052,0.019,0.001,-0.056,0.024,0.035,-0.029,0.137,-0.005,-0.089,0.052,-0.006,-0.004,-0.104,0.007,-0.054,-0.459,0.022,0.067,0.052,-0.020,0.012,0.015,-0.068,-0.037,0.041,0.010,0.102,-0.071,-0.069,0.110,0.091,-0.003,-0.013,-0.046,-0.027,-0.055,0.014,0.079,-0.006,-0.012,-0.031,-0.057,-0.005,-0.013,-0.002,0.008,0.024,0.052,0.077,-0.014,-0.015,0.032,0.013,-0.020,0.039,0.034,0.018
5.502,5.478,5.456,5.269,4.796,5.117,4.643,4.933,5.161,4.355,4.730,5.398,5.927,5.618,5.749,6.092,5.720,6.125,6.467,6.601,6.614,6.009,6.176,6.455,6.663,6.986,6.935,7.071,7.312,6.888,7.199,7.533,7.145,7.534,7.536,7.348,7.620,7.486,7.625,7.690,14.207,-0.326,-0.016,0.169,-0.019,-0.124,-0.076,-0.205,-0.132,0.190,0.015,0.170,-0.104,-0.111,0.211,0.213,0.025,-0.218,-0.264,-0.141,-0.178,-0.010,-0.010,0.024,0.005,-0.024,-0.136,-0.086,-0.080,0.033,0.038,0.055,0.156,0.077,-0.090,0.019,0.096,-0.008,-0.060,0.090,0.053,-0.345,0.101,-0.013,-0.061,-0.069,-0.004,-0.026,0.007,-0.038,0.001,0.062,0.088,-0.040,-0.086,0.017,-0.010,-0.100,0.099,0.039,-0.038,-0.020,-0.005,0.058,-0.022,0.000,-0.001,-0.021,-0.005,0.004,-0.014,0.015,0.019,-0.017,0.048,0.005,-0.044,0.004,-0.000,0.012,-0.000,0.018,0.218
5.273,5.472,5.098,4.815,4.200,4.577,4.459,5.072,5.892,5.747,5.399,5.644,5.112,5.718,5.976,5.868,4.920,4.804,5.606,5.815,6.684,6.379,6.093,6.282,6.886,6.968,7.131,7.008,7.061,7.223,7.096,7.664,7.301,7.183,7.567,7.548,7.501,7.296,7.646,7.529,13.378,0.120,0.192,-0.010,-0.129,0.000,0.002,-0.107,-0.047,0.062,0.041,0.149,-0.146,-0.234,0.144,0.158,-0.064,-0.027,-0.060,-0.225,-0.073,0.116,0.165,-0.009,-0.098,-0.023,-0.024,0.024,-0.120,-0.038,0.002,0.002,0.015,0.123,-0.056,-0.086,0.092,-0.001,-0.063,0.009,0.073,0.023,0.189,-0.016,-0.044,-0.031,0.037,0.003,0.055,-0.029,-0.079,0.006,-0.009,-0.039,0.007,-0.054,-0.076,-0.077,0.171,0.137,0.013,0.042,-0.012,0.043,0.004,0.030,0.008,0.009,-0.011,0.021,-0.013,-0.016,0.014,-0.077,0.002,0.053,-0.029,-0.031,0.003,0.038,-0.018,0.002,0.387
4.950,4.958,4.899,4.529,4.339,4.598,4.546,4.715,5.779,5.406,5.577,5.017,4.932,5.852,5.603,5.105,5.112,5.790,5.822,6.044,5.976,5.885,6.744,6.795,6.655,6.451,6.643,6.537,7.036,7.034,7.374,7.432,7.331,7.002,7.010,7.682,7.370,7.506,7.771,7.841,14.727,0.347,0.098,-0.099,-0.204,-0.052,-0.194,-0.041,-0.047,-0.005,0.103,0.165,-0.101,-0.192,-0.094,-0.030,-0.138,0.224,0.068,-0.206,-0.070,0.007,0.171,-0.011,0.040,0.015,-0.005,-0.019,0.015,0.017,0.078,0.051,-0.061,0.017,-0.017,-0.096,-0.029,-0.011,0.014,-0.035,-0.006,0.655,0.206,0.026,-0.005,0.025,0.040,-0.032,0.020,0.010,-0.104,-0.018,-0.056,0.039,0.140,-0.059,-0.069,0.028,0.129,0.108,0.075,0.052,0.007,0.048,0.025,0.052,0.036,0.071,0.036,0.074,0.009,-0.014,-0.005,-0.047,0.005,0.090,0.042,-0.031,0.033,0.051,-0.018,-0.027,0.336
6.584,6.148,4.866,4.453,4.426,4.978,4.704,5.133,5.402,5.434,5.512,5.483,4.835,5.426,5.984,5.999,6.265,6.196,5.323,6.132,7.068,6.750,6.438,6.178,6.956,7.078,7.120,6.653,6.985,7.093,7.200,7.302,7.187,7.070,7.187,7.518,7.432,7.235,7.352,7.735,15.235,0.508,0.129,0.126,0.032,0.071,-0.056,-0.048,-0.116,-0.189,-0.050,-0.003,-0.139,0.183,-0.105,-0.091,-0.031,0.366,0.269,-0.014,0.015,-0.017,0.177,0.062,0.075,-0.034,-0.002,-0.089,-0.001,-0.034,-0.067,0.043,-0.140,0.033,0.138,-0.035,-0.098,0.015,0.049,-0.023,-0.015,0.975,0.032,-0.035,0.040,0.092,0.081,0.050,0.088,0.090,0.039,0.060,0.048,0.168,0.257,0.087,0.035,0.098,0.042,0.053,0.164,0.096,0.023,0.004,0.092,0.139,0.099,0.101,0.085,0.133,0.073,0.043,0.050,0.065,0.068,0.121,0.130,0.056,0.077,0.090,0.052,0.012,0.161
6.580,5.632,5.078,4.427,4.422,3.947,4.317,4.669,5.382,5.025,5.498,4.975,5.104,5.293,5.597,5.335,6.166,5.770,5.578,6.091,6.458,6.677,5.947,6.707,6.705,6.908,6.845,7.323,7.432,7.343,7.404,7.409,7.288,7.506,7.248,7.220,7.599,7.587,7.596,7.558,16.555,0.510,0.147,0.075,0.025,0.039,-0.206,-0.132,-0.050,-0.203,-0.030,-0.033,0.088,0.380,0.041,-0.007,0.149,0.233,0.112,0.129,0.040,0.092,0.225,0.113,0.177,0.159,0.209,0.153,0.231,0.076,0.002,0.010,-0.004,0.145,0.263,0.201,0.034,0.152,0.139,0.016,-0.038,0.858,-0.084,-0.009,0.070,0.169,0.164,0.239,0.233,0.257,0.237,0.190,0.219,0.343,0.313,0.245,0.194,0.197,0.015,0.042,0.193,0.152,0.084,-0.023,0.128,0.135,0.119,0.106,0.123,0.102,0.119,0.114,0.081,0.168,0.102,0.075,0.175,0.150,0.099,0.054,0.068,0.038,-0.086
6.996,5.778,5.640,5.027,4.511,4.620,4.334,4.515,5.143,5.688,5.422,4.973,5.942,5.470,5.526,5.601,6.222,6.158,5.659,5.868,6.355,6.868,6.803,6.701,6.693,6.731,6.582,6.612,6.690,6.733,7.298,6.977,7.485,7.620,7.273,7.289,7.460,7.499,7.620,7.595,17.342,0.199,-0.009,0.105,0.218,0.360,0.260,0.379,0.404,0.357,0.408,0.490,0.598,0.766,0.512,0.324,0.283,0.178,0.181,0.427,0.354,0.186,0.160,0.390,0.531,0.400,0.373,0.363,0.436,0.298,0.256,0.273,0.309,0.400,0.410,0.414,0.341,0.304,0.327,0.245,0.150,0.725,-0.163,-0.022,0.039,0.126,0.111,0.243,0.248,0.298,0.358,0.241,0.280,0.334,0.189,0.208,0.169,0.127,-0.013,0.009,0.125,0.120,0.062,-0.064,0.043,0.058,0.042,0.020,0.062,0.041,0.098,0.124,0.051,0.147,0.010,-0.053,0.080,0.098,0.031,-0.009,0.025,0.012,-0.237
7.295,5.877,4.886,4.368,4.493,3.747,4.070,4.776,4.896,5.128,5.458,5.711,6.281,6.034,5.795,6.050,6.297,6.368,6.299,6.375,6.790,6.949,7.127,7.417,7.582,7.670,7.677,7.711,7.562,7.223,7.375,7.576,7.907,8.040,7.974,7.968,8.114,8.068,7.719,7.720,17.963,0.079,0.123,0.264,0.547,0.623,0.843,0.909,0.976,0.906,0.826,1.016,1.244,1.082,0.820,0.732,0.692,0.394,0.323,0.537,0.519,0.325,0.063,0.465,0.489,0.396,0.337,0.370,0.307,0.447,0.489,0.339,0.557,0.345,0.221,0.556,0.500,0.338,0.144,0.170,0.102,0.350,-0.165,-0.042,0.007,0.046,-0.027,0.113,0.090,0.122,0.243,0.105,0.076,0.071,-0.032,-0.004,-0.002,-0.031,-0.045,-0.012,-0.033,-0.029,-0.059,-0.098,-0.073,-0.108,-0.107,-0.113,-0.085,-0.114,-0.050,-0.013,-0.044,-0.030,-0.136,-0.168,-0.101,-0.052,-0.092,-0.103,-0.044,-0.026,-0.302
7.222,5.982,5.488,5.574,6.190,6.378,6.725,7.100,7.431,7.424,7.980,8.107,8.078,7.618,7.504,7.055,7.090,6.803,7.099,7.758,7.832,7.415,7.797,8.478,8.516,8.560,8.517,8.641,8.410,8.432,8.582,8.763,8.877,8.853,8.893,8.847,8.693,8.631,8.513,8.405,18.155,-0.092,0.033,0.227,0.402,0.332,0.632,0.674,0.860,1.046,0.726,0.872,0.954,0.779,0.544,0.385,0.334,0.220,0.210,0.409,0.374,0.175,-0.063,0.103,0.207,0.056,0.036,0.113,0.164,0.272,0.309,0.136,0.316,-0.019,-0.107,0.190,0.157,0.076,-0.000,0.027,-0.025,0.045,-0.124,-0.045,-0.103,-0.137,-0.242,-0.234,-0.260,-0.246,-0.146,-0.215,-0.322,-0.324,-0.334,-0.249,-0.224,-0.189,-0.135,-0.121,-0.189,-0.204,-0.161,-0.073,-0.164,-0.235,-0.169,-0.148,-0.148,-0.174,-0.182,-0.163,-0.157,-0.220,-0.237,-0.210,-0.228,-0.173,-0.157,-0.137,-0.103,-0.072,-0.318
6.863,6.146,6.474,6.890,6.695,7.285,7.664,8.258,8.769,8.285,9.298,9.626,9.448,8.322,8.266,8.067,7.701,7.062,7.541,7.739,7.343,6.719,7.774,8.264,7.772,7.676,7.730,7.843,8.807,8.938,8.458,9.299,8.315,7.993,9.218,8.943,8.672,7.742,8.000,7.663,17.898,-0.172,-0.083,0.051,0.165,-0.079,0.175,0.171,0.334,0.668,0.337,0.157,0.265,0.212,0.003,-0.050,-0.033,-0.014,0.040,-0.027,-0.113,-0.198,-0.155,-0.109,-0.202,-0.207,-0.190,-0.148,-0.204,-0.163,-0.088,-0.144,-0.158,-0.324,-0.320,-0.193,-0.134,-0.196,-0.215,-0.096,-0.080,-0.313,-0.073,-0.084,-0.173,-0.261,-0.297,-0.406,-0.418,-0.510,-0.479,-0.420,-0.523,-0.547,-0.479,-0.357,-0.326,-0.277,-0.202,-0.208,-0.235,-0.226,-0.155,-0.016,-0.138,-0.192,-0.100,-0.078,-0.116,-0.105,-0.212,-0.232,-0.152,-0.271,-0.154,-0.090,-0.239,-0.187,-0.137,-0.046,-0.066,-0.030,-0.233
6.754,5.807,5.979,5.777,5.067,6.013,5.905,7.073,8.435,7.740,7.862,7.788,8.255,7.048,6.215,6.263,6.618,6.863,7.085,7.055,6.956,6.668,6.993,7.311,6.879,6.909,7.120,7.368,7.429,7.422,7.437,7.694,7.187,7.105,7.600,7.586,7.562,7.660,7.614,7.501,17.598,-0.293,-0.130,-0.302,-0.276,-0.499,-0.575,-0.551,-0.502,-0.253,-0.422,-0.692,-0.531,-0.467,-0.322,-0.406,-0.302,-0.292,-0.282,-0.235,-0.349,-0.357,-0.097,-0.145,-0.296,-0.142,-0.104,-0.117,-0.178,-0.307,-0.270,-0.271,-0.434,-0.450,-0.369,-0.351,-0.208,-0.215,-0.180,-0.138,-0.117,-0.534,-0.003,-0.044,-0.127,-0.203,-0.151,-0.274,-0.261,-0.408,-0.520,-0.352,-0.342,-0.350,-0.321,-0.214,-0.145,-0.125,-0.124,-0.150,-0.166,-0.129,-0.033,0.020,-0.038,-0.073,-0.001,0.005,-0.037,-0.037,-0.089,-0.112,-0.046,-0.100,0.033,0.073,-0.059,-0.061,-0.025,0.011,-0.010,0.016,-0.099
6.671,5.547,4.897,5.094,4.657,4.805,5.337,6.458,7.732,6.655,6.301,7.194,7.255,6.331,6.188,6.282,6.465,6.538,6.171,6.162,6.240,6.546,6.986,6.989,7.366,7.547,7.636,7.328,7.235,7.286,7.228,7.320,7.132,7.316,7.653,7.931,7.701,7.479,7.689,7.773,16.678,-0.184,-0.217,-0.335,-0.419,-0.449,-0.582,-0.568,-0.894,-0.840,-0.700,-0.819,-0.750,-0.690,-0.529,-0.503,-0.377,-0.362,-0.469,-0.315,-0.249,-0.186,-0.002,-0.100,-0.218,-0.004,0.016,-0.092,-0.046,-0.322,-0.379,-0.217,-0.423,-0.208,-0.097,-0.368,-0.252,-0.199,0.005,-0.079,-0.001,-0.526,0.034,-0.013,-0.007,-0.087,0.017,-0.066,-0.068,-0.167,-0.314,-0.157,-0.024,-0.072,-0.104,-0.048,-0.002,-0.004,-0.007,-0.023,-0.026,0.007,0.082,0.010,-0.018,0.009,0.002,-0.001,-0.007,0.028,0.047,0.027,0.043,0.061,0.133,0.137,0.074,0.005,0.048,0.066,0.041,0.046,0.062
5.853,5.632,4.766,5.094,4.716,4.744,5.135,5.489,6.685,6.128,6.020,6.668,6.837,7.003,6.516,6.439,6.251,5.654,6.610,6.799,6.598,7.019,7.467,7.633,8.007,8.104,7.979,8.008,7.659,7.907,7.842,7.581,7.218,7.345,7.919,8.315,8.105,7.863,7.977,7.766,16.095,-0.101,-0.123,-0.217,-0.319,-0.240,-0.358,-0.262,-0.564,-0.802,-0.513,-0.352,-0.287,-0.377,-0.258,-0.115,-0.117,-0.225,-0.283,-0.277,-0.205,0.003,-0.040,-0.091,-0.148,-0.049,-0.042,-0.098,-0.098,-0.095,-0.107,-0.056,-0.053,0.086,0.145,-0.018,-0.091,-0.049,-0.056,-0.031,0.014,-0.344,0.086,0.002,0.063,-0.008,0.086,0.072,0.056,0.082,-0.008,0.058,0.146,0.110,0.081,0.031,0.069,0.055,0.055,0.116,0.028,0.023,0.075,-0.022,-0.040,0.005,-0.060,-0.042,-0.011,-0.020,0.075,0.077,0.059,0.112,0.115,0.101,0.101,0.021,0.046,0.036,0.040,0.046,0.171
6.393,5.149,5.405,5.136,4.628,5.011,5.209,4.580,5.442,5.593,6.127,6.436,6.708,5.698,5.599,6.093,6.074,5.323,6.201,6.621,6.592,6.532,7.036,7.013,7.191,7.157,6.838,7.292,7.080,6.800,7.171,7.239,7.262,7.390,7.219,7.318,7.404,7.664,7.422,7.526,16.021,-0.096,-0.151,-0.028,-0.247,-0.125,-0.261,-0.312,-0.468,-0.627,-0.401,-0.133,-0.215,-0.353,-0.271,-0.208,-0.143,-0.081,-0.073,-0.137,-0.152,0.032,-0.133,-0.224,-0.230,-0.244,-0.226,-0.192,-0.105,-0.036,-0.034,-0.037,-0.043,0.072,0.107,0.010,-0.168,-0.039,0.052,0.054,0.085,-0.097,0.074,0.046,0.032,0.019,0.035,0.028,0.033,0.198,0.159,0.103,0.105,0.070,0.106,0.113,0.097,0.068,0.058,0.129,0.054,0.015,-0.014,-0.007,-0.020,0.014,-0.044,-0.032,0.016,-0.015,0.077,0.114,0.052,0.087,0.037,0.004,0.071,0.055,0.047,0.003,0.026,0.016,0.182
6.387,5.391,4.641,4.161,3.880,4.121,4.658,5.192,5.568,5.705,6.191,6.731,6.644,6.077,5.933,5.775,5.687,6.056,5.686,5.801,6.795,6.474,6.514,6.558,6.724,6.894,7.028,6.894,7.029,7.129,7.185,7.469,7.553,7.793,7.728,7.438,7.467,7.287,7.590,7.694,16.205,0.095,-0.153,-0.142,-0.401,-0.231,-0.373,-0.400,-0.306,-0.397,-0.279,-0.306,-0.249,-0.230,-0.296,-0.210,-0.144,-0.157,0.101,-0.182,-0.285,-0.093,-0.140,-0.284,-0.267,-0.321,-0.191,-0.122,-0.250,-0.074,-0.056,-0.068,-0.066,-0.014,0.034,-0.036,-0.143,-0.062,-0.022,-0.005,0.070,0.108,0.043,0.039,0.004,0.060,0.015,0.005,0.020,0.149,0.153,0.103,0.020,-0.028,0.041,0.091,0.035,0.009,0.031,0.043,0.073,0.067,-0.049,0.022,0.045,0.048,0.019,0.002,0.035,0.041,0.025,0.053,0.023,0.028,-0.020,-0.056,-0.013,0.048,0.016,0.003,-0.007,-0.023,0.100
5.924,4.910,4.821,4.326,4.449,3.810,4.016,4.266,5.157,4.860,5.549,6.085,5.586,5.440,5.440,5.899,6.341,5.974,5.947,5.898,6.304,6.151,6.345,6.375,6.789,7.023,7.150,7.361,7.370,7.502,7.369,7.163,7.323,7.627,7.798,7.528,7.825,8.025,8.150,8.236,16.139,0.086,0.027,-0.211,-0.283,-0.281,-0.436,-0.335,-0.032,-0.250,-0.303,-0.314,-0.419,-0.235,0.056,0.029,-0.023,-0.105,-0.017,-0.090,-0.134,-0.207,0.015,-0.101,-0.087,-0.088,-0.070,-0.003,-0.047,0.051,0.165,0.047,0.016,0.026,-0.023,-0.003,0.048,0.045,0.001,0.040,0.053,0.160,0.009,0.081,0.022,0.094,0.028,0.029,0.109,0.143,0.109,0.121,0.042,0.008,0.052,0.110,0.074,0.025,0.028,0.001,0.056,0.106,-0.007,0.058,0.099,0.090,0.085,0.033,0.058,0.070,0.014,0.008,0.017,0.030,-0.007,-0.039,-0.001,0.054,0.001,-0.029,-0.039,-0.075,-0.043
6.562,4.986,4.347,3.491,3.651,3.478,3.730,4.116,4.840,5.099,4.781,5.597,6.248,5.654,5.546,5.818,5.332,5.835,5.825,5.735,6.275,6.507,6.394,6.618,6.603,7.214,7.213,6.722,7.145,7.276,7.405,7.289,7.117,7.397,7.448,7.496,7.582,7.573,7.586,7.760,16.576,0.022,-0.018,-0.107,-0.003,-0.087,-0.246,-0.152,-0.038,-0.226,-0.047,-0.159,-0.325,-0.232,0.032,-0.059,-0.134,-0.059,-0.097,0.065,0.122,-0.120,-0.005,0.072,0.019,-0.031,-0.110,-0.019,0.076,-0.015,0.060,0.015,0.055,0.010,-0.068,-0.076,0.043,-0.011,-0.017,-0.061,-0.085,0.026,-0.072,0.074,0.095,0.152,0.125,0.136,0.176,0.078,0.090,0.124,0.127,0.117,0.079,0.114,0.102,0.078,0.104,0.029,0.081,0.118,0.046,0.045,0.127,0.112,0.127,0.070,0.047,0.105,0.036,0.002,0.018,0.015,0.016,-0.011,0.021,0.019,-0.003,-0.007,-0.015,-0.065,-0.137
6.734,5.485,4.497,4.058,3.339,3.153,3.997,4.959,4.557,4.383,5.261,4.907,5.731,6.188,5.936,5.956,5.726,5.351,5.680,5.986,5.815,6.592,6.590,6.551,6.810,6.647,6.732,7.141,7.279,7.553,7.295,7.410,7.608,7.471,7.342,7.531,7.571,7.528,7.624,7.760,16.635,-0.015,0.186,0.066,0.022,-0.055,-0.182,0.108,0.113,-0.170,0.090,0.001,-0.138,-0.091,0.117,0.087,-0.022,0.009,0.029,0.021,0.174,0.009,0.087,0.095,0.078,0.035,-0.103,0.044,0.083,0.007,-0.050,0.007,0.047,0.026,-0.039,0.025,0.009,-0.060,-0.094,-0.114,-0.213,-0.270,-0.049,0.014,0.109,0.102,0.141,0.195,0.144,-0.005,0.110,0.115,0.085,0.142,0.091,0.015,0.048,0.066,0.084,0.088,0.061,0.032,0.072,0.000,0.052,0.068,0.067,0.080,0.027,0.025,0.016,-0.043,-0.002,-0.028,-0.017,-0.001,0.004,-0.028,-0.015,-0.009,-0.011,-0.022,-0.073
6.090,5.012,4.267,4.281,3.999,3.220,3.907,4.656,4.738,5.709,5.542,5.698,5.413,5.862,5.391,5.078,5.700,5.883,6.145,6.369,6.441,6.227,6.752,6.566,6.561,6.532,7.142,7.384,6.999,7.403,7.298,7.622,7.462,7.530,7.577,7.653,7.538,7.449,7.546,7.507,16.089,-0.213,0.138,0.196,0.209,0.282,0.180,0.259,0.013,0.010,0.143,0.172,0.195,0.091,0.246,0.269,0.246,0.308,0.225,0.169,0.152,0.029,0.049,0.252,0.212,0.254,0.173,0.088,0.209,0.131,0.063,0.041,-0.004,0.066,-0.014,0.053,-0.028,-0.027,-0.010,-0.001,-0.122,-0.361,0.046,0.002,0.087,0.089,0.127,0.230,0.124,0.055,0.174,0.064,0.074,0.117,0.087,0.023,0.092,0.133,0.098,0.137,0.100,0.035,0.098,0.006,-0.008,0.042,0.044,0.108,0.037,-0.004,0.044,0.005,0.007,-0.036,-0.023,0.015,0.011,-0.007,0.011,0.020,0.025,0.048,0.130
6.083,5.827,5.190,4.040,4.000,3.031,4.465,4.561,4.359,5.004,5.176,5.343,5.548,5.921,5.954,6.158,6.199,6.096,5.894,6.453,6.264,6.724,6.643,6.789,6.985,6.849,7.407,7.447,7.476,7.187,7.458,7.232,7.281,7.366,7.860,7.494,7.547,7.619,7.599,7.295,15.034,-0.040,0.017,0.182,0.124,0.238,0.325,0.178,-0.081,0.181,0.176,-0.057,0.032,0.057,0.023,0.107,0.117,0.131,0.262,0.160,0.013,0.077,-0.011,0.067,0.159,0.104,0.190,0.080,0.013,0.060,-0.049,0.025,-0.094,-0.088,-0.053,-0.046,-0.057,-0.023,-0.046,-0.044,-0.039,-0.009,0.137,-0.020,0.059,0.143,0.144,0.257,0.110,0.116,0.224,0.106,0.118,0.114,0.060,0.032,0.089,0.126,0.103,0.161,0.200,0.142,0.173,0.020,-0.007,0.033,0.019,0.100,0.077,0.036,0.054,0.068,0.030,-0.001,-0.002,0.044,0.015,0.035,0.030,0.039,0.015,0.071,0.334
5.822,5.507,4.980,4.543,4.729,4.439,4.791,4.382,4.990,5.505,5.683,6.352,6.796,7.017,6.884,6.946,6.633,6.586,6.563,6.260,6.198,6.685,7.629,7.561,7.786,7.980,7.317,7.614,7.701,7.774,7.526,7.357,7.612,7.381,7.454,7.375,7.459,7.480,7.592,7.380,15.570,0.264,0.078,0.269,0.393,0.401,0.649,0.433,0.333,0.469,0.230,0.242,0.175,0.129,0.193,0.392,0.460,0.371,0.471,0.496,0.378,0.338,0.076,0.045,0.188,0.155,0.284,0.150,0.093,0.180,0.082,0.039,-0.054,-0.047,0.012,0.015,0.039,0.025,0.061,0.029,0.066,0.544,0.179,0.019,0.017,0.082,0.048,0.108,0.050,0.129,0.131,0.072,0.073,0.050,-0.000,-0.040,0.008,0.020,0.024,0.080,0.126,0.134,0.141,0.045,-0.042,-0.037,-0.052,-0.021,0.047,0.011,-0.013,0.025,0.008,0.007,-0.008,0.037,0.028,0.034,0.020,0.028,-0.009,0.028,0.325
6.666,5.323,5.050,4.546,4.166,4.167,4.446,4.691,5.336,5.367,4.907,4.739,5.324,5.726,5.724,5.608,5.915,6.309,6.273,6.107,6.319,6.308,6.485,6.848,6.719,6.871,7.045,7.092,7.230,7.122,7.306,7.071,7.093,7.279,7.172,7.386,7.497,7.282,7.379,7.627,16.848,0.431,0.118,0.325,0.645,0.606,0.870,0.568,0.532,0.719,0.575,0.559,0.442,0.188,0.304,0.472,0.501,0.490,0.711,0.859,0.770,0.719,0.172,0.166,0.255,0.181,0.339,0.398,0.321,0.253,0.280,0.160,0.069,0.071,0.168,0.120,0.150,0.062,0.066,-0.053,0.048,0.948,0.049,0.030,-0.050,-0.014,-0.054,-0.086,-0.069,-0.006,-0.058,-0.033,-0.006,0.019,-0.035,-0.069,-0.040,-0.051,-0.063,-0.049,-0.030,-0.017,-0.039,0.023,-0.005,-0.050,-0.046,-0.075,-0.022,0.005,-0.036,0.003,-0.011,0.034,0.037,0.030,0.035,0.012,-0.002,0.015,0.002,0.002,0.093
7.119,5.653,5.681,5.991,5.920,5.897,6.083,6.256,6.596,6.677,6.885,6.875,6.170,6.927,7.465,7.655,7.695,8.132,8.436,8.431,8.104,6.814,7.054,7.475,7.468,7.943,8.073,8.027,8.021,7.846,7.569,7.435,7.320,7.634,7.998,7.903,7.688,7.922,7.801,7.672,17.902,0.445,0.183,0.210,0.359,0.340,0.447,0.315,0.353,0.398,0.305,0.230,0.240,0.024,-0.094,0.128,0.152,0.247,0.400,0.452,0.446,0.412,0.182,-0.008,-0.018,-0.046,-0.006,0.162,0.109,-0.033,0.025,0.012,-0.049,-0.055,0.061,0.109,0.040,0.033,0.077,-0.041,-0.026,0.788,-0.111,-0.026,-0.128,-0.230,-0.229,-0.306,-0.247,-0.209,-0.271,-0.201,-0.209,-0.184,-0.138,-0.189,-0.226,-0.249,-0.254,-0.272,-0.296,-0.294,-0.294,-0.069,-0.078,-0.108,-0.103,-0.181,-0.160,-0.105,-0.105,-0.090,-0.055,0.003,0.010,-0.017,-0.023,-0.034,-0.036,-0.043,-0.018,-0.010,-0.198
7.589,6.347,6.464,6.541,6.434,6.652,6.661,6.284,7.152,7.294,7.368,7.291,6.802,7.489,8.025,8.309,8.118,8.877,9.254,9.217,8.905,7.521,7.759,8.106,8.051,8.562,9.017,8.845,8.582,8.549,8.236,7.539,7.783,8.080,8.188,7.977,7.743,7.728,7.229,7.388,18.606,0.116,0.115,-0.038,0.071,0.001,-0.003,-0.108,-0.123,-0.073,-0.028,-0.081,0.093,-0.066,-0.178,0.037,0.016,-0.122,0.052,0.034,-0.103,-0.155,0.049,0.070,0.011,-0.026,-0.041,-0.038,0.032,-0.012,-0.005,-0.018,0.073,0.102,0.074,0.084,0.001,-0.038,0.023,0.003,0.017,0.333,-0.187,-0.084,-0.167,-0.288,-0.266,-0.343,-0.308,-0.228,-0.323,-0.338,-0.310,-0.290,-0.169,-0.169,-0.271,-0.296,-0.300,-0.347,-0.400,-0.375,-0.390,-0.118,-0.119,-0.121,-0.099,-0.186,-0.228,-0.165,-0.109,-0.129,-0.079,-0.015,-0.019,-0.068,-0.062,-0.041,-0.024,-0.046,0.010,0.006,-0.361
7.583,5.911,5.321,5.343,5.292,5.431,5.260,5.350,6.070,6.065,5.605,6.273,6.179,5.667,6.375,6.357,6.769,7.300,7.332,6.933,6.964,6.987,6.950,6.842,6.889,7.102,7.142,7.283,6.860,7.183,7.121,6.879,6.994,7.284,7.489,7.277,7.501,7.640,7.461,7.370,18.629,-0.135,-0.050,-0.192,-0.471,-0.443,-0.445,-0.465,-0.386,-0.491,-0.476,-0.485,-0.571,-0.433,-0.512,-0.522,-0.541,-0.595,-0.559,-0.573,-0.658,-0.694,-0.210,-0.297,-0.230,-0.254,-0.433,-0.435,-0.290,-0.214,-0.227,-0.149,-0.040,-0.011,-0.025,-0.084,-0.055,-0.104,-0.133,-0.088,0.031,-0.137,-0.161,-0.087,-0.075,-0.130,-0.111,-0.132,-0.122,-0.076,-0.148,-0.206,-0.137,-0.184,-0.051,0.024,-0.106,-0.127,-0.129,-0.191,-0.213,-0.150,-0.176,-0.082,-0.052,-0.024,-0.009,-0.050,-0.081,-0.069,-0.017,-0.047,-0.025,-0.001,-0.015,-0.049,-0.054,-0.006,0.010,-0.025,0.015,0.007,-0.323
7.013,5.770,5.038,5.223,4.486,4.385,4.319,4.530,5.233,5.532,5.144,5.502,4.991,5.464,6.455,6.335,5.768,6.987,6.995,6.339,6.114,6.465,6.890,7.220,6.878,7.088,7.322,7.626,7.750,7.429,7.443,7.714,7.766,7.825,7.849,7.701,7.402,7.540,7.563,7.863,18.149,-0.215,-0.183,-0.310,-0.381,-0.332,-0.399,-0.579,-0.240,-0.449,-0.726,-0.635,-0.604,-0.428,-0.332,-0.556,-0.632,-0.590,-0.543,-0.629,-0.553,-0.677,-0.221,-0.284,-0.246,-0.207,-0.378,-0.442,-0.303,-0.202,-0.239,-0.155,-0.010,-0.046,-0.130,-0.095,-0.006,0.010,-0.058,0.020,0.051,-0.395,-0.036,-0.041,0.009,0.013,0.050,0.072,0.081,0.081,0.023,0.010,0.061,-0.008,0.064,0.106,0.034,0.036,0.081,-0.040,-0.017,0.091,0.106,0.007,0.022,0.028,0.052,0.054,0.043,-0.001,-0.011,-0.013,-0.011,-0.045,-0.047,-0.055,-0.051,-0.019,0.033,0.015,0.004,-0.030,-0.165
6.733,5.693,5.435,4.295,4.681,4.806,4.928,5.203,5.102,5.181,5.571,4.914,4.910,5.378,5.639,5.939,5.897,6.280,6.699,6.581,6.029,6.292,6.004,6.768,6.783,6.515,6.747,7.188,7.367,7.273,7.220,7.148,7.274,7.637,7.747,7.768,7.338,7.353,7.192,7.592,17.444,-0.193,-0.101,-0.028,-0.066,-0.051,-0.014,-0.060,0.032,-0.155,-0.375,-0.176,-0.334,-0.048,0.103,-0.107,-0.160,-0.165,-0.256,-0.283,-0.082,-0.205,-0.091,-0.093,-0.009,-0.002,-0.088,-0.041,-0.068,-0.021,-0.096,-0.043,-0.011,-0.054,-0.082,-0.069,0.015,0.059,-0.006,0.023,-0.007,-0.463,0.055,-0.006,0.036,0.139,0.097,0.130,0.182,0.109,0.099,0.172,0.163,0.168,0.159,0.129,0.172,0.204,0.200,0.096,0.138,0.208,0.265,0.079,0.116,0.078,0.084,0.152,0.133,0.066,0.034,0.033,0.022,-0.001,0.005,0.003,-0.007,-0.023,0.022,0.043,0.014,-0.029,0.021
6.941,5.540,4.857,5.158,5.082,4.972,3.930,5.156,5.389,4.107,4.211,4.951,5.296,5.974,5.614,5.360,5.602,6.671,6.427,6.628,5.989,6.764,6.814,6.915,7.069,6.965,7.005,7.376,7.319,7.310,7.410,7.357,7.414,7.251,7.583,7.700,7.873,7.582,7.465,7.533,17.223,-0.036,-0.065,-0.078,-0.065,0.055,0.142,0.094,0.075,-0.128,-0.026,0.068,-0.067,0.064,0.044,0.001,0.005,0.070,-0.301,-0.197,0.061,0.129,0.022,0.077,0.040,0.108,0.056,-0.022,-0.082,-0.163,-0.134,-0.126,-0.166,-0.113,-0.173,-0.178,-0.128,0.047,0.037,-0.031,-0.116,-0.328,0.073,0.014,0.057,0.080,0.039,0.067,0.165,0.047,0.071,0.210,0.175,0.192,0.126,0.037,0.135,0.162,0.166,0.092,0.140,0.140,0.211,0.056,0.074,0.060,0.019,0.096,0.083,0.047,0.021,0.034,0.010,0.006,0.030,0.051,0.010,-0.027,-0.026,0.012,-0.020,-0.009,0.149
6.653,5.521,5.274,5.046,4.739,5.068,5.155,5.195,5.218,4.902,5.190,4.877,5.788,5.927,6.261,6.046,6.025,6.180,6.200,6.380,6.001,6.382,6.522,6.950,6.783,6.724,7.093,7.067,6.971,6.765,6.922,7.001,6.900,7.159,7.278,7.352,7.558,7.591,7.624,7.502,16.776,0.049,-0.137,-0.130,0.065,-0.149,-0.065,0.107,-0.001,-0.155,0.036,-0.021,-0.001,0.114,-0.055,0.058,0.160,0.073,-0.201,-0.099,0.075,0.228,0.065,0.103,0.019,0.010,0.107,0.022,-0.069,-0.063,-0.113,-0.054,0.033,0.048,0.011,-0.078,-0.110,-0.011,0.035,0.005,-0.029,-0.064,0.070,0.020,0.023,0.023,-0.012,-0.021,0.003,0.004,0.053,0.084,0.053,0.153,0.009,-0.038,0.022,0.009,0.061,0.076,0.079,0.023,0.079,0.024,0.014,0.006,-0.052,0.012,-0.009,0.028,0.016,0.055,0.032,0.047,0.046,0.049,0.038,-0.005,-0.026,-0.008,-0.006,0.013,0.203
6.871,5.531,4.729,4.522,4.733,4.963,4.674,4.908,4.534,5.540,5.672,5.184,4.871,5.412,6.151,6.304,6.055,5.535,6.257,6.745,6.773,6.529,7.016,7.328,7.420,7.265,7.041,7.275,7.133,7.013,6.960,6.956,7.385,7.197,7.196,7.269,7.525,7.606,7.193,7.330,16.842,0.032,-0.094,0.027,-0.046,-0.087,-0.037,0.163,0.010,-0.095,0.117,0.161,0.191,0.122,-0.070,0.038,0.020,0.121,-0.111,-0.019,0.070,0.160,-0.016,-0.011,0.039,-0.118,0.004,-0.059,-0.070,-0.075,-0.062,-0.099,-0.000,0.054,0.078,-0.040,-0.079,-0.083,-0.019,-0.070,0.019,0.152,0.030,0.018,-0.012,0.013,0.017,-0.032,-0.044,0.006,0.084,0.025,0.022,0.080,-0.012,-0.007,-0.005,-0.056,0.011,0.119,0.045,-0.069,-0.036,-0.009,-0.031,-0.017,-0.065,-0.033,0.000,0.050,0.031,0.092,0.071,0.054,0.019,0.045,0.063,0.030,-0.003,0.002,0.038,0.021,0.163
7.014,5.015,4.848,4.936,4.110,4.485,5.093,5.324,4.756,4.644,4.737,4.794,5.694,5.385,5.661,6.266,6.036,5.845,6.287,6.897,6.779,6.734,6.418,6.659,6.655,6.901,6.840,6.895,7.144,6.855,7.175,7.512,7.526,7.718,7.553,7.434,7.460,7.515,7.351,7.550,17.317,0.123,0.014,0.032,0.037,-0.041,-0.031,-0.078,0.084,0.093,-0.029,0.042,0.302,-0.032,-0.028,-0.015,-0.123,0.112,0.030,0.024,0.029,0.176,0.050,0.020,0.020,-0.151,-0.002,-0.067,0.064,0.016,0.145,0.103,0.142,0.092,0.038,0.052,-0.033,-0.005,-0.019,0.011,-0.009,0.314,0.004,0.013,-0.058,-0.033,0.080,0.018,-0.049,-0.001,0.074,0.035,0.065,0.023,-0.056,-0.007,-0.024,-0.052,0.000,0.082,0.004,-0.099,-0.068,0.002,-0.011,-0.028,0.014,-0.027,0.028,0.054,0.030,0.100,0.071,-0.005,-0.034,-0.014,0.032,0.022,0.015,0.013,0.054,0.006,0.060
6.919,5.321,5.205,4.983,4.962,5.076,4.776,5.143,5.144,4.822,5.241,5.946,5.954,5.894,6.103,5.349,6.201,6.285,6.288,6.717,6.398,6.506,6.809,7.256,6.545,6.898,6.836,7.113,6.857,6.954,6.789,7.100,7.372,7.362,7.245,7.264,7.506,7.526,7.251,7.605,17.713,0.077,-0.051,-0.220,0.012,0.088,-0.034,-0.032,0.060,0.170,0.133,0.147,0.180,0.076,-0.005,0.014,-0.136,0.107,0.181,-0.035,-0.262,-0.025,-0.017,-0.038,-0.047,-0.138,-0.053,0.024,0.101,-0.046,0.197,0.150,0.048,-0.042,0.037,0.071,-0.018,0.031,0.072,0.155,-0.021,0.299,-0.008,-0.019,-0.078,-0.035,0.023,-0.003,-0.016,0.009,0.036,0.009,0.017,-0.119,-0.069,-0.024,-0.029,0.019,-0.031,0.033,-0.012,-0.051,-0.047,0.018,-0.002,-0.044,0.061,0.007,0.061,0.017,0.041,0.027,0.045,-0.009,-0.030,-0.013,0.020,0.031,0.015,0.017,0.055,0.007,-0.045
7.246,5.694,5.199,5.002,4.422,4.858,4.715,5.496,5.376,5.114,5.616,6.008,5.088,5.544,6.211,5.907,6.514,5.953,6.305,6.538,7.067,6.645,6.723,7.083,6.464,6.898,6.863,7.468,7.187,7.517,7.523,7.642,7.367,7.268,7.511,7.191,7.541,7.533,7.650,7.318,17.912,0.049,-0.093,-0.296,-0.130,0.163,0.023,-0.040,-0.031,0.082,0.205,0.311,0.121,-0.141,-0.124,-0.052,-0.024,0.080,0.065,-0.072,-0.254,-0.017,0.073,0.059,-0.076,0.090,0.003,0.120,0.117,0.074,0.257,0.177,-0.018,-0.076,-0.037,0.026,-0.031,0.010,0.056,0.162,0.019,0.165,-0.066,-0.035,-0.024,-0.057,-0.039,-0.038,0.011,-0.027,-0.030,-0.035,-0.035,-0.187,-0.010,0.000,-0.030,0.036,-0.051,-0.026,0.007,0.025,-0.073,-0.008,-0.001,-0.014,0.065,0.033,0.038,-0.034,0.011,-0.079,-0.048,-0.035,-0.020,0.003,-0.013,0.028,-0.014,-0.007,0.003,0.029,-0.137
7.137,4.937,3.452,4.551,5.015,4.606,4.702,5.124,5.076,5.971,5.970,5.477,5.552,5.307,5.948,5.805,6.352,6.386,6.073,5.613,6.504,6.489,6.674,6.883,6.824,7.000,7.148,7.494,6.884,7.664,7.538,7.129,7.253,7.607,7.573,7.300,7.640,7.958,7.821,7.342,18.040,0.029,-0.136,-0.201,-0.135,-0.075,-0.079,0.064,0.112,0.093,0.043,0.111,-0.312,-0.168,-0.140,-0.087,0.067,-0.020,0.035,-0.030,-0.046,0.021,0.065,-0.040,-0.135,0.066,0.035,0.153,-0.010,0.101,0.018,0.091,0.034,-0.013,0.052,0.072,0.075,-0.016,0.028,0.131,0.042,-0.000,-0.090,0.006,0.079,-0.043,-0.090,-0.072,-0.053,-0.084,-0.082,-0.111,-0.107,-0.117,-0.009,0.027,-0.008,0.043,-0.047,-0.066,0.062,0.138,-0.064,-0.037,-0.008,-0.002,0.018,0.054,-0.009,-0.043,0.004,-0.103,-0.086,-0.012,-0.001,0.010,-0.019,0.031,-0.013,-0.039,-0.053,0.020,-0.189
7.149,4.742,4.243,4.501,4.897,4.836,4.929,5.179,5.200,5.096,5.928,5.635,5.191,5.057,5.479,5.918,6.362,6.117,6.035,6.181,6.641,7.108,6.783,6.465,6.966,6.867,7.285,7.292,7.500,7.783,7.687,7.406,7.204,7.410,7.516,7.260,7.442,7.577,7.878,7.778,17.978,-0.184,-0.118,-0.097,-0.175,-0.156,-0.200,-0.072,-0.078,-0.019,-0.159,-0.117,-0.385,0.041,0.041,-0.114,-0.044,-0.081,-0.025,0.055,0.047,-0.210,-0.033,0.013,-0.009,0.071,0.117,0.059,-0.050,-0.003,-0.159,-0.107,-0.028,-0.022,0.045,-0.013,0.059,-0.053,-0.030,0.037,0.105,-0.223,-0.077,0.060,0.111,0.021,-0.058,-0.066,-0.098,-0.098,-0.074,-0.061,-0.100,-0.014,0.039,0.056,0.024,0.019,-0.057,-0.045,0.077,0.106,-0.063,-0.098,-0.020,-0.003,-0.029,0.049,-0.043,-0.027,-0.023,-0.076,-0.065,-0.008,-0.003,0.011,-0.006,0.044,0.015,-0.029,-0.069,-0.006,-0.161
7.114,5.116,4.680,4.557,4.350,4.690,4.987,5.861,5.695,5.044,5.641,4.573,5.062,5.436,6.035,5.680,6.176,6.379,6.272,6.665,6.718,6.597,6.581,6.890,6.624,7.091,7.388,7.150,7.204,6.910,7.161,7.387,7.388,7.550,7.603,7.606,7.476,7.643,7.793,7.582,17.680,-0.258,-0.009,0.073,-0.179,-0.203,-0.283,-0.279,-0.338,-0.188,-0.239,-0.172,-0.151,-0.062,0.050,0.007,0.087,-0.046,-0.102,0.212,0.276,-0.246,-0.149,-0.057,-0.093,-0.036,0.157,0.007,-0.030,0.014,-0.110,-0.137,-0.008,-0.074,0.045,-0.003,0.092,-0.003,-0.081,-0.045,0.038,-0.452,-0.021,0.066,0.056,0.018,0.005,0.020,-0.082,-0.053,-0.045,0.029,0.009,0.153,0.030,0.043,0.019,0.029,-0.046,-0.019,0.051,0.036,-0.016,-0.066,0.000,0.007,-0.001,0.009,-0.040,-0.006,-0.023,0.039,0.018,-0.016,-0.006,-0.023,-0.017,0.006,0.020,-0.003,-0.041,-0.009,-0.069
6.338,5.013,4.102,4.127,3.975,3.816,4.212,4.739,4.970,4.782,5.197,4.536,5.538,5.683,5.598,5.750,6.199,5.832,6.479,6.249,5.909,6.428,6.837,7.036,6.921,7.440,7.039,7.390,7.010,7.098,7.178,7.374,7.190,7.521,7.433,7.335,7.360,7.539,7.847,7.721,16.976,-0.191,0.141,0.124,-0.005,-0.063,-0.205,-0.358,-0.297,-0.149,0.040,-0.046,-0.031,0.004,0.060,0.023,0.061,-0.192,-0.090,0.191,0.117,-0.200,-0.312,-0.033,-0.111,-0.005,0.189,-0.022,-0.010,0.001,-0.059,-0.034,-0.035,-0.061,0.023,0.034,0.179,0.077,-0.035,-0.094,-0.008,-0.412,0.047,0.032,0.048,0.057,0.048,0.122,0.062,0.116,0.045,0.095,0.067,0.170,0.009,0.019,0.016,0.037,-0.035,0.026,-0.001,-0.010,0.091,0.024,-0.008,-0.022,-0.017,-0.050,0.013,-0.005,-0.009,0.058,0.060,-0.002,0.024,-0.030,-0.011,-0.013,0.026,0.030,-0.007,-0.024,0.034
6.252,4.758,3.888,3.843,4.463,3.701,3.664,3.655,4.250,4.931,5.474,5.271,5.067,5.244,5.925,6.326,6.205,6.019,6.912,6.957,5.638,6.086,6.363,6.133,6.665,7.500,7.307,7.294,7.196,7.459,7.107,7.105,6.888,7.776,7.602,7.720,7.668,7.572,7.613,7.559,16.280,-0.071,0.063,-0.033,-0.130,-0.094,0.022,-0.204,-0.042,-0.066,0.089,0.120,0.276,0.002,0.067,-0.061,0.160,-0.193,-0.028,0.158,0.101,-0.062,-0.124,-0.015,-0.048,0.097,0.047,-0.006,-0.060,-0.018,0.162,0.144,-0.041,-0.022,-0.051,-0.038,0.046,0.018,0.017,-0.009,0.051,-0.249,0.031,0.015,0.052,0.087,0.040,0.144,0.191,0.214,0.098,0.023,0.009,0.058,0.041,0.027,0.006,-0.006,0.014,0.036,-0.062,-0.094,0.111,0.112,-0.002,0.037,-0.001,-0.091,0.025,0.001,-0.011,0.019,0.035,0.004,0.056,-0.047,-0.021,-0.050,-0.005,0.026,0.013,-0.014,0.044
6.627,5.625,5.261,4.831,4.527,4.307,3.802,4.799,5.176,5.355,5.781,5.131,5.206,5.453,5.649,5.897,5.390,5.849,6.670,6.620,6.180,5.804,6.725,6.287,6.918,7.609,7.214,7.171,7.509,7.212,7.543,7.369,7.148,7.414,7.686,8.100,7.731,7.440,7.500,7.752,16.617,-0.041,0.007,0.197,0.086,0.030,0.257,0.201,0.353,0.144,0.153,0.071,0.251,0.053,0.125,-0.001,0.104,-0.181,0.070,0.076,0.085,0.151,0.074,-0.049,-0.140,-0.082,-0.077,0.129,-0.060,-0.033,-0.008,0.055,-0.021,0.073,-0.057,-0.050,0.016,0.068,0.071,-0.015,-0.023,-0.156,-0.017,-0.006,0.028,0.068,0.036,0.069,0.196,0.136,0.049,-0.082,-0.071,-0.022,0.036,-0.012,0.036,0.001,0.116,0.029,-0.072,-0.073,0.083,0.145,-0.010,0.052,0.003,-0.073,0.035,0.024,-0.006,-0.015,-0.031,0.007,0.051,-0.013,-0.023,-0.066,-0.037,0.001,0.021,-0.009,-0.002
6.616,5.127,3.933,3.556,3.603,4.552,4.170,5.622,5.262,5.200,5.948,5.656,5.237,5.888,5.705,6.406,5.613,6.232,6.969,6.983,6.273,6.287,6.562,7.026,7.113,7.240,7.270,6.962,6.866,7.666,7.700,7.182,7.298,7.347,7.286,7.455,7.379,7.777,7.923,7.824,16.615,-0.180,0.136,0.295,0.210,-0.048,0.207,0.394,0.409,0.156,-0.182,-0.186,-0.001,0.119,0.150,0.049,0.034,0.017,0.000,-0.040,-0.181,0.133,0.217,-0.058,0.108,-0.001,-0.165,0.058,0.000,-0.024,-0.041,-0.006,0.007,0.140,-0.151,-0.067,-0.077,-0.025,-0.003,-0.019,-0.024,-0.361,-0.004,0.042,0.041,0.073,0.055,-0.004,0.102,-0.018,0.001,-0.083,-0.095,-0.115,0.018,-0.047,0.052,-0.009,0.156,-0.000,-0.062,-0.048,0.029,0.078,-0.003,0.047,0.027,0.017,0.020,0.032,0.019,-0.047,-0.056,0.024,0.030,0.009,-0.010,-0.025,-0.028,-0.029,-0.009,-0.024,0.017
5.952,4.862,5.062,4.701,4.557,4.674,4.965,5.521,5.182,5.412,5.316,5.598,5.720,5.988,5.702,6.229,5.590,6.074,6.832,6.661,6.346,6.696,6.495,5.889,6.289,7.186,7.704,7.255,7.009,6.957,7.155,7.232,7.349,7.449,7.341,7.547,7.846,7.789,7.618,7.471,16.030,-0.220,0.076,0.102,0.162,0.096,0.050,0.323,0.157,-0.013,-0.234,-0.247,-0.000,0.125,-0.043,0.149,0.130,0.283,0.041,-0.069,-0.106,0.118,0.243,-0.059,0.072,0.057,-0.070,0.119,0.080,-0.026,-0.033,-0.112,-0.022,0.114,0.010,-0.067,-0.089,-0.085,-0.020,0.017,-0.013,-0.368,0.072,0.056,-0.056,-0.039,0.014,-0.056,-0.060,-0.132,-0.022,-0.015,-0.022,-0.075,-0.000,-0.055,0.036,0.028,0.138,-0.016,-0.038,-0.005,-0.012,-0.004,0.001,0.043,0.096,0.104,-0.003,0.028,0.027,0.003,0.005,0.046,0.017,0.050,0.011,-0.010,-0.038,-0.035,-0.007,0.001,0.141
5.690,5.819,5.461,4.958,4.208,4.554,5.051,5.340,5.030,3.994,4.777,5.032,5.408,5.728,6.146,6.330,6.189,5.908,6.629,6.034,6.221,6.725,6.187,6.874,6.973,6.885,7.351,7.253,7.327,7.384,7.272,7.210,7.487,7.003,7.441,7.612,7.487,7.385,7.458,7.581,14.771,-0.002,0.239,0.220,0.198,0.148,0.106,0.244,-0.035,0.015,-0.132,-0.196,-0.176,0.058,-0.085,0.122,0.102,0.356,-0.015,-0.080,-0.041,0.102,0.182,-0.023,0.082,0.161,0.131,0.101,0.032,0.074,-0.059,-0.051,0.078,0.109,-0.042,-0.078,-0.024,-0.046,-0.080,-0.068,-0.072,-0.056,0.152,0.011,-0.070,-0.103,0.006,-0.055,-0.126,-0.104,-0.027,0.095,0.075,0.011,-0.007,-0.009,0.003,0.032,0.046,-0.003,-0.027,0.067,-0.019,-0.056,0.017,-0.033,0.054,0.135,0.020,0.025,0.029,0.014,0.051,0.037,-0.009,0.083,0.045,0.011,0.005,0.006,-0.005,-0.003,0.293
5.989,5.660,5.005,4.942,4.704,4.554,4.979,5.723,5.225,4.789,5.132,5.443,5.746,5.318,6.172,6.585,6.516,6.215,6.494,6.564,6.796,6.801,6.616,6.724,7.273,7.435,7.768,7.427,7.150,7.190,7.197,7.243,7.626,7.636,7.274,7.577,7.255,7.534,7.815,7.809,15.699,0.230,0.235,-0.045,-0.104,0.001,0.026,-0.025,-0.087,0.103,0.052,-0.034,-0.038,0.083,-0.033,0.143,0.210,0.339,-0.004,-0.094,-0.010,0.108,0.070,-0.063,0.087,0.317,0.298,0.094,0.063,0.052,0.017,0.101,0.175,0.173,0.138,0.013,-0.059,-0.112,-0.067,-0.024,0.008,0.396,0.142,-0.006,-0.017,-0.077,-0.037,-0.041,-0.103,0.002,-0.000,0.055,0.063,0.038,-0.000,0.049,-0.038,-0.011,-0.052,-0.017,0.002,0.047,-0.043,-0.076,0.044,-0.017,-0.003,0.052,-0.022,0.011,0.025,0.015,0.065,0.001,-0.053,0.026,0.064,0.012,0.040,0.028,-0.005,-0.022,0.257
6.588,5.924,5.063,4.427,4.268,5.142,5.382,5.347,5.317,4.853,5.058,4.855,5.515,5.799,6.081,6.739,6.933,6.086,6.738,6.825,6.558,7.146,6.387,7.018,7.426,7.770,7.744,7.037,7.167,7.253,7.424,7.565,7.704,7.042,6.929,7.319,7.444,7.503,7.486,7.296,16.499,0.357,0.113,0.016,-0.173,0.029,-0.057,-0.060,0.013,-0.039,0.152,0.085,0.071,0.104,0.102,0.067,0.152,0.218,0.007,-0.164,0.107,0.042,0.022,0.027,-0.064,0.140,0.327,0.168,0.136,0.082,0.005,0.141,0.092,0.067,0.202,0.120,-0.036,0.014,0.053,-0.024,-0.048,0.724,0.018,-0.072,-0.025,-0.033,-0.015,-0.025,-0.041,0.081,-0.007,-0.030,0.036,0.084,0.018,0.036,-0.056,-0.025,-0.097,0.019,0.045,0.039,-0.027,-0.047,0.074,-0.006,-0.054,-0.045,-0.037,0.017,0.008,0.008,0.023,-0.043,-0.077,0.001,0.052,0.015,0.032,0.042,0.019,0.003,0.069
6.652,5.986,5.036,4.445,4.532,4.508,4.675,5.085,5.552,5.241,5.006,5.496,6.082,5.787,6.448,7.072,6.914,5.964,6.310,6.215,6.716,6.833,6.078,6.249,7.650,8.232,7.975,7.678,7.348,7.106,7.585,7.932,8.106,8.119,7.664,7.400,7.308,7.394,7.484,7.653,17.146,0.311,0.108,0.117,-0.039,-0.028,-0.073,-0.040,0.143,0.012,-0.099,-0.073,0.068,0.101,0.111,-0.015,0.051,0.090,-0.056,-0.017,0.056,-0.067,-0.059,0.135,0.060,0.054,0.094,-0.027,0.081,0.096,0.012,0.116,-0.026,-0.127,0.017,0.153,-0.024,0.084,0.053,-0.033,-0.137,0.527,-0.109,-0.091,0.012,0.049,0.024,0.064,0.057,0.064,-0.009,-0.061,0.004,0.033,0.015,0.029,-0.064,-0.053,-0.093,0.045,0.100,0.040,-0.011,0.002,0.080,0.046,-0.067,-0.102,-0.042,-0.025,0.005,0.000,-0.029,-0.062,-0.076,-0.066,0.002,0.036,0.034,0.035,0.016,0.006,-0.180
7.143,6.219,5.526,4.342,4.437,4.290,4.902,5.722,4.674,4.529,5.265,5.360,5.758,6.002,6.341,6.849,7.079,6.067,5.900,6.745,6.472,6.821,6.593,6.790,7.486,8.121,8.087,7.805,7.639,7.453,7.785,7.324,7.582,7.774,7.847,7.520,7.531,7.718,7.506,7.420,17.669,0.046,-0.059,0.012,-0.001,0.089,0.029,0.046,0.256,0.028,-0.206,0.003,0.193,0.138,0.023,-0.080,0.056,-0.002,0.106,0.108,0.120,0.054,0.012,0.250,0.065,0.022,0.009,-0.025,0.106,0.094,-0.017,0.055,-0.037,-0.125,0.024,0.114,0.036,0.014,0.070,0.032,0.016,0.224,-0.183,-0.067,-0.012,0.074,0.039,0.090,0.056,-0.018,0.022,0.013,-0.004,-0.023,-0.006,0.026,-0.014,-0.027,-0.031,0.070,0.117,-0.002,0.013,0.027,0.019,0.073,0.002,-0.050,-0.032,-0.057,-0.028,0.007,-0.036,-0.004,-0.006,-0.048,-0.033,0.031,0.005,-0.004,0.004,0.026,-0.350
7.269,6.053,5.360,4.789,4.481,4.614,5.020,6.249,5.604,4.455,4.662,5.531,6.127,5.769,5.969,6.787,6.895,5.946,6.830,6.883,6.501,6.667,7.189,7.140,7.513,7.727,7.464,7.450,7.395,7.151,7.596,7.232,7.049,7.357,7.579,7.355,7.631,7.690,7.642,7.062,17.751,-0.162,-0.134,0.018,0.053,0.093,0.300,0.207,0.114,0.027,-0.074,0.028,0.067,0.139,0.152,-0.104,-0.007,-0.016,0.170,0.269,0.183,0.048,0.083,0.223,0.252,0.044,-0.056,-0.018,-0.045,0.071,0.028,-0.001,-0.071,-0.112,-0.103,0.028,0.086,0.060,0.101,0.030,0.004,-0.252,-0.166,-0.065,-0.014,0.057,0.060,0.050,0.013,-0.059,0.021,0.131,0.047,-0.036,-0.054,0.027,0.062,-0.011,0.014,0.043,0.033,-0.035,-0.002,0.027,-0.052,0.037,0.034,0.046,0.053,-0.020,-0.039,0.032,0.002,0.050,0.044,0.012,-0.034,0.024,0.000,-0.021,-0.013,0.036,-0.316
6.511,5.594,4.960,4.248,4.740,5.237,5.442,6.046,5.430,4.218,5.243,5.802,6.184,5.922,5.922,7.163,6.932,6.623,7.020,7.088,6.934,7.291,7.081,6.897,7.605,8.066,7.872,7.681,7.615,7.147,7.695,7.733,7.607,7.543,7.541,7.521,7.352,7.704,7.565,7.673,17.317,-0.323,-0.103,0.004,0.150,0.163,0.205,0.098,-0.065,0.063,0.206,0.016,-0.044,0.053,0.213,0.042,0.046,0.115,0.244,0.276,0.034,0.048,0.086,0.079,0.203,0.155,0.150,0.006,-0.086,-0.046,0.033,0.019,0.094,0.031,0.023,0.017,0.065,0.054,0.006,-0.035,0.013,-0.634,-0.020,-0.002,0.017,0.049,0.023,-0.050,-0.072,-0.038,0.046,0.133,0.033,-0.035,-0.085,-0.013,0.084,-0.031,0.022,-0.043,-0.023,-0.046,-0.034,-0.010,-0.083,0.009,0.021,0.072,0.050,0.008,-0.038,0.028,0.028,0.053,0.020,0.010,-0.019,0.011,0.014,-0.050,-0.014,-0.004,-0.093
6.160,5.626,5.410,4.754,4.846,5.534,5.441,5.492,5.309,5.026,5.156,5.612,6.566,6.588,6.138,6.878,6.907,6.535,7.096,6.960,6.726,7.013,6.950,7.456,7.809,7.981,7.992,7.516,7.716,7.399,7.627,7.370,7.534,7.720,7.958,7.831,7.696,7.906,7.603,7.545,16.060,-0.335,-0.197,0.054,0.170,0.236,0.089,0.000,0.008,0.100,0.349,0.156,0.009,-0.128,0.149,0.235,0.001,0.100,0.089,0.066,-0.078,-0.076,0.039,-0.037,0.175,0.156,0.253,0.220,0.080,-0.027,0.149,0.143,0.161,0.017,0.076,0.031,0.079,0.065,-0.019,-0.062,0.043,-0.626,0.132,0.029,-0.031,-0.015,-0.009,-0.107,-0.079,0.011,0.042,0.028,0.024,0.020,-0.073,-0.086,0.065,0.004,-0.003,-0.078,-0.058,-0.028,-0.031,-0.031,-0.043,-0.018,0.015,0.035,0.042,0.071,0.016,0.017,0.051,0.068,0.034,0.048,0.038,0.030,0.013,-0.051,0.015,0.010,0.232
6.084,5.917,5.521,5.112,5.069,4.856,5.181,5.778,5.136,5.271,5.100,5.098,5.805,6.658,6.469,7.033,7.646,6.991,7.146,6.876,6.598,7.077,7.105,7.647,8.111,8.744,7.854,7.345,7.248,7.496,7.866,7.726,7.495,7.706,7.744,7.605,7.769,7.640,7.349,7.245,15.346,0.034,-0.037,0.077,0.184,0.134,-0.116,-0.213,0.121,0.223,0.250,0.105,0.045,-0.152,-0.043,0.173,-0.102,0.048,-0.069,0.093,0.021,-0.056,-0.018,-0.034,0.147,0.073,0.216,0.104,0.086,-0.046,0.061,0.124,0.114,-0.089,-0.015,0.020,0.094,0.079,-0.122,0.006,-0.024,-0.053,0.224,0.070,-0.060,-0.077,-0.072,-0.047,-0.018,0.007,0.012,-0.065,0.038,0.065,0.001,-0.046,0.031,0.018,-0.035,-0.070,-0.027,0.041,0.007,-0.025,0.020,-0.015,0.013,-0.046,0.025,0.072,0.084,0.024,0.038,0.014,0.023,0.008,0.036,0.033,0.011,-0.016,0.043,0.026,0.435
5.808,4.909,5.347,5.205,5.496,5.247,5.151,6.425,6.250,5.675,5.512,5.925,5.678,6.149,6.871,6.855,7.037,6.206,7.098,6.598,6.291,6.972,6.991,7.642,8.039,8.655,8.574,8.016,7.443,7.723,8.226,8.037,7.191,7.656,7.631,7.711,7.745,7.625,7.441,7.492,15.607,0.320,-0.022,-0.174,-0.039,0.062,-0.073,-0.034,0.078,0.157,0.044,0.102,0.122,-0.124,-0.152,0.154,0.086,0.001,-0.067,0.073,0.049,-0.057,-0.021,0.064,0.188,0.158,0.086,0.142,0.224,0.151,0.100,0.201,0.258,0.121,0.157,0.215,0.221,0.112,-0.091,0.084,0.072,0.617,0.199,0.122,-0.050,-0.080,-0.118,0.013,0.054,-0.022,-0.019,-0.064,-0.004,0.038,0.068,0.069,-0.002,0.033,0.011,0.025,-0.003,0.068,0.056,0.008,0.061,-0.022,0.043,-0.045,-0.019,-0.005,0.054,0.003,0.001,-0.023,0.038,-0.015,0.010,0.001,0.009,0.025,0.034,0.012,0.377
6.859,5.767,5.375,4.942,5.087,4.801,4.523,6.184,6.076,5.141,5.592,5.870,5.869,5.925,6.421,6.666,7.109,6.444,7.484,7.374,6.873,7.224,6.892,7.538,7.856,8.808,8.102,7.859,7.519,7.289,8.018,7.970,7.333,7.501,7.802,8.053,7.722,7.234,7.677,7.582,17.280,0.469,0.158,-0.184,-0.132,-0.112,0.051,0.024,-0.065,0.094,0.036,0.234,0.222,0.058,0.134,0.237,0.091,-0.009,-0.026,0.138,0.177,0.075,-0.008,0.126,0.123,0.218,0.001,0.172,0.202,0.286,0.180,0.180,0.116,0.096,0.024,0.103,0.158,0.083,-0.036,0.105,0.127,0.920,0.031,0.074,0.035,-0.030,-0.069,0.070,0.132,0.016,-0.030,0.015,-0.005,-0.007,0.084,0.147,-0.000,0.038,0.033,0.056,-0.037,0.001,0.063,0.049,0.065,-0.020,0.069,-0.007,0.007,-0.029,0.011,0.003,-0.006,-0.032,0.018,-0.037,-0.047,-0.052,-0.006,0.068,-0.006,-0.001,0.089
7.372,5.592,4.614,4.647,5.145,5.198,5.598,5.677,5.622,5.309,5.419,5.838,5.912,6.197,6.933,7.493,7.179,6.474,7.292,6.954,6.305,6.837,7.378,8.451,8.729,8.380,8.578,8.376,8.337,8.005,8.556,8.538,8.219,8.608,9.005,8.713,8.280,7.656,7.860,7.739,18.180,0.440,0.315,-0.069,-0.073,-0.233,0.069,0.150,-0.007,0.071,0.137,0.072,0.109,0.110,0.408,0.195,0.071,0.184,0.195,0.027,0.186,0.140,0.075,0.189,0.075,0.299,0.137,0.091,-0.005,0.078,0.103,0.121,0.043,0.114,-0.017,0.037,0.050,0.108,0.063,0.061,0.030,0.771,-0.118,0.002,0.152,0.067,-0.001,0.034,0.067,0.066,-0.001,0.034,0.000,-0.039,0.091,0.089,-0.038,0.015,0.046,0.044,-0.069,-0.045,0.070,0.063,0.014,-0.041,-0.005,0.046,0.003,-0.042,-0.077,-0.016,-0.031,-0.067,-0.040,-0.058,-0.068,-0.045,0.010,0.074,-0.027,-0.036,-0.186
7.647,6.367,4.969,4.733,4.687,5.134,5.075,5.824,5.918,5.633,6.318,6.254,5.976,7.304,7.622,7.170,7.528,6.725,7.741,7.581,6.966,7.106,7.540,7.855,8.858,8.889,8.714,8.175,8.233,8.254,8.601,8.054,7.460,7.352,7.573,7.894,7.918,7.444,7.664,7.758,18.661,0.128,0.162,0.199,0.052,-0.065,0.165,0.355,0.240,0.117,0.279,0.097,0.018,0.150,0.414,0.152,0.095,0.124,0.079,-0.068,-0.041,0.164,0.178,0.227,0.101,0.350,0.153,0.167,0.056,0.043,0.077,0.133,0.063,0.004,-0.114,-0.126,-0.082,0.052,0.141,-0.014,-0.006,0.317,-0.171,-0.074,0.084,0.088,0.097,-0.014,-0.004,0.071,0.013,-0.026,-0.009,-0.035,0.062,-0.043,-0.051,0.043,0.023,0.014,-0.053,-0.071,-0.005,0.027,-0.030,-0.001,-0.058,0.030,-0.005,-0.019,-0.084,-0.033,-0.026,-0.034,-0.038,0.010,0.002,0.012,0.022,0.059,-0.023,-0.033,-0.310
7.617,6.183,5.206,4.945,4.532,5.424,5.625,6.572,6.684,6.112,5.509,6.276,6.172,7.501,7.245,6.957,7.747,7.041,7.104,7.425,6.944,7.406,7.615,7.860,9.032,9.299,8.723,7.835,7.478,7.754,8.537,8.210,7.698,7.647,7.929,8.042,8.187,7.835,7.755,7.554,18.770,-0.099,-0.014,0.397,0.203,0.035,0.041,0.136,0.254,0.142,0.093,0.171,0.029,0.283,0.154,0.006,0.161,0.165,0.100,-0.167,-0.068,0.247,0.202,0.085,-0.007,0.070,0.238,0.160,0.086,-0.110,0.069,0.072,-0.053,-0.033,-0.065,-0.010,0.115,0.176,0.191,0.007,-0.039,-0.011,-0.162,-0.092,-0.009,0.066,0.139,0.001,-0.048,-0.017,-0.031,-0.067,0.019,-0.021,0.035,-0.096,0.007,0.014,-0.014,-0.019,0.052,-0.004,-0.046,-0.022,-0.048,0.022,-0.084,-0.033,-0.012,0.005,-0.010,-0.019,-0.021,-0.021,-0.030,0.027,0.012,0.023,-0.023,-0.006,-0.019,0.008,-0.282
7.374,6.284,6.073,5.054,5.071,5.511,6.284,6.939,6.129,6.136,6.029,5.738,6.488,7.341,7.027,7.410,7.443,6.554,7.239,6.934,7.372,7.830,7.910,8.339,9.453,9.114,8.866,8.408,8.163,7.800,8.690,8.448,7.615,7.413,7.711,7.977,8.028,7.849,7.660,7.642,18.568,-0.115,-0.046,0.005,0.168,0.237,-0.008,0.012,0.159,0.121,-0.074,0.139,0.085,0.282,0.048,0.074,0.259,0.113,0.090,-0.028,-0.052,-0.006,0.064,0.027,0.158,0.042,0.101,0.114,0.061,-0.040,0.030,0.076,-0.009,-0.019,0.101,0.137,0.186,0.158,0.193,0.015,-0.003,-0.240,-0.109,-0.049,-0.078,0.033,0.063,0.028,-0.062,-0.076,-0.028,-0.046,-0.025,-0.034,-0.046,-0.048,0.045,-0.033,0.024,0.031,0.135,0.103,-0.028,-0.035,-0.029,0.011,-0.087,-0.054,-0.051,-0.012,0.024,-0.024,-0.032,-0.019,0.001,0.022,0.005,-0.005,-0.056,-0.063,-0.016,0.026,-0.208
7.011,5.566,6.045,5.498,5.127,5.212,5.671,6.389,6.228,5.522,6.419,6.239,7.070,6.949,7.262,8.180,8.046,7.061,6.705,6.935,7.337,7.483,7.615,8.175,8.780,9.459,9.303,8.691,7.822,8.578,8.871,8.077,7.974,8.252,8.884,9.249,9.104,8.411,7.897,7.601,18.173,-0.248,-0.042,-0.016,0.198,0.310,0.158,0.081,-0.052,-0.086,-0.023,0.148,-0.028,0.217,0.113,0.268,0.058,0.118,0.094,0.265,0.173,-0.007,0.022,0.048,0.159,0.031,-0.003,0.060,0.018,0.068,0.033,0.045,-0.027,-0.025,0.012,-0.035,0.032,-0.058,0.007,-0.047,0.068,-0.363,-0.046,0.012,-0.037,-0.018,-0.025,0.095,0.069,-0.033,-0.027,0.043,-0.060,-0.055,-0.087,0.029,0.033,-0.059,0.039,0.078,0.165,0.138,0.029,0.029,0.053,0.025,-0.010,-0.053,-0.052,0.010,0.074,-0.021,-0.009,0.041,0.006,-0.025,-0.059,-0.080,-0.115,-0.104,-0.034,0.027,-0.113
7.375,6.445,4.577,5.297,5.576,5.201,5.114,6.712,6.752,5.558,6.557,6.698,6.939,7.820,7.982,7.854,7.945,7.163,7.799,7.565,6.739,7.389,7.673,8.486,9.192,9.315,8.993,8.052,7.860,7.990,8.815,8.077,7.226,7.554,7.780,8.222,8.248,8.121,7.669,7.718,17.760,-0.345,-0.067,0.014,0.221,0.115,0.245,0.071,0.013,0.092,0.106,-0.017,-0.125,-0.048,0.193,0.246,-0.018,0.266,0.236,0.391,0.354,0.149,0.095,0.099,0.073,-0.066,0.002,-0.037,0.031,0.076,-0.025,-0.016,-0.044,0.007,-0.040,-0.090,-0.064,-0.109,-0.083,-0.068,0.070,-0.550,0.031,0.036,0.102,-0.022,-0.079,0.082,0.128,0.030,0.002,0.074,-0.031,-0.023,-0.043,0.040,-0.043,0.003,0.073,0.115,0.071,0.094,0.121,0.077,0.080,0.012,0.006,0.000,-0.021,0.032,0.049,0.029,0.021,0.057,0.008,-0.034,-0.037,-0.047,-0.065,-0.081,-0.019,0.000,0.026
6.376,5.892,5.874,5.812,5.828,6.370,6.618,6.426,5.940,6.288,5.985,5.655,7.032,7.825,8.107,7.023,8.087,7.208,8.148,7.973,7.224,7.738,7.975,8.581,9.319,9.183,8.957,8.104,7.971,7.823,8.697,8.260,7.769,7.639,7.722,8.080,7.785,7.734,7.516,7.855,17.361,-0.217,0.057,0.206,0.089,-0.030,0.391,0.453,0.161,0.022,0.217,-0.050,-0.143,0.014,0.227,0.086,0.004,0.286,0.417,0.448,0.416,0.317,0.331,0.313,0.159,0.075,0.021,-0.024,0.151,0.203,-0.006,0.075,0.169,-0.019,-0.120,-0.194,-0.158,-0.266,-0.188,-0.122,0.058,-0.422,0.136,0.035,0.043,-0.036,-0.061,-0.029,0.055,0.067,0.071,0.044,0.039,0.103,0.034,0.010,-0.075,0.083,0.040,0.103,-0.021,0.001,0.082,0.074,0.060,0.032,0.039,0.028,0.011,0.034,0.015,0.065,0.050,0.047,0.002,0.008,0.025,0.004,0.018,-0.003,0.029,-0.030,0.162
5.966,5.787,6.231,6.000,5.297,6.158,6.166,6.984,6.731,6.285,6.163,5.408,6.269,7.869,7.833,7.898,8.751,7.658,8.471,8.184,8.174,8.176,8.227,8.503,8.855,9.262,8.855,8.857,8.468,8.052,8.700,8.138,7.753,7.518,7.840,8.241,8.144,7.774,7.509,7.865,16.226,0.023,0.083,0.404,0.112,0.011,0.284,0.468,0.203,0.079,0.178,0.082,0.029,0.170,0.191,-0.049,0.303,0.393,0.503,0.233,0.295,0.435,0.297,0.296,0.216,0.048,0.090,0.050,0.156,0.139,0.192,0.168,0.179,0.016,-0.002,0.031,0.044,-0.063,-0.116,-0.043,0.002,-0.081,0.202,0.064,-0.012,-0.030,0.011,-0.120,-0.013,0.006,0.021,0.007,0.085,0.142,0.091,-0.038,0.004,0.077,-0.043,0.023,-0.049,-0.048,-0.020,0.017,0.012,0.024,0.045,0.003,0.021,0.009,-0.005,0.072,0.051,0.025,0.017,0.058,0.048,0.025,0.050,0.039,0.055,-0.039,0.300
6.632,6.182,6.248,5.590,5.116,6.687,7.413,7.056,6.349,6.244,6.367,6.168,7.477,8.059,7.767,8.179,9.070,8.897,8.611,8.708,8.204,8.742,8.901,8.960,9.322,9.588,9.254,9.043,8.534,8.518,9.303,8.892,7.616,7.672,7.884,8.448,7.823,7.642,7.367,7.819,16.831,0.249,0.056,0.003,0.071,0.056,-0.005,0.160,0.187,0.276,0.160,0.293,0.409,0.278,0.165,0.038,0.312,0.254,0.473,0.240,0.209,0.261,0.291,0.252,0.247,0.167,0.093,0.071,0.126,0.110,0.248,0.204,0.095,-0.017,0.033,0.031,-0.001,0.007,0.009,0.083,-0.049,0.215,0.168,0.085,-0.045,0.011,0.040,-0.141,-0.126,-0.051,0.031,0.007,0.088,0.089,0.007,-0.067,0.123,0.055,-0.068,-0.043,-0.027,-0.047,-0.046,-0.040,-0.050,-0.021,-0.003,-0.019,0.025,0.025,0.007,0.048,0.008,-0.033,0.058,0.081,0.071,0.040,0.092,0.077,0.065,-0.007,0.280
7.361,6.713,6.410,5.966,5.988,6.464,7.055,7.411,6.943,6.470,6.774,6.584,7.569,8.658,7.908,8.791,9.419,8.833,8.732,8.674,8.426,8.372,8.689,9.379,9.432,9.563,9.093,8.361,8.275,8.603,9.355,8.655,7.384,7.526,7.856,8.259,7.912,7.589,7.526,7.747,17.618,0.433,0.255,0.055,0.081,0.125,-0.158,0.151,0.031,0.069,0.169,0.238,0.307,0.274,0.035,0.291,0.211,0.068,0.324,0.250,0.215,0.079,0.201,0.188,0.152,0.111,-0.018,0.021,0.087,0.096,0.205,0.176,0.117,0.091,0.171,0.039,-0.020,0.002,0.014,0.102,-0.071,0.632,0.105,0.137,-0.004,0.002,0.007,-0.038,-0.091,-0.078,-0.027,0.027,0.031,-0.025,-0.064,-0.048,0.152,-0.004,-0.083,-0.060,0.033,0.018,-0.006,-0.030,-0.035,-0.040,-0.003,-0.030,0.043,0.076,0.054,0.011,-0.021,-0.017,0.082,0.065,0.053,0.017,0.054,0.050,0.042,0.046,0.213
6.925,5.709,5.801,6.183,5.761,6.194,6.973,7.148,7.215,6.996,7.143,7.112,7.773,8.255,8.259,8.135,9.022,8.986,9.220,8.771,8.401,9.097,9.006,9.377,9.866,9.498,9.192,8.984,8.616,8.788,9.390,8.475,7.865,7.802,7.871,8.064,7.937,7.871,7.924,7.669,17.739,0.419,0.398,0.154,0.158,0.114,-0.095,-0.016,-0.006,0.184,0.258,0.315,0.162,-0.004,-0.030,0.529,0.325,0.107,0.290,0.303,0.221,0.266,0.177,0.119,0.086,0.028,-0.019,0.114,0.312,0.259,0.229,0.113,0.037,0.234,0.200,0.155,0.072,0.159,0.131,0.129,0.062,0.622,0.084,0.204,0.163,0.078,0.072,0.131,0.021,-0.003,-0.010,0.055,-0.016,-0.095,-0.065,0.001,0.065,0.020,-0.002,-0.029,0.031,0.082,0.086,0.002,0.003,-0.022,-0.009,-0.000,0.083,0.098,0.108,0.037,0.003,0.028,0.111,0.093,0.088,0.066,0.068,0.054,0.081,0.142,0.173
7.985,7.300,6.728,6.108,5.601,5.616,7.140,7.092,6.642,6.751,6.963,6.471,7.490,7.944,9.042,8.975,9.116,9.236,9.417,9.228,8.470,9.005,9.113,9.053,9.138,9.215,8.993,9.321,8.905,8.944,9.537,8.930,8.084,8.309,8.042,8.333,8.100,7.731,7.739,7.583,18.931,0.462,0.594,0.310,0.077,0.017,0.141,0.101,-0.091,-0.009,0.263,0.224,0.027,-0.007,0.046,0.465,0.275,0.051,0.293,0.367,0.379,0.401,0.205,0.186,0.097,0.103,-0.004,0.243,0.443,0.332,0.259,0.109,0.121,0.300,0.238,0.235,0.094,0.131,0.076,0.144,0.177,0.780,0.052,0.139,0.138,0.122,0.111,0.145,0.039,0.068,0.042,0.017,-0.035,-0.041,-0.032,0.038,-0.084,-0.030,0.033,-0.038,-0.011,0.065,0.070,0.016,0.008,-0.006,0.016,0.035,0.059,0.029,0.089,0.028,0.035,0.026,0.068,0.065,0.058,0.059,0.055,0.055,0.122,0.163,0.113
8.413,7.880,6.857,6.307,5.876,6.635,7.288,7.186,7.421,7.392,7.846,7.035,7.494,8.265,9.846,9.713,9.758,10.146,9.784,9.535,9.514,9.308,9.284,9.553,9.610,9.669,9.874,10.122,9.515,9.491,9.775,8.941,8.434,8.283,8.566,8.770,8.526,8.226,7.904,8.209,19.284,0.656,0.909,0.690,0.464,0.469,0.499,0.290,0.234,0.266,0.389,0.221,0.074,0.093,0.163,0.278,0.382,0.255,0.343,0.337,0.537,0.527,0.301,0.267,0.165,0.128,0.084,0.377,0.440,0.532,0.405,0.253,0.230,0.435,0.464,0.371,0.269,0.283,0.247,0.465,0.537,1.007,0.032,0.030,0.055,0.102,0.080,0.017,0.017,0.076,0.005,-0.079,-0.121,-0.022,-0.017,0.028,-0.184,-0.131,-0.036,-0.099,-0.077,-0.038,-0.071,-0.038,-0.037,-0.018,0.020,0.034,-0.044,-0.104,-0.008,-0.022,0.013,0.014,-0.017,0.034,-0.009,-0.012,-0.019,0.016,0.071,0.052,0.098
8.928,8.599,7.431,6.291,6.015,6.946,7.401,6.939,6.797,7.589,7.544,6.759,7.675,8.885,9.439,9.378,9.306,9.716,10.283,10.185,9.872,9.289,9.479,9.777,10.075,9.456,9.966,10.007,9.487,9.545,9.708,9.025,8.601,8.475,8.682,8.378,8.270,7.791,8.254,8.360,20.745,0.574,0.697,0.479,0.539,0.501,0.269,0.193,0.249,0.240,0.189,0.111,0.144,0.064,0.129,-0.002,0.031,0.161,0.109,0.180,0.383,0.299,0.219,0.153,0.080,0.140,0.104,0.183,0.166,0.406,0.259,0.279,0.152,0.330,0.364,0.223,0.176,0.214,0.232,0.541,0.505,1.006,-0.023,-0.076,-0.016,0.065,0.005,-0.104,-0.064,0.052,0.018,-0.122,-0.100,0.024,-0.039,0.016,-0.134,-0.173,-0.085,-0.117,-0.111,-0.161,-0.175,-0.098,-0.081,-0.037,0.001,0.038,-0.106,-0.154,-0.113,-0.074,-0.043,-0.007,-0.074,-0.031,-0.045,-0.039,-0.043,0.005,-0.034,-0.085,-0.019
9.733,9.603,8.901,8.412,7.897,8.022,8.295,8.395,8.468,8.522,7.960,7.337,8.145,8.600,9.450,9.845,10.201,10.462,10.474,10.975,10.337,10.458,10.159,9.841,10.037,9.797,10.591,10.842,10.987,10.513,10.567,9.580,9.783,10.038,9.408,9.389,9.268,9.076,9.992,9.968,21.867,0.523,0.496,0.345,0.439,0.273,-0.077,0.025,0.205,0.083,-0.101,-0.236,-0.008,-0.125,0.071,-0.157,-0.208,-0.128,-0.114,0.012,0.031,-0.038,-0.021,-0.049,0.006,0.109,0.095,-0.077,-0.068,0.184,0.120,0.092,0.092,0.133,0.309,0.115,-0.030,0.021,0.131,0.283,0.160,0.997,-0.118,-0.193,-0.102,-0.057,-0.108,-0.109,-0.092,-0.030,-0.006,-0.073,-0.003,0.083,0.026,0.023,-0.051,-0.151,-0.133,-0.098,-0.092,-0.213,-0.168,-0.136,-0.089,-0.032,-0.023,-0.015,-0.125,-0.165,-0.229,-0.124,-0.119,0.000,-0.090,-0.101,-0.034,-0.054,-0.058,-0.028,-0.170,-0.192,-0.135
10.192,9.923,8.098,7.750,7.095,6.267,7.599,7.735,7.316,7.133,7.462,7.040,7.484,8.421,9.230,9.064,9.696,9.621,9.973,10.422,9.555,9.527,9.442,9.307,9.625,9.672,9.549,9.791,10.199,9.726,10.535,9.369,9.058,9.253,8.734,8.903,8.800,8.468,9.403,9.229,22.668,0.411,0.422,0.405,0.415,0.141,-0.092,-0.085,0.185,0.174,-0.100,-0.046,0.190,-0.091,0.171,0.014,-0.296,-0.182,-0.066,-0.025,-0.172,-0.194,-0.122,-0.059,-0.008,0.116,0.179,-0.059,-0.072,-0.057,0.029,-0.027,0.155,0.080,0.160,0.137,0.049,0.047,0.158,0.064,-0.059,0.689,-0.130,-0.129,0.021,0.002,-0.007,0.092,0.040,0.052,0.086,0.051,0.118,0.157,0.182,0.042,0.019,0.015,-0.044,0.007,-0.042,-0.102,-0.021,-0.038,0.005,0.009,-0.043,-0.052,-0.022,-0.066,-0.170,-0.065,-0.093,0.047,-0.019,-0.067,0.040,0.027,0.043,0.038,-0.129,-0.099,-0.186
10.394,9.699,8.246,7.773,6.701,6.591,7.313,7.814,7.576,7.117,6.705,6.852,6.966,8.851,9.165,8.829,8.923,9.626,9.997,9.569,9.481,9.084,9.060,9.819,10.381,10.035,9.697,9.891,10.080,9.999,9.821,9.232,8.870,9.440,9.115,8.356,8.366,8.544,8.746,8.574,23.309,0.145,0.081,0.216,0.244,0.110,0.134,-0.029,0.119,0.266,0.171,0.285,0.467,0.299,0.256,0.015,-0.212,-0.239,-0.061,-0.021,-0.249,-0.065,-0.208,-0.073,0.048,0.026,-0.029,-0.126,-0.266,-0.382,-0.101,-0.191,0.229,0.111,0.059,0.244,0.061,0.078,0.146,-0.145,-0.143,0.489,-0.132,-0.074,0.088,0.076,0.098,0.179,0.109,0.107,0.128,0.103,0.143,0.165,0.291,0.016,0.029,0.112,0.036,0.019,-0.056,-0.011,0.035,0.020,0.032,-0.018,-0.093,-0.107,0.010,-0.017,-0.084,-0.063,-0.015,0.036,-0.014,-0.084,0.005,0.069,0.107,0.057,-0.038,0.024,-0.183
10.654,10.661,9.782,8.686,7.320,7.200,7.465,8.154,8.113,7.791,7.941,7.950,7.811,9.615,9.653,8.406,9.037,9.802,10.396,10.026,9.331,9.365,9.733,9.750,10.485,10.231,10.119,10.121,9.655,9.948,9.946,9.972,9.457,9.573,9.514,9.140,8.957,8.848,9.197,8.763,23.470,0.114,0.262,0.648,0.647,0.546,0.625,0.422,0.555,0.579,0.308,0.442,0.690,0.761,0.249,0.009,0.108,-0.004,0.116,-0.015,0.013,0.206,0.125,0.191,0.104,-0.032,-0.096,0.098,-0.064,-0.159,0.043,-0.047,0.319,0.246,0.154,0.358,0.265,0.401,0.414,0.109,0.162,0.332,-0.077,-0.024,0.063,0.065,0.126,0.134,0.097,0.039,0.039,0.026,-0.030,0.005,0.196,-0.024,0.000,0.158,0.072,-0.055,-0.059,0.007,-0.042,-0.003,-0.027,-0.038,-0.129,-0.110,0.012,0.040,0.028,-0.055,0.047,-0.010,-0.047,-0.064,-0.066,0.024,0.061,0.024,0.019,0.065,-0.110
10.229,9.641,9.139,9.162,8.334,8.225,8.219,8.778,9.401,9.045,9.144,9.216,9.475,9.283,9.311,9.116,9.335,10.066,10.158,9.926,10.122,9.499,9.650,9.860,9.738,9.371,9.677,9.348,9.348,9.896,9.908,10.425,10.137,10.171,10.236,9.575,9.577,9.618,9.369,9.486,23.910,0.011,0.207,0.662,0.704,0.562,0.461,0.317,0.554,0.522,0.213,0.237,0.565,0.902,0.111,-0.010,0.148,-0.038,-0.111,-0.273,-0.119,-0.062,-0.045,-0.011,-0.141,-0.280,-0.301,-0.105,-0.158,-0.184,-0.201,0.024,0.189,-0.021,-0.109,0.030,0.207,0.377,0.290,0.072,0.172,0.263,-0.017,0.028,0.041,0.023,0.048,-0.016,-0.006,-0.089,-0.086,-0.082,-0.193,-0.166,-0.056,-0.032,0.007,0.073,0.051,-0.109,-0.009,-0.009,-0.179,-0.058,-0.078,-0.051,-0.108,-0.035,0.020,0.098,0.083,-0.043,0.068,-0.054,-0.090,-0.071,-0.133,-0.030,-0.045,-0.048,0.036,0.022,-0.067
10.845,11.260,10.890,10.293,9.009,8.574,9.255,10.027,9.300,7.707,8.452,9.308,10.033,9.448,9.200,9.459,9.470,9.979,9.819,10.309,10.263,9.944,10.104,9.806,9.788,9.526,10.049,9.742,9.772,9.994,10.258,10.366,9.655,9.660,9.962,9.620,10.200,10.000,9.638,9.583,24.027,0.094,0.239,0.497,0.508,0.544,0.416,0.227,0.164,0.239,0.008,-0.174,0.163,0.586,0.125,0.028,0.317,0.078,-0.318,-0.196,-0.202,-0.405,-0.218,-0.226,-0.101,-0.373,-0.233,-0.010,0.075,-0.017,-0.197,0.101,0.126,-0.092,-0.078,-0.088,0.095,0.202,0.205,0.052,0.107,0.251,-0.005,-0.036,-0.119,-0.133,-0.068,-0.116,-0.098,-0.222,-0.149,-0.028,-0.136,-0.201,-0.237,-0.009,0.021,-0.086,-0.006,-0.104,0.067,-0.038,-0.198,-0.075,-0.062,0.006,-0.013,0.048,0.014,0.070,0.054,-0.018,0.057,-0.049,-0.056,-0.074,-0.074,-0.050,-0.154,-0.116,-0.023,-0.062,-0.043
10.351,10.433,11.005,10.491,8.667,8.210,8.004,9.645,9.592,8.224,7.636,8.999,10.366,9.490,9.340,9.040,8.519,8.981,8.922,8.830,8.703,8.571,8.817,9.088,9.328,8.881,9.209,9.292,9.101,8.969,9.786,9.978,8.667,8.853,9.040,9.151,9.630,9.418,8.888,9.023,24.346,0.071,0.230,0.497,0.431,0.350,0.156,0.038,-0.131,0.008,-0.090,-0.371,-0.101,0.105,0.156,0.039,0.050,-0.024,-0.390,0.023,-0.187,-0.655,-0.328,-0.256,-0.103,-0.343,-0.137,0.027,0.154,-0.039,-0.194,0.073,0.056,-0.170,-0.179,-0.197,-0.002,-0.049,0.012,0.064,-0.006,0.195,0.006,-0.046,-0.150,-0.145,-0.078,-0.093,-0.043,-0.156,-0.116,0.027,0.022,-0.097,-0.236,0.004,0.008,-0.142,-0.000,0.011,0.141,0.043,-0.028,0.058,0.065,0.088,0.118,0.119,0.056,0.045,0.062,0.098,0.068,-0.021,0.028,-0.011,0.057,-0.018,-0.124,-0.079,-0.009,-0.059,-0.045
11.062,11.461,11.333,10.563,9.874,9.285,8.709,8.540,9.212,8.239,7.824,8.875,10.295,10.134,9.780,10.027,9.836,8.754,10.033,9.562,8.015,8.740,9.020,9.632,8.825,9.311,10.301,10.524,9.692,9.429,10.512,10.825,9.733,9.842,9.673,9.824,9.938,9.975,9.698,9.531,24.509,0.060,0.070,0.133,0.120,0.313,0.196,0.072,-0.213,0.091,0.318,0.064,0.017,-0.024,0.182,0.088,-0.273,-0.040,-0.266,0.174,-0.142,-0.490,-0.107,0.005,0.116,-0.067,0.060,0.104,0.130,0.038,-0.050,0.212,0.140,0.042,-0.179,0.099,0.120,-0.155,-0.027,-0.001,-0.059,0.149,-0.014,-0.063,-0.132,-0.110,-0.088,-0.074,-0.011,0.003,-0.059,0.061,0.159,0.044,-0.090,-0.031,-0.004,-0.122,-0.002,0.113,0.035,0.057,0.124,0.106,0.098,0.056,0.178,0.108,-0.001,-0.026,0.029,0.118,0.054,-0.034,-0.003,0.003,0.061,-0.018,-0.026,-0.047,-0.015,-0.047,-0.050
10.474,10.692,11.401,11.180,9.653,8.650,8.684,8.866,9.484,8.330,7.605,8.929,9.868,9.720,9.218,9.082,9.030,8.731,10.163,9.367,7.970,8.459,8.912,9.431,8.507,8.794,9.686,9.729,9.191,9.207,10.148,10.477,9.246,9.187,9.398,9.463,9.464,9.689,9.661,9.481,24.644,0.058,0.064,0.094,0.172,0.288,0.106,0.181,-0.037,0.014,0.193,0.228,0.151,0.025,0.101,0.001,-0.267,0.020,-0.081,0.248,0.066,-0.159,0.190,0.200,0.192,0.159,0.148,0.117,0.040,0.097,0.213,0.311,0.076,0.053,-0.115,0.220,0.104,-0.063,0.012,0.052,-0.040,0.088,-0.009,-0.054,-0.102,-0.069,-0.066,-0.025,-0.004,0.064,-0.022,0.033,0.156,0.061,0.022,-0.035,0.017,0.037,0.051,0.131,-0.081,0.022,0.168,0.058,0.048,0.010,0.129,0.053,-0.018,-0.011,0.024,0.085,0.035,-0.035,-0.034,0.061,0.012,-0.039,0.065,-0.007,0.001,-0.009,-0.034
11.085,11.480,11.359,10.548,10.081,9.336,9.275,9.352,9.808,9.244,8.789,9.429,10.164,10.244,9.701,8.074,9.013,8.772,10.070,9.333,8.181,9.464,10.082,10.213,9.865,9.871,10.329,10.172,9.916,9.626,11.139,10.815,9.576,8.598,10.277,10.065,9.507,9.728,9.248,9.061,24.622,0.028,0.009,0.036,0.085,0.133,0.072,0.103,0.133,-0.058,0.174,0.324,0.258,0.178,-0.004,0.027,-0.133,0.045,0.092,-0.133,-0.044,-0.035,0.052,0.034,0.030,0.265,0.163,-0.062,0.004,0.059,0.187,0.252,-0.055,-0.219,-0.092,0.010,-0.049,0.080,-0.029,-0.018,-0.109,0.055,-0.014,-0.023,-0.020,-0.001,-0.064,-0.009,-0.010,0.060,-0.023,-0.053,0.004,-0.001,0.018,-0.028,-0.013,0.135,0.046,0.087,-0.134,-0.019,0.117,-0.037,-0.030,-0.035,0.043,-0.020,-0.030,0.016,-0.000,0.030,-0.047,-0.018,-0.037,0.076,-0.079,-0.060,0.099,0.035,0.053,0.030,-0.019
10.629,10.742,11.464,11.357,10.005,8.714,8.626,9.054,9.365,8.687,8.293,9.479,10.558,9.942,9.386,8.683,9.029,8.566,10.143,9.277,7.823,9.161,9.286,9.758,9.602,9.340,9.780,9.665,9.472,9.936,11.026,10.365,9.010,8.899,9.838,9.550,9.532,9.601,9.372,9.059,24.731,0.043,-0.010,0.035,0.103,0.110,0.093,0.005,0.014,-0.030,0.149,0.282,0.085,0.112,0.074,0.155,0.166,0.191,0.089,-0.231,-0.125,-0.044,-0.120,-0.032,-0.011,0.138,0.076,0.022,0.165,0.068,0.113,0.227,-0.021,-0.210,0.083,-0.091,-0.110,0.157,-0.024,0.078,-0.028,0.073,-0.015,-0.016,-0.009,-0.014,-0.065,0.011,-0.016,0.009,0.051,-0.010,-0.065,-0.040,-0.015,-0.002,-0.049,0.080,-0.014,0.016,-0.093,-0.042,0.057,-0.055,-0.033,-0.023,-0.001,-0.022,0.008,0.014,-0.018,-0.016,-0.096,0.023,0.041,0.036,-0.078,-0.032,0.056,0.053,0.047,0.048,0.001
11.124,11.479,11.481,10.901,10.360,9.611,9.253,9.111,8.982,8.929,9.097,9.888,10.838,10.004,9.833,9.562,10.059,9.295,9.380,9.388,7.916,8.649,9.003,9.620,9.605,9.852,9.946,10.576,9.847,10.001,11.334,10.606,8.755,9.524,9.503,9.535,10.304,9.872,9.754,9.199,24.741,-0.002,-0.009,0.065,0.148,0.081,0.158,0.112,0.062,0.000,0.075,0.055,0.046,0.025,0.057,-0.053,0.185,0.106,0.081,-0.256,-0.139,0.040,-0.139,-0.027,0.043,0.161,-0.004,0.001,0.147,0.052,0.151,0.020,0.098,-0.014,0.100,-0.142,-0.075,0.228,0.166,0.253,0.084,0.062,-0.019,-0.003,0.007,0.005,-0.042,0.001,0.004,-0.009,0.111,0.042,-0.065,-0.034,-0.042,0.027,-0.064,-0.009,-0.063,-0.038,0.039,-0.000,0.044,0.040,0.028,0.021,0.018,0.013,0.045,-0.063,-0.023,0.007,-0.066,0.011,0.121,0.013,0.025,0.031,0.015,0.089,0.057,0.097,0.000
10.667,10.641,11.514,11.518,10.065,8.979,8.718,9.055,9.745,9.235,8.863,9.126,10.091,10.209,9.927,9.165,9.461,8.912,9.354,8.712,7.882,8.269,9.292,9.672,9.325,9.184,9.989,10.349,9.564,9.585,11.186,10.478,8.607,9.137,9.327,9.176,9.848,9.498,9.800,9.269,24.948,-0.004,-0.009,0.035,0.069,-0.011,0.119,0.094,0.042,0.242,0.194,0.036,0.057,0.028,0.061,-0.205,-0.028,-0.082,0.003,-0.154,-0.094,0.089,0.008,0.067,0.070,0.207,0.122,0.127,0.037,0.008,0.149,-0.052,0.114,0.157,-0.030,-0.094,-0.046,0.142,0.181,0.149,0.106,0.088,-0.018,0.016,-0.003,-0.019,-0.051,-0.042,-0.012,-0.013,0.087,0.074,-0.016,0.006,0.010,0.018,-0.029,-0.039,-0.048,-0.015,0.098,0.057,0.037,0.106,0.039,-0.001,0.002,0.036,0.024,-0.099,-0.043,-0.000,-0.042,-0.077,0.067,-0.005,0.065,0.052,-0.009,0.060,0.006,0.085,-0.012
11.058,11.487,11.660,11.210,10.457,9.994,9.791,9.660,9.618,9.347,8.780,9.833,10.522,10.398,9.164,8.756,9.326,9.006,9.185,8.921,8.349,9.216,9.945,10.472,10.806,9.930,10.231,10.563,10.129,10.557,11.158,11.247,9.708,8.980,9.820,9.878,10.488,10.610,10.299,9.376,24.823,-0.045,-0.008,0.069,0.129,-0.016,0.065,0.076,0.075,0.361,0.360,0.122,0.101,0.009,0.135,-0.113,-0.083,-0.136,-0.055,0.024,-0.061,0.121,0.190,0.127,0.094,0.320,0.205,0.111,-0.246,-0.026,0.205,0.062,-0.070,0.202,0.027,0.135,0.072,0.164,0.311,0.231,0.308,0.048,-0.020,0.003,-0.013,-0.023,-0.045,-0.080,-0.059,-0.033,0.027,0.073,0.044,-0.020,0.010,0.013,0.071,0.012,0.023,0.017,0.087,0.071,0.043,0.112,0.036,-0.054,-0.083,0.013,0.012,-0.035,-0.044,-0.058,-0.010,-0.135,-0.029,0.027,0.055,0.018,-0.032,-0.022,-0.058,0.056,-0.030
10.640,10.692,11.551,11.550,9.899,9.118,8.829,8.989,10.256,9.447,8.632,9.789,10.856,10.051,8.695,8.946,8.985,8.727,9.471,9.042,8.053,8.919,9.148,9.684,10.037,9.908,10.270,9.857,9.372,10.401,10.855,10.614,9.317,9.020,9.209,9.150,10.149,10.137,9.845,9.502,25.132,-0.026,0.071,0.018,0.020,-0.096,-0.071,-0.039,-0.057,0.223,0.375,0.171,0.086,0.170,0.126,0.038,0.106,0.070,0.083,0.121,0.123,0.100,0.243,0.087,-0.044,0.067,0.151,0.089,-0.136,-0.107,0.085,-0.005,-0.320,0.019,0.095,0.094,0.079,0.145,0.204,0.120,0.283,0.018,-0.013,0.013,-0.030,-0.037,-0.027,-0.072,-0.042,-0.036,-0.081,-0.003,0.017,-0.047,-0.014,0.001,0.112,0.070,0.066,0.026,-0.011,0.020,0.043,0.058,0.033,-0.031,-0.106,-0.027,-0.016,0.059,0.002,-0.057,-0.024,-0.087,-0.080,0.033,0.017,0.011,-0.021,-0.064,-0.058,-0.017,-0.052
10.913,11.413,11.806,11.528,10.363,9.868,9.578,9.520,10.533,10.623,9.824,10.060,10.498,10.757,9.883,9.258,9.616,9.114,9.442,8.920,8.435,9.275,9.710,10.082,10.847,10.516,10.361,9.593,9.814,10.618,11.810,10.191,9.409,9.717,10.240,9.908,10.976,11.107,10.889,10.622,24.891,-0.092,-0.036,0.007,0.061,-0.102,-0.148,-0.118,-0.054,0.147,0.349,0.206,-0.068,0.003,0.088,0.179,0.178,0.144,0.124,0.042,0.106,0.249,0.304,0.143,-0.170,-0.185,0.045,0.082,0.056,-0.113,-0.104,-0.052,-0.360,-0.092,0.173,0.037,-0.045,0.068,0.042,-0.022,0.276,-0.052,-0.021,-0.020,-0.046,-0.056,-0.027,-0.055,-0.047,-0.055,-0.149,-0.109,-0.039,-0.050,-0.036,-0.058,0.053,0.050,0.017,0.009,-0.093,-0.043,0.026,-0.021,0.016,0.023,-0.098,-0.058,-0.023,0.117,0.029,-0.038,-0.071,0.025,-0.070,-0.016,-0.051,-0.010,-0.022,-0.095,-0.070,-0.104,-0.057
10.611,11.034,11.529,11.457,9.632,8.688,8.628,8.840,10.403,10.473,9.196,9.445,10.951,10.657,9.758,9.444,9.668,9.276,9.829,9.325,8.339,9.456,9.844,9.647,9.642,9.646,10.370,10.156,9.186,9.979,10.834,9.405,8.851,9.245,9.587,9.554,10.331,10.271,10.107,10.061,25.006,-0.045,0.071,-0.085,-0.080,-0.101,-0.133,-0.016,-0.073,-0.058,0.183,0.081,-0.096,-0.039,0.088,0.210,0.193,0.108,0.044,-0.217,-0.076,0.239,0.243,0.225,0.047,-0.068,0.067,0.062,0.181,0.063,0.017,-0.116,-0.176,-0.094,0.059,0.040,0.066,0.086,-0.006,-0.015,0.036,-0.123,-0.011,-0.019,-0.056,-0.058,0.013,0.005,0.001,-0.024,-0.155,-0.150,-0.039,-0.005,-0.072,-0.096,-0.005,-0.002,-0.045,-0.009,-0.074,-0.079,-0.046,-0.100,-0.009,0.089,-0.002,-0.028,-0.006,0.060,0.087,0.041,-0.042,0.111,0.005,-0.034,-0.027,0.014,-0.019,-0.040,0.008,-0.085,-0.065
10.614,11.135,11.707,11.560,10.081,9.466,9.303,9.466,10.277,10.580,9.527,9.667,10.487,10.536,9.531,9.396,9.705,9.352,9.214,9.311,9.449,10.466,10.310,9.639,10.077,10.288,10.590,10.693,9.659,10.247,10.908,10.050,9.480,9.734,9.818,9.453,10.738,10.753,10.056,10.477,24.625,-0.139,-0.110,-0.110,-0.100,-0.147,-0.181,-0.171,-0.192,-0.244,-0.087,-0.029,-0.059,-0.065,-0.136,0.064,0.121,-0.070,0.010,-0.272,-0.174,0.179,0.085,0.136,0.165,-0.101,-0.041,0.012,0.179,0.035,0.048,-0.239,-0.018,-0.091,-0.034,-0.093,0.026,0.086,-0.061,-0.048,-0.090,-0.165,0.000,-0.012,-0.044,-0.069,-0.004,-0.009,-0.023,-0.049,-0.128,-0.146,-0.033,0.029,-0.007,-0.075,-0.035,-0.042,-0.040,0.004,0.051,-0.016,-0.153,-0.179,-0.076,0.061,0.028,-0.021,-0.002,-0.015,0.085,0.065,-0.022,0.061,0.008,-0.059,-0.024,0.023,-0.051,-0.014,0.041,-0.057,-0.037
10.567,11.184,11.175,11.132,9.534,8.653,8.886,8.649,10.093,10.384,9.185,9.505,10.667,10.602,9.921,9.841,9.482,8.826,8.500,8.467,8.741,9.538,9.973,10.139,10.081,10.358,10.468,10.211,9.766,10.674,10.726,9.807,8.811,9.308,9.620,9.710,10.697,10.286,10.184,9.752,24.650,-0.055,0.011,-0.204,-0.189,-0.010,-0.030,-0.008,-0.106,-0.356,-0.159,0.091,0.058,-0.156,-0.243,0.068,0.125,-0.048,0.096,-0.092,-0.134,-0.094,-0.149,0.045,0.231,0.014,0.053,0.094,0.101,0.254,0.212,-0.124,0.066,0.045,0.030,0.024,0.114,0.044,0.058,0.171,0.043,-0.252,0.012,-0.005,-0.000,-0.034,0.007,0.002,-0.024,-0.012,-0.063,-0.114,0.002,0.031,0.014,-0.025,-0.031,-0.045,0.037,0.056,0.149,0.063,-0.132,-0.135,-0.096,-0.031,0.019,0.017,0.016,-0.015,0.031,0.017,0.046,0.022,0.029,-0.033,-0.032,-0.017,-0.097,-0.029,0.021,-0.004,-0.004
10.241,10.788,11.433,11.192,9.677,8.983,8.597,8.655,9.469,10.235,9.683,9.732,10.313,10.102,10.123,9.666,9.360,9.390,8.746,8.478,9.132,9.658,10.326,10.663,10.122,9.958,10.373,10.460,9.697,10.513,10.671,9.902,8.972,9.514,9.761,9.961,11.222,10.795,10.609,10.327,24.244,-0.085,-0.065,-0.154,-0.229,-0.167,-0.243,-0.236,-0.281,-0.346,-0.211,0.034,0.000,0.028,-0.120,0.073,0.001,0.025,0.118,0.233,0.056,-0.348,-0.395,-0.145,0.043,-0.088,-0.054,0.057,0.023,0.215,0.124,-0.156,-0.177,-0.122,-0.107,-0.074,0.046,-0.164,-0.061,0.091,-0.011,-0.171,0.041,0.039,0.024,-0.026,-0.012,-0.008,0.017,0.021,-0.006,-0.054,-0.038,0.003,0.031,0.083,-0.017,-0.016,0.082,0.027,0.127,0.093,-0.041,-0.052,-0.095,-0.100,0.024,0.078,0.025,-0.039,-0.030,-0.026,0.084,-0.000,0.031,-0.051,-0.006,-0.036,-0.131,-0.068,-0.040,-0.036,0.048
10.523,11.261,10.646,10.697,9.784,8.779,8.943,8.715,9.027,9.851,9.575,9.705,10.257,9.658,9.803,9.933,9.598,9.738,9.604,9.072,8.026,9.115,10.063,10.288,9.690,10.078,10.949,10.778,10.439,10.907,10.331,9.806,9.332,9.506,9.737,9.868,10.307,10.538,10.688,10.352,23.935,-0.011,0.022,-0.064,-0.187,-0.054,-0.094,-0.105,-0.090,-0.322,-0.325,0.057,0.028,-0.017,-0.043,0.051,0.027,0.246,0.268,0.275,0.124,-0.155,-0.190,-0.112,-0.045,0.019,0.158,0.120,0.185,0.129,0.067,0.075,0.015,0.064,-0.069,-0.130,-0.030,-0.273,-0.152,0.017,-0.024,-0.138,0.027,0.013,0.066,0.014,-0.037,-0.001,0.011,0.028,0.046,0.001,-0.092,-0.040,0.031,0.131,-0.019,-0.025,0.013,-0.056,0.057,0.092,0.113,0.060,-0.039,-0.101,0.007,0.073,-0.008,-0.064,-0.105,-0.061,0.091,0.036,0.040,-0.058,0.036,-0.027,-0.068,-0.059,-0.103,-0.092,0.081
10.211,10.773,11.201,10.633,9.119,8.186,8.096,8.030,9.079,9.794,9.502,9.568,10.833,10.410,9.955,9.355,9.770,9.486,9.829,9.290,8.066,8.701,9.541,9.779,9.834,10.160,10.634,10.523,10.395,10.752,10.328,9.166,8.608,9.101,9.388,9.602,10.113,10.320,10.262,10.119,24.125,0.045,0.078,-0.058,-0.231,-0.187,-0.189,-0.037,-0.093,-0.293,-0.276,-0.202,-0.031,0.018,0.178,-0.013,0.091,0.195,0.059,0.177,0.161,0.005,-0.154,-0.259,-0.195,0.018,0.298,0.126,-0.059,-0.052,-0.011,0.080,0.007,0.052,-0.239,-0.046,-0.083,-0.412,-0.297,-0.169,-0.238,0.018,0.033,0.032,0.036,0.022,0.007,0.042,0.059,0.047,0.062,0.020,-0.070,-0.054,-0.034,0.063,-0.024,0.008,-0.056,-0.099,-0.011,0.046,0.145,0.113,0.031,-0.021,0.018,0.061,-0.009,-0.057,-0.083,-0.054,0.046,0.073,0.077,0.007,0.083,0.007,0.018,-0.010,-0.087,-0.059,0.053
10.525,11.300,10.971,10.479,9.543,8.580,8.613,8.509,8.678,8.980,9.561,9.726,10.324,10.233,10.259,10.133,10.506,10.118,9.333,8.679,8.499,9.068,9.803,10.357,10.322,11.048,10.939,11.106,10.063,10.887,11.274,10.248,9.313,9.171,9.157,9.739,9.889,9.764,10.445,9.736,24.019,0.015,0.004,0.076,-0.117,-0.183,-0.062,-0.053,-0.059,-0.151,-0.123,-0.250,-0.125,0.003,0.265,0.016,-0.044,-0.067,-0.152,0.220,0.276,0.293,0.030,-0.095,-0.155,-0.002,0.244,0.021,-0.177,-0.139,-0.023,0.215,0.156,0.159,-0.194,0.188,0.043,-0.170,-0.121,-0.213,-0.304,0.056,0.000,-0.015,0.020,0.026,-0.016,-0.010,-0.002,-0.021,0.062,0.061,-0.001,-0.045,-0.022,-0.002,-0.026,-0.004,-0.107,-0.117,-0.020,0.003,0.047,0.043,0.035,0.016,-0.009,-0.036,-0.035,-0.060,-0.010,-0.053,-0.060,-0.034,-0.005,0.034,0.061,0.023,0.065,0.032,-0.060,0.005,0.035
10.466,11.159,10.982,10.149,8.863,8.138,8.579,8.291,8.179,9.291,8.679,9.564,10.370,10.707,9.828,10.020,9.883,9.493,9.766,9.481,8.919,8.910,9.163,9.653,9.897,10.962,11.006,10.003,9.628,10.467,10.601,9.717,9.242,8.486,9.819,9.612,9.369,9.699,9.885,9.447,24.294,0.066,0.104,-0.043,-0.154,-0.066,-0.049,0.034,-0.059,-0.122,-0.212,-0.164,-0.195,-0.151,0.042,-0.029,0.078,-0.101,-0.168,0.207,0.212,0.153,0.058,0.002,-0.009,0.011,0.210,0.061,-0.082,-0.067,-0.102,0.003,0.118,0.214,-0.007,0.182,0.046,-0.123,-0.126,-0.230,-0.168,-0.001,-0.009,-0.015,0.011,0.037,0.025,0.005,-0.029,-0.041,0.068,0.053,0.130,0.045,0.018,-0.044,-0.014,-0.010,-0.048,-0.041,-0.040,-0.047,-0.026,0.025,0.048,0.059,0.014,-0.106,-0.045,0.045,0.097,-0.006,-0.066,-0.074,-0.056,0.072,-0.004,0.044,0.071,0.031,0.023,0.101,-0.005
10.469,11.088,11.137,10.357,8.997,8.492,8.436,8.288,8.723,9.488,8.738,9.080,10.501,10.836,9.944,9.379,9.207,8.974,10.737,10.354,9.066,9.162,9.776,9.574,9.647,10.898,10.868,10.155,10.129,10.935,11.271,10.309,9.811,8.843,10.462,10.079,9.827,10.243,9.809,9.170,24.133,-0.021,-0.067,0.029,-0.094,-0.194,-0.215,-0.150,-0.213,-0.097,-0.053,0.030,-0.113,-0.043,0.016,-0.069,0.015,-0.141,-0.206,0.158,0.113,0.008,-0.081,-0.067,-0.060,-0.020,0.024,-0.020,-0.101,0.089,-0.152,-0.189,-0.210,-0.041,-0.013,0.061,0.022,-0.092,-0.079,-0.250,-0.035,0.048,-0.007,-0.006,-0.010,0.013,0.009,-0.018,-0.023,-0.043,0.011,0.025,0.135,0.093,0.042,-0.047,-0.014,-0.009,0.068,0.065,-0.078,-0.088,-0.083,-0.025,0.002,0.034,0.014,-0.119,-0.039,0.063,0.106,0.006,-0.088,-0.118,-0.103,0.024,-0.072,0.004,-0.018,-0.039,0.052,0.102,0.003
10.568,11.399,10.905,9.923,9.064,7.987,8.357,7.846,8.444,8.478,9.095,8.919,9.991,10.320,9.967,10.121,9.915,9.220,10.164,9.514,8.548,8.945,9.563,10.126,10.224,11.287,10.975,10.590,10.025,10.217,10.345,9.723,9.429,9.229,9.644,9.663,9.530,9.452,9.427,9.562,24.062,0.018,0.037,0.022,-0.056,-0.055,-0.088,-0.133,-0.222,0.019,-0.047,0.306,0.185,0.129,0.083,-0.039,0.009,-0.007,-0.117,0.008,0.008,0.017,0.024,-0.030,0.052,0.095,-0.120,-0.080,0.126,0.318,0.022,-0.048,-0.182,-0.130,0.030,-0.001,0.147,-0.096,-0.163,-0.037,0.135,-0.003,-0.009,-0.014,0.009,0.024,-0.016,0.024,-0.002,-0.010,-0.004,0.050,0.046,0.067,0.055,-0.010,0.001,-0.056,0.087,0.123,-0.078,-0.054,-0.035,-0.021,0.010,-0.004,-0.031,-0.098,-0.048,0.009,0.066,0.056,0.004,-0.065,-0.066,-0.036,-0.028,-0.004,-0.029,-0.033,0.069,0.040,0.006
10.371,10.843,11.156,10.122,8.471,7.582,7.974,7.669,8.061,9.123,9.506,9.483,10.298,10.508,9.847,10.156,9.786,9.223,9.924,9.229,8.723,8.644,9.266,9.820,10.060,11.007,10.854,10.307,10.310,10.254,10.459,9.196,9.013,8.733,9.551,9.822,9.348,9.494,9.424,9.505,24.377,0.004,0.007,-0.007,-0.101,-0.145,-0.130,-0.085,-0.191,-0.165,-0.079,0.189,0.149,0.070,0.010,-0.048,-0.057,0.227,0.146,-0.072,-0.063,-0.051,-0.076,-0.067,-0.013,0.026,-0.185,-0.104,0.034,0.196,-0.055,-0.200,-0.284,-0.185,-0.094,-0.080,0.012,-0.276,-0.299,-0.051,0.053,0.073,0.013,0.027,-0.018,-0.004,0.016,0.070,0.047,0.029,-0.009,-0.001,-0.058,-0.011,-0.004,-0.044,0.020,0.002,0.098,0.140,-0.046,-0.007,0.016,0.041,0.052,-0.009,-0.031,-0.001,-0.003,0.003,0.004,0.073,0.047,0.058,0.041,0.021,-0.012,-0.033,0.006,-0.005,0.059,-0.016,-0.016
10.607,11.465,11.084,9.985,8.850,8.155,8.147,7.488,8.602,9.239,9.823,10.288,11.119,11.284,9.682,9.676,9.558,8.783,10.215,10.084,9.177,9.290,9.267,9.789,10.165,10.305,10.615,10.557,11.129,10.916,10.769,9.362,8.993,8.691,10.269,10.473,9.126,9.257,9.893,9.953,24.158,0.007,-0.004,0.022,-0.031,-0.170,0.031,-0.006,-0.120,-0.107,0.049,-0.011,0.009,0.069,-0.003,-0.035,-0.166,0.151,0.272,-0.067,0.029,0.008,-0.050,0.052,-0.053,-0.166,-0.175,-0.138,-0.102,0.208,0.131,0.027,-0.168,-0.043,-0.146,0.112,0.030,-0.175,-0.181,0.013,-0.013,0.016,-0.001,-0.014,-0.015,-0.005,-0.018,0.006,0.012,0.016,-0.017,-0.005,-0.099,-0.095,-0.068,-0.087,0.030,0.056,0.031,0.076,-0.005,-0.005,0.030,0.044,0.053,-0.014,-0.030,0.044,0.026,-0.021,-0.059,0.020,0.024,0.090,0.084,0.067,-0.030,-0.067,0.070,0.052,-0.001,-0.058,-0.005
10.469,11.090,11.011,9.818,8.378,7.757,8.114,7.510,7.818,8.715,9.319,9.139,10.289,10.406,9.846,9.316,10.519,9.924,10.353,9.752,8.494,8.608,9.587,9.677,9.807,10.462,10.530,10.342,10.557,10.311,10.060,9.071,9.102,8.639,9.748,9.734,8.649,8.847,9.320,9.237,24.451,0.051,0.086,-0.058,-0.125,-0.056,0.074,0.021,-0.119,-0.078,-0.106,-0.104,-0.079,-0.031,-0.161,0.029,0.110,0.268,0.301,-0.036,0.070,0.094,0.158,0.150,-0.055,-0.047,0.048,-0.007,0.026,0.163,0.161,0.008,0.072,0.120,0.178,-0.055,-0.084,-0.020,-0.096,0.022,-0.043,-0.041,0.007,0.000,-0.011,0.006,0.025,0.006,-0.013,0.031,0.032,0.015,-0.019,-0.041,-0.043,-0.024,0.036,0.077,-0.081,-0.081,-0.010,-0.025,0.025,0.053,0.019,0.048,0.035,0.034,0.034,0.014,-0.047,0.003,0.035,0.113,0.087,0.094,-0.031,-0.020,0.127,0.098,-0.001,-0.035,-0.018
10.556,11.254,11.087,9.920,8.262,8.056,8.258,7.323,8.030,8.927,9.132,9.136,10.338,10.359,9.791,9.709,10.301,10.228,9.615,9.399,8.702,8.714,9.660,9.929,9.521,10.685,10.448,10.063,10.943,10.841,10.680,8.944,9.168,8.544,10.107,9.860,9.004,8.871,9.545,9.633,24.104,-0.011,-0.075,-0.025,-0.070,-0.188,-0.158,-0.126,-0.177,-0.111,-0.058,-0.042,-0.176,-0.159,-0.269,0.075,0.203,0.127,0.187,-0.034,-0.085,0.095,0.129,0.128,0.001,-0.017,-0.016,0.001,0.024,0.039,0.013,-0.033,0.087,0.135,0.230,-0.163,-0.138,0.127,-0.004,-0.077,-0.110,0.031,-0.005,-0.017,-0.012,0.004,0.029,-0.035,-0.050,0.040,0.007,-0.007,0.055,0.006,-0.028,0.047,0.020,0.034,-0.098,-0.139,-0.020,-0.062,-0.034,-0.020,-0.040,0.061,0.053,-0.008,0.009,0.008,-0.095,-0.078,-0.041,0.077,0.027,0.037,-0.042,-0.009,0.064,0.048,-0.031,-0.031,0.009
10.652,11.377,10.866,9.531,8.485,8.003,8.025,7.157,7.958,8.749,9.333,9.662,10.532,10.167,9.938,10.689,10.755,10.006,10.046,9.920,9.430,9.723,9.819,9.474,10.149,11.056,10.901,10.686,11.217,11.097,10.545,9.764,9.528,9.695,9.359,9.707,9.307,9.204,9.707,9.449,24.201,0.050,0.043,-0.039,-0.052,-0.010,-0.007,-0.089,-0.007,-0.005,0.049,0.111,0.037,-0.031,0.025,0.078,0.145,-0.168,-0.215,-0.137,-0.133,0.030,0.100,-0.010,0.199,0.125,-0.095,-0.001,0.041,0.045,0.018,0.006,0.153,0.159,0.186,-0.099,-0.005,0.207,0.105,-0.010,-0.073,-0.024,-0.008,-0.020,0.002,0.031,0.027,0.008,-0.030,0.080,0.039,0.047,0.080,0.066,0.044,0.131,0.006,-0.031,-0.065,-0.074,-0.036,-0.066,-0.072,-0.085,-0.050,0.051,-0.017,-0.023,-0.012,-0.044,-0.086,-0.052,-0.026,0.014,-0.034,-0.106,-0.005,0.008,-0.009,0.007,-0.033,-0.016,0.001
10.460,10.944,11.031,9.780,7.857,7.244,7.561,6.782,7.976,8.931,9.606,9.148,10.203,10.060,10.009,10.005,10.073,9.680,10.196,9.576,9.183,9.379,9.794,9.893,9.911,9.927,10.435,10.506,10.996,10.589,10.361,9.452,9.457,9.312,9.650,9.797,9.430,9.057,9.313,9.298,24.439,-0.018,-0.069,-0.047,-0.046,-0.048,-0.103,-0.200,0.022,-0.110,-0.064,0.156,-0.018,-0.070,0.138,0.042,-0.013,-0.119,-0.164,-0.114,-0.180,-0.132,-0.121,-0.071,0.123,0.016,-0.141,-0.097,-0.067,-0.208,-0.187,-0.178,0.175,0.075,0.035,-0.076,-0.054,0.032,-0.041,-0.126,-0.154,0.053,0.005,0.005,-0.021,0.011,0.045,0.079,-0.004,0.074,0.045,0.029,0.051,0.096,0.094,0.126,-0.029,-0.024,0.030,0.006,-0.046,-0.046,-0.050,-0.076,-0.045,-0.016,-0.045,0.016,0.002,-0.054,-0.055,0.006,-0.007,-0.016,-0.058,-0.125,-0.039,-0.042,-0.083,-0.040,-0.043,-0.018,-0.015
10.765,11.461,10.846,9.630,8.529,8.127,8.018,7.747,7.821,8.958,9.638,9.317,10.202,10.678,10.129,9.892,9.793,9.124,9.379,8.998,8.405,8.773,9.472,10.690,10.236,10.368,10.532,10.325,10.758,10.529,10.248,9.582,9.753,9.187,9.481,9.738,9.473,9.278,9.385,9.041,24.162,0.015,-0.019,-0.039,0.019,0.009,0.087,-0.092,0.180,0.119,0.133,0.195,0.169,0.142,0.290,0.078,0.065,0.064,0.109,-0.175,-0.212,-0.150,-0.142,-0.001,0.140,-0.149,-0.005,-0.020,-0.150,-0.144,0.003,-0.049,0.097,-0.019,-0.256,-0.125,-0.088,-0.016,-0.043,-0.120,-0.100,-0.045,0.001,-0.011,-0.014,0.011,-0.004,0.033,-0.034,-0.024,0.006,0.033,0.023,0.052,0.037,-0.006,-0.053,0.004,0.090,0.071,-0.028,-0.018,0.034,-0.025,-0.005,-0.057,-0.034,-0.002,0.004,-0.015,0.003,0.045,0.020,-0.031,-0.045,-0.065,-0.086,-0.100,-0.096,-0.053,-0.058,-0.017,-0.008
10.409,10.868,10.861,9.643,8.001,7.481,7.263,7.136,7.546,8.500,9.759,9.219,10.154,10.795,9.908,10.042,10.186,9.848,9.378,8.959,8.554,8.583,9.478,9.937,9.555,10.322,10.148,9.909,10.130,10.192,9.937,9.912,9.429,8.975,9.665,9.572,9.081,8.629,9.075,9.070,24.388,0.030,-0.017,-0.130,-0.051,0.028,0.191,-0.143,0.102,0.051,0.046,0.169,0.236,0.223,0.230,-0.067,0.125,0.160,0.054,-0.248,-0.273,-0.066,-0.132,-0.101,-0.052,-0.105,0.019,0.021,-0.150,-0.143,0.050,-0.041,0.038,-0.064,-0.174,-0.343,-0.306,-0.179,-0.131,-0.238,-0.188,-0.033,0.018,0.010,-0.023,-0.003,-0.007,0.024,-0.005,-0.074,-0.030,0.029,-0.026,-0.001,-0.044,-0.120,-0.053,-0.043,-0.007,-0.022,-0.032,0.012,0.062,0.028,0.013,-0.031,0.018,-0.016,0.023,0.044,0.075,0.066,0.070,-0.043,-0.026,0.024,-0.058,-0.087,-0.042,-0.002,-0.032,-0.011,-0.010
10.755,11.321,10.757,9.696,8.456,8.322,7.713,7.878,8.766,9.630,10.232,10.473,11.267,11.249,10.377,10.995,11.020,10.466,9.583,9.167,8.993,9.413,9.970,10.154,9.583,10.832,10.944,10.232,10.930,11.311,10.511,10.019,9.445,8.586,8.729,9.381,9.402,9.204,9.227,9.063,24.000,0.029,-0.040,-0.069,0.004,-0.068,0.012,-0.286,-0.168,-0.056,0.159,0.220,0.171,0.008,-0.053,-0.132,0.097,0.142,0.032,-0.211,-0.174,0.166,-0.020,-0.017,0.003,0.016,-0.183,-0.039,0.006,0.029,0.124,0.037,0.067,0.004,-0.034,-0.397,-0.378,-0.166,-0.117,-0.247,-0.142,-0.021,0.010,0.001,-0.004,-0.012,-0.037,-0.075,-0.009,-0.111,-0.089,-0.071,-0.084,-0.106,-0.142,-0.176,-0.054,-0.130,-0.118,-0.096,0.035,0.066,-0.007,0.030,0.039,-0.020,0.044,-0.024,-0.010,0.074,0.029,0.004,0.054,-0.014,-0.016,0.088,0.045,-0.008,0.024,0.039,0.018,0.011,0.019
10.614,10.929,10.425,9.493,8.034,8.101,6.997,7.227,7.758,8.824,10.157,9.750,10.786,10.926,9.548,10.077,10.258,9.277,8.855,8.125,8.558,8.401,9.039,9.901,9.713,9.792,10.334,9.801,10.194,10.448,10.026,9.421,9.290,8.740,8.312,8.447,8.570,8.441,8.204,8.348,24.353,0.065,-0.010,-0.148,-0.051,-0.043,0.054,-0.126,-0.175,-0.173,0.069,0.014,-0.024,-0.221,-0.291,-0.119,-0.243,-0.191,-0.236,-0.254,-0.137,0.018,-0.040,0.001,0.036,0.025,-0.132,0.026,0.077,0.081,0.081,0.130,-0.027,-0.065,0.045,-0.230,-0.345,-0.105,-0.013,-0.223,-0.185,-0.007,0.002,-0.003,0.009,-0.021,-0.037,-0.104,0.032,-0.025,-0.030,-0.079,-0.091,-0.085,-0.117,-0.150,-0.045,-0.121,-0.127,-0.049,0.100,0.111,-0.068,0.048,0.059,-0.017,0.016,0.040,-0.002,0.040,-0.025,-0.050,0.014,0.015,-0.001,0.033,0.135,0.114,0.088,0.079,0.097,0.056,0.019
10.809,11.232,10.720,9.724,8.171,7.878,6.720,6.859,7.435,9.591,10.539,9.908,9.928,10.350,9.647,10.358,10.466,9.570,8.585,8.544,9.234,8.766,9.605,10.723,10.237,9.718,10.245,10.406,10.869,11.021,10.388,10.161,9.842,9.134,8.171,8.412,8.901,8.786,8.586,8.689,24.073,0.046,-0.019,-0.050,-0.043,-0.139,-0.220,-0.145,-0.239,-0.216,-0.231,-0.147,-0.230,-0.347,-0.331,-0.168,-0.400,-0.351,-0.228,0.004,0.049,-0.227,-0.035,0.141,-0.005,0.006,-0.051,-0.072,0.106,-0.111,0.005,0.135,0.059,-0.098,0.077,0.042,-0.110,0.066,0.092,-0.037,-0.046,0.036,0.003,0.008,0.010,-0.036,-0.023,-0.090,0.037,0.061,0.041,-0.099,-0.064,0.012,0.013,-0.032,-0.034,-0.088,-0.086,-0.011,0.134,0.093,-0.086,0.016,-0.007,-0.059,-0.012,0.110,0.008,-0.041,-0.093,-0.090,-0.041,0.021,0.015,-0.014,0.159,0.183,0.093,0.077,0.128,0.064,0.023
10.706,10.864,10.141,9.373,7.926,7.973,7.128,6.768,7.345,8.863,9.676,9.382,9.718,9.791,9.676,9.144,9.508,9.113,8.608,8.588,8.524,8.705,9.665,9.830,9.355,10.221,10.627,10.209,10.564,10.745,10.647,9.707,8.907,8.928,8.795,8.330,8.805,8.771,8.282,8.331,24.319,0.033,-0.041,-0.096,-0.133,-0.124,-0.213,-0.054,0.010,-0.018,-0.153,-0.102,0.009,-0.185,-0.378,-0.273,-0.234,-0.229,-0.061,0.145,0.171,-0.209,0.114,0.117,-0.135,-0.020,0.154,0.027,-0.002,-0.199,-0.139,-0.020,0.115,-0.016,-0.065,0.113,0.132,0.148,0.159,0.144,0.046,0.031,-0.019,-0.010,0.033,-0.021,-0.037,-0.051,0.008,0.086,0.055,-0.022,0.011,0.091,0.049,0.030,-0.039,0.003,-0.013,0.042,0.088,0.039,-0.005,-0.029,-0.091,-0.068,-0.012,0.041,-0.018,-0.072,-0.057,-0.072,-0.115,0.016,0.053,-0.014,0.087,0.192,0.063,0.034,0.085,0.075,0.015
10.940,11.260,10.650,9.542,7.814,7.287,6.924,6.914,7.894,8.457,9.736,9.509,10.065,10.160,9.472,9.462,9.640,9.410,9.725,9.180,7.873,9.085,10.364,10.162,9.790,10.362,10.435,10.559,10.190,11.189,10.875,10.169,9.146,8.875,8.696,8.890,9.614,9.499,9.004,8.840,24.196,0.062,0.014,-0.044,-0.137,-0.145,-0.306,-0.136,0.046,0.073,-0.227,-0.044,0.216,0.054,-0.170,-0.226,-0.348,-0.271,-0.111,0.258,0.136,-0.152,-0.015,-0.112,-0.208,-0.021,0.222,0.003,-0.160,-0.298,-0.214,-0.091,0.102,0.054,-0.049,0.226,0.297,0.173,0.179,0.209,0.061,0.073,-0.018,-0.016,0.002,-0.018,-0.007,0.066,0.048,0.097,0.063,0.115,0.031,0.030,-0.012,0.027,0.006,0.043,0.024,0.048,-0.018,-0.071,0.069,-0.049,-0.130,-0.029,-0.015,-0.026,0.001,-0.042,0.060,-0.012,-0.112,-0.030,0.061,0.042,0.052,0.154,0.035,0.011,-0.005,0.070,-0.006
10.711,10.711,9.980,8.921,7.595,7.334,6.623,7.250,7.440,8.628,10.047,9.995,9.794,9.131,8.269,9.356,9.529,9.051,9.013,8.661,8.194,8.812,9.244,9.505,9.838,10.241,10.376,9.712,9.536,9.668,9.683,9.993,9.556,8.545,8.615,8.868,8.952,8.881,8.716,8.501,24.448,-0.039,-0.075,0.015,-0.111,-0.228,-0.159,-0.091,0.111,-0.044,-0.043,0.019,0.209,-0.177,-0.223,-0.285,-0.253,-0.296,-0.085,0.060,0.017,-0.046,-0.193,-0.330,-0.203,-0.023,-0.062,-0.101,-0.151,-0.112,-0.171,-0.331,0.032,0.122,0.040,0.114,0.412,0.158,0.112,0.081,0.136,0.048,-0.020,-0.011,0.016,0.016,-0.021,0.064,0.059,0.016,0.042,0.152,0.004,-0.124,-0.107,0.017,0.052,0.025,0.024,0.040,-0.070,-0.107,0.040,-0.064,-0.051,0.019,-0.023,-0.105,-0.022,0.010,0.091,0.053,-0.048,-0.078,-0.004,0.050,0.009,0.042,-0.002,-0.008,-0.066,0.029,-0.032
11.118,11.380,10.582,9.266,7.614,6.667,6.292,6.848,7.750,8.574,10.133,10.679,10.159,9.829,9.220,8.509,9.102,9.047,9.674,9.186,8.640,8.638,9.256,9.844,9.889,10.820,10.386,9.853,9.892,10.487,10.414,10.528,9.786,9.080,9.391,9.631,9.692,9.625,9.415,8.912,24.373,-0.010,-0.081,-0.095,-0.141,-0.124,0.082,0.113,0.194,0.111,0.290,-0.054,-0.178,-0.409,-0.274,-0.134,-0.175,-0.196,0.025,-0.046,-0.229,0.038,-0.124,-0.287,-0.115,-0.069,-0.074,-0.003,-0.032,0.147,-0.037,-0.269,-0.049,0.135,0.234,0.300,0.518,0.236,0.170,-0.032,0.256,-0.004,-0.048,-0.072,-0.045,0.004,0.022,0.080,0.087,0.015,0.083,0.142,-0.047,-0.227,-0.115,-0.037,0.030,0.062,0.091,0.059,-0.086,-0.070,0.000,-0.025,0.073,0.048,0.003,-0.086,-0.007,0.062,0.074,0.059,0.054,-0.045,-0.007,0.037,-0.007,-0.034,-0.008,0.014,-0.036,0.001,-0.073
10.423,10.428,10.252,8.955,6.887,7.490,6.987,7.357,7.197,8.587,9.571,9.842,8.787,8.843,8.376,8.357,8.297,8.867,8.935,8.669,7.910,7.964,8.571,8.976,9.190,9.680,10.147,9.807,10.153,10.242,9.223,9.686,9.198,9.025,9.015,10.019,9.555,9.268,8.481,8.977,24.471,-0.034,-0.050,0.009,-0.049,-0.238,-0.084,0.116,0.017,0.175,0.350,-0.077,-0.415,-0.486,-0.242,-0.057,-0.196,-0.145,0.074,-0.054,-0.181,-0.106,-0.152,-0.050,-0.084,-0.112,-0.223,-0.080,-0.016,0.032,0.038,-0.172,-0.201,-0.077,0.042,0.121,0.232,0.105,0.123,-0.064,0.092,-0.092,-0.019,-0.026,-0.038,0.013,0.070,0.022,0.010,0.019,0.163,0.042,-0.039,-0.151,0.031,0.007,0.022,0.017,0.112,0.022,-0.045,-0.016,-0.027,0.010,0.126,0.063,0.045,0.007,-0.015,0.049,-0.013,0.007,0.157,0.012,-0.010,0.000,-0.017,-0.121,-0.022,0.014,0.030,-0.058,-0.092
11.036,10.996,10.038,8.817,7.545,7.618,7.308,7.831,8.569,9.926,9.706,8.695,8.522,8.935,8.746,9.089,9.277,9.625,9.532,8.030,8.204,8.889,9.264,9.852,9.771,10.273,10.533,10.353,10.617,10.715,9.763,10.075,10.001,9.804,9.997,10.903,10.490,10.158,8.964,9.883,24.163,-0.179,-0.358,-0.267,-0.147,-0.031,0.057,0.197,0.169,0.379,0.286,-0.232,-0.609,-0.366,-0.345,-0.189,-0.066,0.107,0.106,-0.113,-0.117,-0.120,-0.161,0.114,-0.027,0.038,-0.126,-0.044,0.083,-0.003,-0.022,0.101,-0.007,0.119,0.134,0.188,0.216,0.157,0.243,0.102,0.090,-0.221,-0.073,-0.040,-0.008,0.022,0.068,0.021,-0.017,0.048,0.100,-0.128,-0.044,0.015,0.081,-0.006,-0.033,-0.034,0.041,-0.059,-0.058,0.005,-0.026,0.001,0.028,-0.002,0.022,0.026,-0.030,0.002,-0.080,-0.038,0.136,0.053,-0.031,-0.046,-0.055,-0.170,-0.040,-0.037,0.042,-0.097,-0.082
10.583,10.654,10.298,8.898,6.441,6.438,6.696,6.844,7.905,9.700,9.877,8.911,8.184,8.369,8.222,8.087,8.715,9.130,8.813,8.335,7.883,7.927,8.991,9.079,9.338,9.399,9.900,9.383,9.333,9.743,9.149,9.215,9.065,8.394,8.916,9.393,9.078,9.232,8.621,8.477,24.091,-0.048,-0.069,-0.091,-0.046,0.074,-0.035,-0.084,0.221,0.634,0.168,-0.089,-0.333,-0.045,-0.150,-0.147,-0.223,0.110,-0.018,-0.133,-0.119,-0.104,-0.126,0.101,0.066,0.149,-0.004,-0.158,0.038,-0.100,-0.143,0.268,0.069,0.079,0.092,0.083,-0.043,0.085,0.143,0.163,-0.072,-0.304,-0.069,0.006,0.002,0.002,0.121,0.128,0.055,0.094,0.019,-0.187,-0.076,0.100,0.072,-0.008,-0.026,-0.002,0.012,-0.078,-0.046,-0.052,0.039,0.050,-0.060,0.000,0.023,0.076,0.044,-0.001,-0.014,-0.010,0.092,0.096,0.004,0.022,0.007,-0.075,0.021,-0.039,0.028,-0.033,-0.059
10.144,9.477,9.224,8.562,7.683,7.480,7.424,7.947,9.294,9.449,8.820,8.102,8.630,8.340,8.351,8.314,9.430,9.447,9.168,8.766,8.053,7.851,9.616,9.659,10.002,10.330,10.287,10.480,10.290,10.628,10.956,10.726,10.445,10.066,10.383,11.024,10.719,10.856,9.853,9.612,23.458,-0.369,-0.271,-0.084,-0.035,0.062,0.163,0.130,0.333,0.381,-0.259,-0.266,-0.142,-0.227,-0.350,-0.254,-0.334,-0.117,-0.225,-0.298,-0.234,-0.092,-0.132,-0.224,-0.202,-0.091,-0.054,-0.116,-0.047,-0.186,-0.139,0.193,0.083,-0.096,-0.022,0.042,-0.197,0.046,-0.026,0.067,-0.146,-0.308,-0.010,0.107,0.080,0.019,0.014,0.064,0.063,-0.004,-0.165,-0.189,-0.072,0.062,-0.023,-0.009,-0.034,-0.026,-0.077,-0.111,-0.049,-0.081,0.054,0.034,-0.128,-0.045,-0.070,-0.024,0.025,-0.080,-0.037,-0.044,-0.106,-0.056,-0.113,-0.069,-0.087,-0.130,-0.102,-0.154,-0.083,-0.080,-0.007
10.630,10.842,10.206,8.855,7.187,7.383,6.509,8.401,10.006,9.667,9.569,8.475,8.507,8.392,7.840,7.631,8.772,8.865,8.453,7.704,7.464,7.853,8.901,9.404,9.821,9.633,9.480,9.936,9.814,9.570,9.968,9.704,9.374,9.354,9.238,9.744,9.867,9.636,8.853,8.754,23.303,-0.282,-0.061,-0.073,-0.097,0.322,0.503,0.427,0.403,0.270,-0.310,-0.441,-0.148,-0.195,-0.281,-0.156,-0.070,0.026,-0.150,-0.191,-0.382,0.077,0.083,-0.181,0.004,0.066,0.120,0.175,0.044,0.053,0.048,0.240,0.233,0.053,0.229,0.228,0.064,0.268,0.063,0.094,0.047,-0.345,-0.008,0.009,0.002,-0.019,-0.042,-0.013,0.101,-0.074,-0.289,-0.144,-0.089,-0.038,-0.052,-0.006,-0.034,0.024,-0.093,-0.042,-0.007,0.004,0.028,-0.035,-0.084,-0.067,-0.123,-0.056,0.026,-0.086,-0.020,-0.037,-0.193,-0.129,-0.104,-0.076,-0.095,-0.078,-0.164,-0.147,-0.080,-0.045,0.030
9.167,9.544,9.664,8.664,7.480,7.961,8.053,8.716,9.422,8.645,8.528,8.203,7.226,7.173,7.666,7.649,8.666,8.632,8.223,7.177,7.955,8.267,8.191,8.678,9.073,9.886,10.162,9.842,9.447,10.106,10.318,10.244,9.368,9.215,10.048,9.744,10.327,9.825,9.182,9.013,23.020,-0.114,0.173,0.125,-0.024,-0.083,0.110,0.257,0.059,-0.263,-0.421,-0.418,-0.389,-0.406,-0.325,-0.356,-0.274,-0.237,-0.384,-0.331,-0.390,0.058,-0.094,-0.383,-0.223,-0.269,-0.308,-0.083,-0.319,-0.265,-0.338,-0.416,-0.372,-0.434,-0.278,-0.320,-0.489,-0.446,-0.489,-0.278,-0.371,-0.237,0.103,0.041,-0.021,-0.020,-0.076,-0.137,-0.033,-0.108,-0.201,-0.010,0.025,-0.031,0.042,0.087,0.007,0.029,-0.073,0.038,0.060,0.116,-0.043,-0.076,0.025,-0.013,-0.073,-0.040,-0.033,-0.057,-0.008,-0.078,-0.204,-0.182,-0.065,-0.072,-0.127,-0.058,-0.206,-0.131,-0.062,-0.038,0.049
9.662,10.315,9.713,8.362,8.152,8.713,8.514,8.472,9.192,8.549,7.818,8.123,7.910,7.548,7.785,8.070,9.227,8.789,8.333,7.219,8.314,8.135,8.800,9.589,10.132,10.223,10.836,9.923,10.020,10.244,10.666,10.621,9.868,9.962,10.225,10.353,10.612,10.063,9.427,9.012,22.584,-0.217,-0.247,-0.183,-0.149,-0.062,-0.072,0.360,-0.010,-0.488,-0.469,-0.458,-0.399,-0.216,-0.194,-0.265,-0.130,-0.293,-0.147,-0.151,-0.023,-0.040,-0.319,-0.237,-0.256,-0.377,-0.157,-0.043,-0.258,-0.162,-0.229,-0.392,-0.350,-0.271,-0.159,-0.209,-0.285,-0.489,-0.359,-0.063,-0.182,-0.189,0.079,-0.018,-0.028,0.018,-0.085,-0.183,-0.087,-0.050,-0.075,0.064,0.122,0.087,0.104,0.108,0.047,-0.000,-0.091,0.034,0.057,0.142,-0.113,-0.078,0.023,-0.050,-0.075,-0.036,-0.098,-0.056,-0.072,-0.083,-0.141,-0.180,-0.049,-0.104,-0.116,-0.069,-0.163,-0.108,-0.065,-0.033,0.061
10.058,10.603,10.096,8.689,6.785,7.365,7.706,8.207,8.384,7.902,7.603,6.332,6.896,7.135,6.601,6.724,8.018,7.566,7.574,7.058,7.920,7.241,7.751,8.452,8.503,8.494,9.192,8.890,8.860,8.599,8.527,8.408,8.030,8.374,8.292,8.273,8.117,8.198,8.177,7.626,22.631,0.114,0.025,-0.135,-0.111,-0.128,-0.235,-0.003,-0.001,-0.247,-0.231,-0.134,-0.171,-0.008,0.043,-0.165,-0.158,-0.324,-0.034,-0.016,0.164,-0.249,-0.310,-0.070,-0.138,-0.237,-0.117,-0.171,-0.179,-0.116,-0.391,-0.509,-0.537,-0.258,-0.187,-0.374,-0.312,-0.606,-0.471,-0.165,-0.222,-0.143,-0.001,-0.067,-0.083,-0.009,0.035,-0.014,-0.011,0.042,0.087,0.155,0.179,0.245,0.194,0.175,0.182,0.098,0.037,0.067,0.101,0.128,-0.051,0.059,0.117,0.095,0.111,0.087,0.009,0.059,0.016,0.071,0.106,0.057,0.136,0.062,0.090,0.099,0.115,0.083,0.028,0.083,0.006
9.100,9.078,9.075,8.099,7.222,7.322,8.484,8.605,8.084,7.692,7.743,7.417,7.593,7.441,7.048,7.443,7.632,8.662,8.022,7.650,7.281,6.770,7.934,8.236,8.223,9.544,9.751,9.125,9.296,9.178,8.902,8.870,8.688,8.982,9.071,9.056,8.529,8.655,9.038,8.536,22.553,-0.001,-0.076,-0.085,0.035,-0.078,-0.240,0.119,0.180,-0.113,-0.087,0.028,0.177,0.125,0.076,-0.018,-0.130,-0.385,-0.156,-0.062,0.050,-0.336,-0.198,-0.224,-0.287,-0.327,-0.155,-0.271,-0.304,-0.382,-0.339,-0.419,-0.584,-0.280,-0.337,-0.322,-0.369,-0.468,-0.488,-0.287,-0.194,-0.090,-0.004,0.022,-0.007,0.010,0.032,0.074,-0.059,-0.017,0.107,0.156,0.156,0.176,0.127,0.138,0.188,0.083,0.092,-0.037,0.037,0.016,0.046,0.138,0.122,0.174,0.193,0.034,0.012,0.077,0.040,0.078,0.161,0.130,0.136,0.077,0.097,0.067,0.176,0.120,-0.008,0.047,-0.041
10.020,10.285,9.309,8.238,7.302,7.482,8.054,8.642,8.738,7.921,7.897,7.700,7.343,7.440,7.211,7.172,7.841,8.525,8.299,7.784,7.226,7.400,8.273,8.667,8.843,9.641,9.850,9.347,9.228,8.683,8.655,8.435,8.669,8.770,8.753,8.835,8.341,8.174,8.551,8.140,22.320,-0.227,-0.249,-0.338,-0.163,0.098,0.126,0.321,0.176,-0.016,0.163,0.234,0.547,0.391,0.414,0.431,0.214,-0.007,-0.043,0.129,0.213,-0.047,0.143,0.195,0.269,0.260,0.126,0.077,-0.003,-0.077,0.073,0.129,0.028,0.252,0.124,0.186,0.046,0.118,-0.009,-0.024,0.052,-0.259,-0.070,-0.026,-0.002,-0.008,0.010,0.085,-0.044,-0.102,-0.009,0.061,0.046,0.003,0.000,0.037,0.113,0.043,0.071,-0.068,-0.024,-0.044,0.099,0.134,0.116,0.122,0.132,0.001,0.025,0.062,0.063,0.099,0.152,0.177,0.098,0.082,0.098,0.059,0.179,0.161,0.021,0.048,-0.058
9.674,10.094,9.682,8.764,7.503,7.456,8.936,9.155,8.451,8.106,7.811,8.324,8.310,7.775,7.388,7.198,7.389,7.530,7.658,7.106,6.983,7.066,7.419,8.047,8.328,8.874,9.151,8.173,7.925,8.506,8.507,7.690,8.150,8.079,8.383,8.229,8.161,7.634,7.803,7.785,22.291,-0.067,-0.001,-0.116,-0.075,-0.017,0.120,-0.096,-0.182,-0.069,0.113,0.137,0.123,0.219,0.312,0.376,0.097,0.009,-0.328,-0.037,0.035,0.087,0.147,0.240,0.412,0.338,-0.108,-0.107,0.037,0.017,-0.074,0.092,0.015,0.156,0.072,-0.004,-0.128,0.028,0.010,-0.176,-0.083,-0.335,-0.049,-0.024,-0.013,-0.067,-0.065,-0.021,-0.167,-0.183,-0.071,-0.056,-0.056,-0.156,-0.147,-0.070,-0.046,-0.028,0.064,0.002,-0.027,-0.041,0.082,0.136,0.143,0.071,0.053,0.011,0.039,0.085,0.115,0.078,0.096,0.163,0.047,0.074,0.056,0.064,0.116,0.143,0.054,0.025,-0.073
8.636,8.848,8.103,7.542,7.136,7.926,9.084,8.810,8.119,8.511,8.739,8.612,8.495,9.035,8.588,7.916,8.104,7.916,8.401,8.397,7.834,7.807,8.983,9.892,9.751,9.459,9.875,9.353,9.163,9.301,9.367,9.141,9.557,9.444,9.567,8.919,8.891,8.665,8.677,8.261,21.465,-0.202,-0.145,-0.127,-0.095,-0.107,0.008,-0.113,-0.330,-0.313,-0.024,0.041,-0.128,-0.054,0.108,0.203,-0.055,-0.164,-0.288,-0.151,-0.047,0.036,0.187,0.278,0.125,0.090,-0.134,-0.129,-0.037,0.000,-0.029,-0.006,0.049,0.014,0.017,-0.046,-0.136,0.043,0.084,-0.114,-0.038,-0.312,0.029,0.024,0.055,-0.004,-0.081,-0.124,-0.210,-0.150,-0.078,-0.151,-0.202,-0.241,-0.209,-0.206,-0.231,-0.114,-0.012,0.010,-0.075,-0.129,-0.038,0.044,-0.025,-0.140,-0.129,-0.046,-0.054,-0.042,-0.046,-0.035,-0.059,-0.009,-0.111,-0.075,-0.066,-0.015,-0.025,-0.005,-0.003,-0.023,0.006
9.455,9.792,9.096,8.072,7.219,7.701,7.487,7.610,8.047,7.964,8.006,7.578,8.110,8.202,8.239,7.556,7.547,7.328,7.788,7.517,7.410,7.301,8.779,9.684,9.457,9.094,9.201,9.308,9.415,8.501,9.005,8.593,9.025,9.004,8.645,8.375,8.393,8.460,8.095,8.063,21.304,-0.258,-0.248,-0.255,-0.335,-0.301,-0.286,-0.498,-0.482,-0.318,-0.274,-0.157,-0.263,-0.389,-0.120,-0.133,-0.137,0.016,-0.022,-0.055,-0.024,0.034,0.462,0.449,0.140,0.025,0.032,0.024,0.136,0.156,0.103,0.129,0.221,0.076,0.088,0.075,0.042,0.148,0.183,0.029,-0.025,-0.426,0.036,-0.000,0.017,-0.000,-0.039,-0.080,-0.064,-0.016,-0.018,-0.085,-0.194,-0.086,-0.109,-0.166,-0.201,-0.043,0.004,0.064,-0.020,-0.052,-0.055,-0.000,-0.084,-0.151,-0.125,-0.002,-0.051,-0.080,-0.123,-0.022,-0.057,-0.047,-0.102,-0.083,-0.041,0.017,-0.033,-0.051,0.016,-0.010,0.070
9.121,9.713,8.967,8.110,6.910,7.400,8.213,7.767,7.377,7.872,8.002,7.434,7.172,7.765,7.800,6.719,6.942,7.185,7.479,7.346,7.191,8.215,8.981,8.475,8.730,8.861,9.182,8.593,8.485,8.538,8.377,8.230,8.301,8.394,8.394,8.079,8.440,8.180,7.833,7.808,21.253,0.013,-0.004,0.007,-0.051,-0.163,-0.290,-0.526,-0.426,-0.284,-0.397,-0.631,-0.463,-0.349,-0.400,-0.467,-0.241,-0.070,-0.146,-0.238,-0.400,-0.209,0.206,-0.036,-0.293,-0.230,-0.173,-0.260,-0.262,-0.378,-0.189,-0.184,-0.121,-0.265,-0.259,-0.185,-0.115,-0.069,-0.122,-0.139,-0.094,-0.185,0.053,0.007,-0.001,-0.006,0.009,0.003,0.025,0.096,0.129,0.049,-0.074,0.044,0.063,-0.048,-0.077,0.057,0.047,0.053,0.039,0.036,0.013,-0.038,-0.086,-0.024,-0.014,0.024,-0.051,-0.024,-0.051,-0.028,0.001,-0.032,-0.026,-0.030,-0.025,0.026,-0.042,-0.049,0.018,0.008,0.083
8.141,8.419,7.973,6.803,6.111,6.287,6.882,7.267,7.232,7.057,7.394,7.597,7.025,7.809,7.117,7.112,8.048,7.783,7.843,7.510,7.473,9.172,9.667,9.454,8.965,9.332,9.619,9.235,9.045,9.401,9.648,9.248,9.158,9.044,9.346,8.858,9.126,8.792,8.370,7.885,20.267,0.005,-0.073,-0.100,-0.099,-0.187,-0.134,-0.210,-0.215,-0.176,-0.123,-0.497,-0.140,-0.177,-0.264,-0.294,-0.022,-0.018,-0.078,-0.091,-0.051,-0.068,0.135,-0.025,-0.132,-0.125,-0.099,-0.298,-0.249,-0.408,-0.104,-0.104,-0.136,-0.213,-0.205,-0.138,-0.055,-0.080,-0.144,-0.086,-0.102,-0.050,0.055,0.027,0.014,0.038,0.079,0.101,0.151,0.174,0.172,0.171,0.149,0.134,0.157,0.076,0.098,0.084,-0.013,0.020,0.042,0.084,0.074,-0.053,-0.077,0.016,0.020,0.009,-0.029,-0.006,0.035,-0.025,-0.014,-0.031,0.003,0.007,-0.004,0.004,-0.057,-0.024,0.015,0.034,0.095
9.360,9.513,8.700,7.923,6.875,7.185,6.756,6.853,7.105,6.979,5.891,6.289,7.291,7.231,6.815,6.934,7.501,6.958,7.182,6.399,6.756,7.902,8.360,8.543,8.845,8.473,8.365,8.078,7.459,7.904,8.128,8.207,8.164,8.131,8.292,8.100,8.177,7.892,7.844,7.878,21.060,-0.070,-0.198,-0.209,-0.243,-0.121,-0.054,-0.132,0.016,0.260,0.148,-0.157,0.029,0.155,-0.062,-0.101,0.175,0.087,0.005,0.063,0.145,0.152,0.162,0.085,0.141,0.094,0.053,-0.224,0.034,0.030,-0.066,0.118,0.068,0.027,0.016,-0.063,0.043,-0.051,0.001,0.032,0.038,-0.084,-0.012,-0.009,-0.022,-0.023,0.062,0.089,0.141,0.122,0.068,0.139,0.315,0.186,0.131,0.146,0.174,0.051,-0.016,0.050,0.069,0.125,0.101,0.011,0.022,0.078,0.034,0.026,0.064,0.080,0.170,0.040,0.035,0.050,0.068,0.070,0.053,0.035,0.004,0.043,0.056,0.044,0.015
9.361,9.526,8.728,7.671,6.304,7.141,7.164,6.992,7.304,7.795,6.576,7.448,7.168,7.151,7.260,7.336,7.178,7.051,7.481,7.737,7.287,8.132,8.965,8.988,8.776,8.792,8.118,8.318,7.886,8.299,8.609,7.924,8.028,8.111,8.008,8.090,8.124,7.885,7.662,7.515,21.149,0.057,-0.017,-0.077,-0.051,0.073,0.102,0.061,0.166,0.269,0.308,0.350,0.160,0.145,0.091,0.174,0.074,-0.128,0.003,0.005,0.121,0.224,0.218,0.002,0.001,-0.035,-0.035,-0.141,-0.041,0.127,-0.084,-0.090,-0.029,-0.056,-0.016,-0.004,-0.017,-0.145,0.001,0.017,0.078,-0.001,-0.042,-0.002,0.004,-0.023,0.050,0.032,0.059,0.039,-0.054,-0.016,0.202,0.085,0.081,0.102,0.107,-0.020,-0.011,0.044,0.039,-0.025,0.024,0.005,-0.018,0.018,0.010,-0.003,0.113,0.050,0.121,0.029,-0.015,0.048,0.047,0.053,0.051,0.023,0.037,0.036,0.052,0.038,-0.045
8.159,8.169,7.545,6.463,6.208,6.705,7.410,7.986,8.643,8.242,7.626,7.654,7.876,7.784,7.226,7.481,7.815,7.573,7.973,7.957,8.045,9.543,9.759,9.411,9.295,9.397,8.813,9.223,9.212,8.759,9.486,9.234,9.002,8.939,8.748,8.680,8.688,8.639,8.348,8.185,20.394,-0.072,-0.078,-0.115,-0.189,0.019,0.037,0.044,-0.007,-0.165,0.080,0.522,0.318,0.144,0.154,0.167,-0.034,-0.097,0.064,0.056,0.139,0.150,0.222,0.059,0.030,-0.105,-0.077,-0.020,0.034,0.203,0.003,-0.017,0.075,-0.003,-0.002,0.011,0.042,-0.015,0.020,0.088,0.038,-0.137,-0.005,0.036,0.038,0.019,-0.007,0.006,0.044,-0.017,-0.170,-0.106,0.001,0.000,-0.036,0.004,0.030,-0.054,-0.029,0.027,0.021,-0.086,-0.057,-0.053,-0.063,-0.028,-0.006,-0.022,0.080,-0.020,-0.019,0.032,-0.049,-0.010,-0.000,0.005,0.024,0.001,0.047,-0.010,0.017,-0.009,-0.015
9.026,9.008,8.164,7.279,6.808,7.035,6.860,7.528,7.806,7.967,8.279,7.715,7.459,7.986,7.783,7.210,7.253,7.491,7.473,7.334,7.949,9.440,8.976,9.026,8.565,8.697,8.690,8.459,8.805,8.551,8.521,8.589,8.460,8.558,9.099,8.483,8.144,8.423,8.200,8.122,20.596,-0.204,-0.143,-0.128,-0.242,-0.007,-0.017,-0.005,-0.006,-0.233,-0.169,0.172,0.140,0.234,0.140,0.107,-0.019,0.017,0.111,0.106,-0.170,0.053,0.128,-0.102,0.013,0.024,-0.048,0.166,0.003,0.110,0.009,-0.110,0.098,0.036,0.067,0.082,0.062,0.086,0.028,0.148,0.088,-0.246,0.006,0.021,0.026,0.009,-0.045,-0.031,0.027,-0.007,-0.059,-0.097,-0.155,-0.092,-0.076,-0.064,-0.067,-0.039,0.022,0.020,0.034,-0.056,-0.088,-0.086,-0.044,-0.029,0.028,0.016,0.029,-0.021,-0.069,0.031,-0.001,-0.031,-0.006,-0.009,-0.014,-0.001,0.040,-0.021,-0.021,-0.029,0.018
9.167,9.382,8.406,7.174,6.718,7.423,7.129,6.553,6.032,7.294,7.651,7.746,7.868,7.582,7.389,6.829,6.977,7.056,7.467,7.294,7.174,8.356,8.650,8.673,8.424,8.136,7.981,8.178,8.013,7.795,8.088,8.251,7.932,7.899,7.800,8.113,8.094,7.724,8.016,7.762,20.654,0.034,0.045,0.008,-0.054,-0.114,0.037,0.118,0.019,-0.339,-0.142,-0.061,0.042,-0.068,-0.067,0.083,-0.048,-0.129,0.087,0.119,-0.137,-0.047,-0.057,-0.180,-0.007,0.033,-0.049,0.023,-0.089,-0.058,0.046,-0.118,-0.044,-0.020,0.001,0.015,0.011,0.068,-0.061,0.051,-0.014,-0.038,0.029,0.006,0.017,0.040,-0.044,-0.019,0.038,0.052,0.161,0.038,-0.099,-0.111,-0.078,-0.059,-0.070,-0.014,0.052,0.024,0.037,0.020,-0.032,-0.055,-0.005,-0.041,0.021,0.057,0.018,0.007,-0.033,0.052,0.012,-0.042,0.002,0.005,0.019,0.016,0.014,0.009,-0.044,-0.003,0.061
7.839,8.203,7.660,6.105,6.016,6.698,7.281,7.679,7.447,7.426,7.425,8.101,8.342,7.950,7.715,7.565,7.683,7.866,8.262,7.217,7.989,9.363,9.009,9.419,9.332,9.181,9.362,8.855,9.035,8.824,8.759,8.907,8.746,8.965,8.894,8.682,8.852,8.485,8.566,8.165,19.788,0.033,0.026,-0.007,-0.075,-0.087,-0.056,0.158,0.116,0.060,-0.064,-0.133,-0.160,-0.128,-0.117,-0.120,-0.116,0.000,0.093,0.146,-0.022,-0.117,-0.072,-0.098,-0.127,0.037,0.032,-0.016,-0.086,-0.090,0.048,-0.044,-0.125,-0.078,-0.060,-0.074,-0.006,0.015,-0.065,-0.070,-0.042,0.042,0.056,0.017,0.011,0.073,0.024,0.033,0.039,0.042,0.204,0.124,0.047,-0.006,-0.008,-0.009,-0.046,0.020,0.058,-0.005,0.003,0.113,0.005,-0.037,0.075,-0.022,-0.040,0.055,-0.018,0.052,0.028,0.042,0.045,-0.017,0.002,0.020,0.018,0.025,-0.001,0.035,-0.036,0.008,0.091
8.923,8.796,7.838,6.778,6.034,7.058,7.789,8.007,7.126,7.805,7.747,7.668,7.093,7.465,7.675,7.063,6.955,7.821,8.176,7.331,7.793,9.298,8.843,9.177,9.077,8.908,8.592,8.580,8.807,8.855,8.775,8.856,8.761,8.741,8.924,8.634,8.676,8.305,8.420,8.095,20.607,-0.045,-0.131,-0.092,-0.071,-0.160,-0.040,0.151,0.192,0.495,0.219,0.182,-0.085,-0.065,-0.012,-0.069,-0.055,0.170,0.195,0.219,0.166,0.076,0.045,0.034,-0.106,-0.009,0.169,0.163,0.115,0.136,0.243,0.012,-0.021,0.061,0.086,0.184,0.153,0.090,0.114,-0.024,0.087,0.026,0.015,0.014,0.025,0.072,0.102,0.077,0.021,0.009,0.132,0.076,0.088,0.078,0.116,0.055,0.003,0.076,0.088,-0.023,-0.055,0.065,0.032,-0.028,0.113,0.040,-0.042,0.043,0.007,0.067,0.055,0.007,0.026,0.010,0.003,0.025,0.002,0.021,0.004,0.036,-0.011,0.022,0.042
9.315,9.429,8.413,7.101,6.716,6.939,7.317,7.381,7.558,7.394,7.563,6.956,7.208,7.458,7.041,6.514,7.266,7.574,7.847,7.206,7.052,8.610,8.389,8.137,8.424,8.471,8.304,7.830,7.960,8.263,7.956,7.659,7.657,7.835,8.168,8.193,7.927,7.807,7.649,7.744,20.829,0.117,0.030,-0.024,0.132,0.139,0.188,0.172,0.118,0.368,0.269,0.284,0.172,0.191,0.065,-0.047,0.083,0.156,0.033,0.070,0.245,0.015,-0.109,0.165,-0.048,-0.152,0.117,0.008,0.160,0.151,0.121,0.052,0.000,0.007,0.123,0.089,0.116,0.070,0.115,0.005,0.076,0.176,0.006,0.013,0.038,0.083,0.120,0.116,0.034,-0.010,-0.033,0.015,0.056,0.106,0.105,0.060,0.083,0.092,0.021,-0.053,-0.096,-0.021,0.024,-0.037,0.067,0.109,0.020,0.005,0.010,0.045,0.047,-0.024,0.030,0.046,0.048,0.033,-0.003,-0.020,-0.007,-0.004,0.011,0.008,0.029
8.205,8.116,7.569,6.321,5.566,7.104,7.865,7.661,8.451,8.403,8.490,7.891,8.108,7.770,7.379,7.081,8.037,8.176,8.770,8.128,8.022,8.959,9.129,8.785,8.834,9.334,9.325,9.265,9.232,9.292,8.547,8.769,8.783,8.893,9.085,9.125,9.006,8.631,8.353,8.406,20.262,0.068,0.112,0.142,0.201,0.281,0.301,0.216,0.062,0.168,0.073,0.170,0.263,0.355,0.116,0.064,0.235,0.233,0.002,-0.117,0.057,0.049,-0.180,0.252,0.155,-0.081,0.123,0.047,0.123,0.095,0.045,-0.037,-0.058,-0.046,0.034,-0.056,0.054,0.062,0.028,-0.042,0.035,0.105,0.022,0.044,0.052,0.090,0.130,0.049,0.024,-0.031,-0.155,-0.056,-0.046,0.047,0.033,0.041,0.063,0.027,-0.036,-0.052,-0.083,-0.087,-0.066,-0.045,0.008,0.096,0.094,-0.037,-0.005,-0.018,-0.012,-0.051,0.037,0.044,0.059,-0.015,-0.034,-0.071,-0.047,-0.061,-0.003,-0.018,0.054
8.781,8.694,7.676,6.992,6.945,7.613,8.105,8.440,8.625,8.471,8.474,8.852,8.791,8.121,7.628,7.973,7.921,7.853,8.312,8.042,7.950,8.987,9.690,9.377,8.692,9.553,9.034,9.315,9.579,9.213,9.132,8.953,8.770,9.503,9.258,9.016,9.036,8.896,8.626,8.391,20.841,0.004,-0.029,0.064,0.203,0.291,0.355,0.297,0.133,0.058,0.086,0.153,0.195,0.189,0.119,0.230,0.201,0.075,-0.076,-0.165,-0.070,0.015,-0.144,0.130,0.287,0.171,0.079,0.094,0.136,0.165,0.026,0.132,0.120,0.217,0.131,0.030,-0.057,-0.005,-0.042,-0.004,0.025,0.148,0.013,0.040,0.069,0.064,0.030,-0.046,-0.032,-0.022,-0.128,-0.046,-0.087,-0.051,-0.061,0.021,0.012,-0.049,-0.036,-0.001,0.012,-0.066,-0.095,0.003,-0.033,0.038,0.120,-0.024,0.046,-0.027,-0.040,-0.018,0.029,0.031,0.072,-0.041,0.012,-0.038,-0.037,-0.029,-0.004,-0.016,0.039
9.531,9.723,8.919,7.839,7.327,8.227,8.476,7.788,7.434,7.630,8.143,8.035,8.073,7.711,7.703,7.506,7.792,7.693,7.357,7.198,7.591,8.209,9.452,9.332,8.539,8.982,8.464,8.453,8.470,8.604,8.002,7.921,7.975,8.077,8.101,8.493,8.432,7.901,7.720,7.947,21.126,0.122,0.119,0.125,0.342,0.415,0.122,0.210,0.029,-0.125,0.030,0.018,0.140,0.100,0.166,0.109,0.021,0.032,-0.011,-0.076,-0.113,-0.255,-0.164,0.093,0.206,0.297,0.001,0.094,0.038,0.067,0.034,0.155,0.137,0.253,0.009,0.046,-0.115,-0.107,-0.111,-0.033,0.024,0.311,0.005,0.033,0.060,0.035,-0.046,-0.100,-0.075,0.022,-0.022,-0.006,-0.056,-0.050,-0.117,-0.025,-0.046,-0.066,-0.059,-0.001,0.068,0.004,-0.089,0.009,-0.056,-0.068,0.029,-0.031,0.005,-0.046,-0.054,-0.035,0.002,0.003,-0.005,-0.031,0.019,-0.014,-0.022,0.039,0.020,-0.013,0.046
8.674,8.481,8.059,7.357,7.290,8.152,8.495,7.981,8.356,8.210,8.503,7.856,8.169,8.083,8.028,7.305,7.763,7.433,7.726,7.322,7.342,8.267,8.877,9.298,9.428,9.043,9.206,8.914,9.166,8.736,8.891,8.686,9.147,8.897,8.809,8.223,8.188,7.960,7.946,8.097,21.139,0.155,0.227,0.329,0.383,0.222,0.050,0.013,0.025,-0.124,0.063,-0.074,-0.022,0.015,0.143,-0.010,-0.053,0.074,0.034,0.111,0.002,-0.309,-0.105,0.080,0.115,0.260,0.059,0.213,0.066,-0.034,0.037,0.100,0.056,0.217,-0.070,0.096,0.011,-0.032,0.040,-0.018,0.004,0.267,0.012,0.042,0.066,0.016,-0.060,-0.106,-0.084,0.058,0.063,0.008,-0.014,-0.043,-0.107,-0.076,-0.052,0.013,-0.031,0.032,0.042,0.067,0.037,0.013,-0.046,-0.106,-0.102,-0.015,-0.044,-0.053,-0.039,-0.031,-0.056,-0.040,-0.127,-0.046,-0.024,0.024,-0.009,0.041,0.017,-0.009,0.027
8.868,8.817,8.003,7.846,7.471,7.443,8.719,8.036,7.963,8.683,8.563,9.087,8.919,8.621,7.726,7.520,8.278,8.329,8.681,7.924,7.050,8.500,10.001,9.855,9.950,9.593,9.708,9.654,9.773,9.702,9.444,9.589,9.859,9.239,9.541,8.949,8.895,8.546,8.530,8.673,21.670,0.018,0.150,0.310,0.285,0.086,-0.048,-0.018,0.225,0.149,0.056,0.003,0.123,-0.144,-0.019,-0.047,0.031,-0.061,-0.056,0.082,0.039,-0.232,-0.153,-0.001,-0.101,0.020,-0.020,0.011,-0.073,-0.077,-0.133,-0.011,-0.009,-0.070,-0.021,0.005,-0.051,-0.034,0.185,0.066,-0.018,0.276,0.012,0.019,0.041,-0.016,-0.037,-0.003,-0.035,0.091,0.134,0.015,0.042,-0.070,-0.072,-0.113,0.028,0.088,-0.046,0.015,-0.017,0.076,0.184,0.027,-0.082,-0.101,-0.115,0.006,-0.069,-0.048,0.011,-0.025,-0.036,-0.033,-0.133,0.002,-0.041,0.022,-0.002,-0.001,-0.002,-0.014,-0.002
9.887,10.284,9.777,8.905,7.984,8.254,8.050,8.442,7.742,8.260,7.894,8.216,8.443,8.379,7.564,7.699,8.049,7.703,8.206,7.687,6.675,8.318,9.813,9.689,9.286,9.540,9.476,9.046,8.760,8.849,8.910,8.400,8.915,8.571,9.021,8.844,8.644,8.772,8.131,8.048,21.901,0.115,0.164,0.300,0.310,0.154,-0.089,-0.011,0.326,0.235,0.114,0.093,-0.014,-0.225,-0.170,0.047,0.262,-0.033,0.106,-0.036,0.190,0.189,-0.086,-0.052,-0.090,-0.199,0.016,-0.084,-0.072,0.042,-0.047,-0.063,-0.007,-0.257,-0.084,-0.070,0.029,-0.084,0.013,0.031,0.002,0.299,-0.013,-0.003,-0.015,-0.030,0.022,0.030,0.055,0.018,0.025,-0.019,0.031,-0.057,-0.021,-0.066,0.036,0.056,-0.066,-0.021,-0.061,0.041,0.176,0.001,-0.090,-0.085,-0.055,-0.010,-0.076,-0.051,0.015,0.009,0.019,-0.001,-0.077,0.011,-0.032,-0.005,-0.007,-0.067,-0.025,-0.004,0.008
9.014,9.570,9.607,8.488,7.408,7.935,8.610,8.681,8.485,7.885,8.460,8.472,7.215,7.467,7.701,7.464,7.344,7.280,7.528,7.210,6.763,7.419,8.978,8.632,8.710,8.636,8.384,8.021,8.287,7.881,7.935,8.021,7.740,8.134,8.018,7.928,8.032,8.418,7.957,7.880,22.124,0.203,0.248,0.345,0.297,0.263,0.176,0.045,0.333,0.368,0.077,0.144,-0.215,-0.139,-0.245,0.220,0.305,-0.144,0.026,-0.089,0.173,0.416,-0.038,-0.252,-0.194,-0.049,0.051,-0.104,-0.134,0.082,-0.050,0.058,0.006,-0.175,0.028,-0.076,-0.015,-0.090,-0.100,-0.066,-0.045,0.282,0.000,-0.019,-0.019,-0.003,0.013,0.052,0.074,-0.070,-0.158,-0.085,-0.048,-0.081,0.014,0.014,-0.017,-0.050,-0.038,-0.055,-0.043,-0.026,0.028,-0.012,-0.063,-0.043,0.016,-0.006,-0.036,-0.041,-0.028,0.027,0.045,0.001,0.013,-0.014,0.000,-0.020,-0.002,-0.086,-0.058,-0.016,-0.007
9.176,8.923,8.759,8.585,8.091,7.459,8.494,9.287,9.268,9.179,9.020,8.093,7.895,7.808,8.277,8.644,8.064,8.488,8.125,8.631,8.433,8.377,9.131,9.461,9.055,9.601,9.449,9.373,10.116,9.410,9.328,9.437,8.924,9.030,9.223,8.877,8.199,8.087,8.387,8.501,22.408,-0.001,0.162,0.234,0.227,0.242,0.086,0.259,0.063,-0.107,-0.040,0.012,-0.140,-0.094,-0.074,0.036,0.089,-0.212,-0.112,-0.111,0.138,0.246,-0.158,-0.246,-0.265,0.021,-0.026,-0.108,-0.160,-0.038,0.041,0.162,0.044,-0.114,-0.042,-0.024,-0.030,-0.039,-0.155,-0.078,-0.004,0.303,0.002,0.003,0.005,0.005,-0.004,0.095,0.085,-0.082,-0.179,-0.112,-0.093,-0.003,0.010,0.062,-0.085,-0.173,-0.042,-0.105,-0.017,-0.108,-0.161,-0.041,-0.004,-0.010,0.038,-0.025,-0.055,-0.092,-0.090,-0.042,-0.006,0.001,0.044,0.001,0.012,-0.062,-0.003,-0.028,-0.000,0.005,-0.010
10.240,10.738,10.236,9.489,8.733,8.720,8.720,9.277,9.040,8.607,8.719,8.073,8.499,7.683,8.470,8.575,7.552,8.069,8.275,8.317,8.250,8.283,9.083,8.998,9.823,9.820,9.201,8.821,9.505,9.173,9.524,9.100,8.979,9.149,9.058,8.859,8.668,8.388,8.071,8.220,22.829,0.078,0.056,0.247,0.312,0.107,0.124,0.215,0.005,-0.471,-0.292,-0.196,-0.219,-0.140,0.005,-0.124,-0.130,-0.163,-0.220,-0.094,-0.065,-0.121,-0.177,-0.218,-0.229,-0.010,-0.027,-0.157,-0.236,-0.176,-0.041,0.100,-0.030,-0.076,-0.111,-0.017,-0.121,-0.069,-0.163,-0.169,-0.097,0.237,-0.033,-0.023,-0.011,0.007,-0.037,0.049,0.072,-0.001,-0.054,-0.022,-0.037,0.075,0.013,0.093,-0.084,-0.165,-0.025,-0.070,0.001,-0.099,-0.193,-0.038,0.036,0.056,-0.025,-0.033,-0.056,-0.062,-0.038,-0.054,-0.061,0.034,0.032,0.020,0.018,-0.051,-0.018,0.011,0.080,0.058,-0.006
9.268,10.508,10.635,9.541,8.533,8.291,9.290,8.459,6.929,7.698,7.823,7.717,7.330,7.900,7.361,7.587,6.886,6.747,7.279,7.822,7.159,7.095,8.533,8.181,8.834,8.817,8.526,7.847,7.961,8.405,8.928,8.081,7.724,7.855,8.382,8.229,8.131,8.012,7.682,7.859,23.064,0.186,0.273,0.374,0.328,0.212,0.410,0.328,0.081,-0.241,-0.264,-0.204,-0.025,-0.173,0.013,-0.207,-0.384,-0.235,-0.293,-0.118,-0.231,-0.346,-0.221,-0.090,-0.121,-0.028,-0.068,-0.332,-0.478,-0.279,-0.262,-0.116,0.018,-0.088,-0.010,-0.040,-0.226,-0.112,-0.095,0.081,0.055,0.273,-0.010,-0.030,-0.019,0.010,-0.031,-0.004,-0.037,0.094,0.193,0.089,0.074,0.098,0.065,0.030,0.032,-0.056,0.032,0.004,0.030,-0.037,-0.075,0.015,0.025,0.090,-0.023,-0.005,0.004,0.024,0.074,-0.014,-0.050,0.067,0.064,0.062,0.007,0.011,0.005,0.043,0.096,0.060,-0.040
9.357,9.059,9.906,9.569,7.724,8.138,9.287,9.118,7.298,7.167,8.079,7.566,6.798,7.446,7.537,7.343,7.116,7.048,7.480,7.291,6.796,7.174,8.189,8.127,8.772,8.895,8.060,7.606,8.484,8.178,8.637,8.548,7.957,8.168,8.352,7.646,7.722,7.640,7.464,7.717,22.982,-0.056,0.076,0.220,0.282,0.094,0.256,0.370,0.319,0.166,0.079,0.065,0.101,-0.037,0.174,-0.080,-0.284,-0.257,-0.233,-0.083,-0.137,-0.252,-0.198,-0.150,0.015,-0.151,-0.092,-0.270,-0.287,0.014,-0.166,-0.106,0.189,-0.030,0.111,0.021,-0.169,-0.146,-0.077,0.253,0.217,0.265,-0.007,0.010,-0.038,-0.016,0.041,-0.028,-0.059,0.082,0.284,0.196,0.139,0.127,0.146,0.037,0.110,0.072,0.094,0.063,0.071,0.070,0.071,0.047,0.041,0.112,0.039,0.036,0.114,0.152,0.098,0.052,0.039,0.076,0.108,0.053,0.025,0.127,0.091,0.113,0.096,0.067,-0.034
10.548,11.129,10.792,10.185,9.653,9.802,9.852,9.771,8.934,8.579,8.322,8.219,7.881,7.994,7.709,7.340,7.107,7.532,7.935,7.988,7.431,7.827,9.125,9.291,9.439,9.722,8.358,7.588,9.231,8.597,9.193,9.801,8.996,9.472,9.374,8.352,8.112,7.985,9.093,9.025,23.697,0.014,-0.001,0.152,0.290,0.096,-0.002,-0.003,0.374,0.540,0.220,0.250,0.191,0.179,-0.007,0.174,-0.115,-0.004,-0.086,0.035,-0.011,-0.064,-0.074,-0.154,0.060,-0.021,-0.017,-0.032,-0.016,0.237,0.034,0.016,0.272,0.180,0.157,-0.008,0.051,0.026,0.017,0.190,0.140,0.090,-0.040,-0.044,-0.058,-0.019,0.024,-0.069,-0.055,0.047,0.172,0.162,0.137,0.081,0.162,0.069,0.130,0.117,0.132,0.082,0.110,0.115,0.092,0.038,0.015,0.065,0.091,0.078,0.162,0.228,0.044,0.074,0.090,0.020,0.102,-0.041,0.012,0.171,0.130,0.141,-0.003,-0.009,-0.041
9.321,10.808,11.259,10.577,8.642,9.246,10.287,10.218,8.869,8.561,8.793,8.330,8.040,8.508,7.896,7.281,6.155,6.511,7.533,7.550,6.853,6.925,8.037,8.520,8.765,8.906,7.935,7.516,8.941,8.247,8.863,9.184,8.194,8.894,8.666,7.950,7.949,8.014,8.630,8.725,23.837,0.127,0.245,0.166,0.251,0.368,0.188,0.087,0.270,0.560,0.444,0.271,0.309,0.412,0.198,0.237,0.097,0.190,-0.010,0.184,0.176,0.093,-0.015,0.019,0.240,0.183,0.127,0.262,0.294,0.056,0.070,0.230,0.224,0.330,0.073,0.091,0.375,0.319,0.345,0.257,0.198,0.157,-0.001,-0.030,-0.038,-0.026,0.058,0.002,-0.019,-0.015,0.005,0.050,0.051,0.016,0.033,0.042,0.068,0.065,0.106,0.099,0.093,0.090,0.056,0.033,0.044,0.033,0.101,0.086,0.113,0.144,-0.043,0.059,0.057,-0.035,0.042,-0.091,-0.004,0.113,0.108,0.114,-0.064,-0.074,-0.039
9.359,9.629,10.716,10.488,8.554,7.728,8.773,9.781,8.842,8.102,8.716,8.292,7.602,7.336,8.050,7.042,7.346,6.586,7.426,7.635,6.810,6.851,7.841,8.285,8.731,8.727,8.426,7.811,8.915,8.539,8.896,9.122,8.508,8.275,8.187,8.334,8.147,7.912,8.049,8.054,23.084,-0.106,-0.029,0.110,0.247,0.193,0.097,0.195,0.342,0.424,0.362,0.376,0.274,0.412,0.349,0.285,0.011,0.203,0.004,0.300,0.186,-0.059,-0.123,-0.100,0.092,0.261,0.213,0.211,0.372,-0.081,-0.009,0.168,0.102,0.241,-0.196,-0.017,0.358,0.307,0.400,0.065,0.021,0.123,0.001,-0.008,-0.029,-0.056,0.028,0.082,0.036,-0.058,-0.119,0.020,0.011,-0.041,-0.050,0.081,0.013,0.049,0.030,0.108,0.053,0.059,0.033,0.017,0.048,0.026,0.052,0.059,0.017,0.014,-0.049,0.032,0.002,-0.043,-0.024,-0.044,0.003,-0.008,0.039,0.041,-0.045,-0.053,0.001
10.588,11.033,10.776,10.670,10.116,10.117,10.260,10.463,10.146,9.626,9.237,9.076,8.997,8.763,8.553,7.977,7.945,7.471,8.655,8.349,7.571,7.587,8.926,9.828,10.039,10.030,9.335,8.967,8.922,8.558,9.934,10.006,9.849,9.130,9.402,9.530,9.301,9.401,9.271,9.190,24.074,-0.002,-0.059,0.051,0.172,0.336,0.215,0.177,0.262,0.247,0.259,0.257,0.140,0.014,0.208,0.204,-0.022,0.168,0.220,0.249,0.214,0.026,-0.011,0.041,0.165,0.213,0.222,0.171,0.238,-0.043,0.151,0.104,0.097,0.148,-0.166,0.008,0.244,0.253,0.303,-0.005,-0.095,0.055,-0.023,-0.044,-0.020,-0.052,-0.054,-0.011,-0.052,-0.072,-0.115,-0.023,0.015,-0.062,-0.099,-0.008,-0.014,0.021,-0.017,0.070,-0.002,0.028,-0.008,0.005,0.010,-0.056,-0.033,-0.011,-0.071,-0.099,0.020,0.028,-0.066,-0.047,-0.059,0.025,-0.034,-0.135,-0.037,-0.070,-0.047,-0.050,-0.029
9.386,10.872,11.584,11.376,9.880,9.851,10.842,11.359,10.413,9.854,9.981,9.215,9.463,9.612,8.806,7.048,7.229,7.070,8.871,8.517,6.778,6.884,8.181,9.095,10.105,10.225,8.712,8.725,8.836,8.394,9.498,9.900,9.372,8.372,8.918,9.352,8.972,9.291,9.099,8.898,24.193,0.083,0.112,0.065,0.051,0.250,0.394,0.129,0.089,0.103,0.414,0.314,0.072,0.130,0.392,0.256,0.192,0.154,0.339,0.270,0.263,0.137,0.008,0.074,0.226,0.224,0.228,0.098,0.083,0.041,0.151,0.090,0.119,0.149,0.055,0.047,0.075,0.254,0.242,0.095,0.020,0.146,0.018,-0.011,-0.030,-0.058,-0.059,-0.046,-0.131,-0.108,-0.035,-0.013,-0.029,-0.023,-0.061,-0.073,-0.044,0.064,0.010,0.025,-0.046,0.021,0.025,0.046,0.031,-0.070,-0.105,-0.054,-0.063,-0.100,0.037,0.004,-0.055,-0.023,-0.032,0.076,-0.030,-0.131,-0.066,-0.095,0.019,0.013,-0.041
9.297,9.894,11.078,10.992,9.660,9.260,10.140,10.737,9.316,8.982,9.448,8.567,7.177,8.412,8.537,7.169,7.054,7.367,8.053,8.180,7.002,6.854,8.072,8.942,9.144,9.269,8.646,8.251,8.768,9.073,9.080,9.279,8.504,8.017,8.340,8.660,8.802,8.841,8.081,7.829,23.556,-0.080,-0.045,0.091,0.090,0.067,-0.017,-0.140,0.038,0.144,0.304,0.378,0.100,0.059,0.137,0.184,0.113,0.129,0.171,0.190,0.277,-0.044,-0.057,-0.018,-0.108,0.035,0.065,-0.035,-0.057,0.094,0.130,-0.063,-0.020,0.080,0.074,-0.112,-0.160,0.163,0.072,0.006,-0.054,0.002,0.008,-0.005,-0.048,-0.077,-0.094,-0.094,-0.127,-0.066,0.058,-0.016,-0.035,0.004,0.060,-0.060,-0.049,0.025,0.021,-0.040,-0.058,-0.013,0.016,0.046,0.038,-0.072,-0.085,-0.049,-0.058,-0.032,0.026,-0.048,-0.005,0.015,0.013,0.045,0.011,-0.035,-0.067,-0.070,0.060,0.068,-0.030
10.420,10.761,10.889,10.583,10.033,10.128,9.480,10.088,9.770,10.495,10.180,8.909,9.160,9.471,9.337,8.404,8.564,8.331,9.075,9.037,7.777,7.258,8.637,9.861,10.298,10.248,9.262,8.583,9.200,9.038,9.772,10.082,9.926,9.108,8.954,9.145,9.667,9.402,9.119,8.833,24.071,0.025,-0.091,-0.058,-0.000,0.031,-0.016,-0.303,-0.084,0.300,0.272,0.171,0.176,0.085,0.018,0.077,0.264,0.273,0.153,0.096,0.258,0.104,0.128,0.083,-0.121,-0.175,0.024,-0.002,0.019,0.036,0.022,-0.025,0.045,0.113,0.062,-0.107,-0.097,0.023,0.039,0.155,0.066,-0.054,-0.006,-0.017,-0.041,-0.045,-0.053,-0.092,-0.020,0.022,0.081,-0.078,-0.061,0.032,0.022,-0.089,-0.074,-0.085,-0.037,-0.079,-0.091,-0.093,-0.004,0.057,0.067,-0.023,-0.061,-0.052,-0.049,0.019,0.021,-0.017,0.061,0.070,0.017,-0.016,0.053,0.062,-0.042,-0.047,0.033,0.074,-0.045
9.672,10.863,11.577,11.515,10.376,9.895,10.239,11.288,11.185,10.827,11.026,9.728,9.445,9.521,9.208,7.865,7.922,7.697,9.505,9.475,6.849,7.117,8.607,8.907,10.116,10.343,8.887,8.754,9.212,8.885,9.482,9.813,9.972,9.130,8.822,8.834,9.766,9.705,9.292,8.953,24.146,0.069,0.019,-0.128,-0.188,-0.025,-0.052,-0.241,0.017,0.437,0.251,0.152,0.109,0.338,0.093,0.050,0.069,0.216,0.114,0.043,0.151,0.123,0.159,0.226,-0.019,-0.010,0.077,-0.070,0.111,0.090,-0.025,0.138,0.207,0.232,0.056,0.139,0.157,0.032,0.055,0.263,0.220,0.006,0.006,-0.016,-0.046,-0.035,-0.022,-0.019,0.039,0.016,-0.003,-0.111,-0.091,0.006,-0.023,-0.042,-0.065,-0.097,-0.082,-0.050,-0.097,-0.146,0.020,0.017,0.058,0.057,-0.019,-0.063,-0.020,0.020,-0.002,-0.012,0.088,0.070,-0.036,-0.039,0.063,0.075,-0.012,-0.046,-0.023,0.040,-0.027
9.323,9.933,11.044,11.112,9.678,9.453,9.277,10.665,10.977,10.291,10.048,9.515,8.753,9.149,8.855,8.018,8.158,7.669,8.627,9.160,7.374,7.392,8.329,8.506,8.746,9.810,8.583,8.568,8.795,8.596,9.173,9.856,9.205,8.125,8.141,8.782,8.606,9.056,9.268,8.665,23.628,-0.019,-0.007,-0.030,-0.037,0.033,-0.050,0.078,0.207,0.359,0.052,0.120,0.230,0.101,-0.033,-0.050,-0.213,-0.072,-0.030,-0.111,-0.140,0.033,0.183,0.286,0.066,-0.058,-0.040,-0.131,0.095,0.149,0.142,0.296,0.354,0.158,-0.016,0.187,0.226,0.111,0.013,0.131,0.250,-0.082,-0.008,-0.013,-0.041,-0.014,-0.006,-0.002,0.054,-0.005,-0.101,-0.137,-0.106,-0.026,-0.068,-0.010,-0.029,-0.073,-0.092,-0.024,-0.049,-0.127,-0.039,-0.033,-0.012,0.029,0.015,-0.049,0.025,0.008,-0.029,-0.019,0.028,-0.030,-0.111,-0.019,0.030,0.008,0.037,-0.028,-0.072,-0.011,-0.008
10.191,10.403,10.362,9.788,9.711,9.339,9.037,10.535,10.898,10.341,10.276,8.810,9.069,9.040,9.026,7.707,8.335,8.267,8.494,8.872,7.816,7.583,9.355,9.524,9.868,9.874,8.636,8.813,9.423,9.168,10.067,10.426,10.023,8.790,9.441,9.626,9.493,9.289,9.322,9.012,23.810,-0.027,-0.169,-0.152,-0.068,-0.045,-0.096,-0.138,-0.027,0.099,-0.142,-0.051,0.102,-0.066,-0.045,-0.078,-0.132,-0.110,0.014,-0.189,-0.253,0.089,-0.001,0.169,0.083,-0.119,-0.217,-0.071,0.005,0.028,0.012,0.217,0.173,-0.123,-0.081,0.054,0.055,0.059,-0.147,-0.099,0.053,-0.120,-0.006,-0.001,0.011,0.060,0.021,0.045,0.045,-0.047,-0.130,-0.086,-0.111,-0.018,-0.120,-0.008,0.001,0.056,0.001,0.015,0.026,0.002,-0.010,-0.011,-0.121,-0.043,-0.019,-0.016,0.097,0.014,-0.073,-0.065,-0.053,-0.117,-0.168,-0.009,-0.044,-0.053,0.057,0.031,-0.021,-0.016,0.001
10.066,10.957,11.345,11.264,10.529,10.157,10.473,11.500,11.710,10.999,11.156,10.518,9.855,9.546,9.180,7.420,7.999,7.895,9.027,8.641,7.460,7.940,9.693,9.883,10.132,10.284,8.731,9.027,9.840,9.607,10.958,11.547,10.693,9.195,9.581,9.881,10.358,9.677,9.759,10.055,23.830,0.031,-0.064,-0.251,-0.128,0.009,-0.003,-0.085,-0.085,-0.036,-0.214,-0.255,0.052,-0.053,0.037,-0.006,0.001,-0.022,0.085,-0.031,-0.173,-0.073,0.042,0.053,-0.025,-0.046,-0.076,0.124,0.112,-0.077,-0.094,0.075,-0.088,-0.265,0.038,0.087,-0.006,0.192,0.001,-0.026,0.095,-0.031,-0.016,-0.006,0.017,0.031,0.004,0.016,-0.066,-0.098,-0.096,-0.012,-0.088,-0.069,-0.060,-0.010,0.010,0.104,0.061,0.025,0.078,0.127,0.035,-0.001,-0.165,-0.089,-0.024,-0.004,0.084,0.015,-0.099,-0.101,-0.115,-0.167,-0.151,-0.016,-0.076,-0.058,0.018,0.053,0.012,-0.037,0.031
9.165,9.507,10.667,11.098,9.726,9.060,8.951,10.736,11.315,9.765,10.218,9.739,8.566,9.098,8.655,7.502,7.449,7.655,8.362,8.471,7.253,6.838,8.768,8.633,8.830,9.021,8.458,8.548,8.831,8.438,9.672,9.835,8.613,8.190,8.373,8.561,9.187,8.659,8.551,8.522,23.447,0.012,0.045,0.035,0.157,0.091,0.149,0.067,-0.070,-0.013,-0.045,-0.216,0.110,-0.187,0.018,0.034,0.240,0.195,0.131,0.134,0.175,0.126,0.176,-0.265,-0.189,-0.113,0.014,0.289,0.170,-0.159,-0.231,-0.018,-0.154,-0.398,-0.014,-0.032,0.006,0.279,0.216,0.235,0.219,-0.015,0.003,0.031,0.033,-0.005,0.007,-0.002,-0.012,-0.071,-0.019,0.080,0.025,-0.020,0.051,-0.020,0.009,0.030,0.053,-0.006,0.094,0.129,0.040,0.038,-0.068,-0.042,0.029,0.040,0.038,0.021,-0.048,0.004,-0.061,-0.083,-0.017,0.020,-0.024,0.023,-0.004,0.054,0.038,-0.008,0.041
9.990,10.064,9.638,9.819,9.714,9.578,8.896,10.137,10.587,9.507,8.801,9.311,8.740,9.306,9.011,8.126,8.490,8.400,8.538,8.495,7.292,7.976,8.890,8.827,9.037,9.858,9.290,9.259,8.706,8.491,9.746,9.710,8.586,8.614,9.112,9.282,9.721,9.377,9.522,9.386,23.653,-0.118,-0.142,-0.038,0.008,-0.016,-0.092,-0.354,-0.260,-0.065,-0.057,-0.239,-0.119,-0.137,-0.115,-0.057,0.120,0.080,0.034,0.116,0.281,0.192,0.091,-0.322,-0.246,-0.182,-0.177,0.111,0.087,-0.253,-0.243,-0.162,-0.317,-0.461,-0.129,-0.150,-0.041,0.092,0.096,0.021,-0.016,0.022,0.010,0.027,0.071,0.017,-0.004,-0.022,0.028,-0.036,0.039,0.118,0.133,0.050,0.147,0.027,0.020,-0.043,0.006,-0.012,0.072,0.058,0.041,0.001,0.073,0.050,0.071,0.029,-0.044,-0.010,0.031,0.097,0.026,0.040,0.106,0.054,0.000,0.059,-0.057,0.001,-0.000,-0.052,0.019
10.291,11.073,11.391,11.296,10.575,10.374,10.162,10.867,11.393,10.864,10.372,9.965,8.690,9.250,9.284,8.554,9.063,8.671,9.408,9.820,8.529,8.448,8.430,9.107,9.849,10.156,9.804,9.548,9.194,8.571,10.581,10.573,9.084,9.012,9.515,9.957,11.206,10.519,10.617,10.442,23.825,0.061,0.027,-0.092,-0.162,0.003,-0.063,-0.065,-0.292,0.018,0.182,0.065,0.086,0.229,-0.070,-0.008,-0.043,0.106,0.008,0.209,0.163,0.155,0.166,0.015,-0.015,0.095,0.035,0.124,0.122,-0.124,0.104,0.029,-0.128,-0.109,0.103,0.051,0.187,0.089,0.076,0.069,0.070,0.060,-0.009,-0.018,0.002,-0.026,-0.038,-0.065,0.001,-0.027,0.021,0.046,0.070,0.038,0.147,0.071,0.020,-0.066,-0.061,-0.021,-0.002,-0.072,-0.055,-0.060,0.150,0.086,0.063,0.003,-0.107,-0.018,0.094,0.117,0.035,0.064,0.140,0.059,0.007,0.013,-0.138,-0.074,-0.076,-0.128,0.003
8.913,9.462,10.795,11.205,10.022,9.039,8.098,10.136,11.346,10.166,9.883,9.808,9.106,8.895,8.583,7.493,7.592,7.559,9.084,9.373,7.783,7.592,8.253,8.418,8.713,8.830,8.612,8.964,8.395,8.327,9.692,9.591,8.154,8.138,8.261,8.978,9.810,9.226,8.833,9.014,23.751,0.055,0.082,0.165,0.119,0.035,-0.007,0.120,-0.153,0.142,0.261,0.271,0.316,0.474,0.218,0.117,-0.073,0.052,0.084,0.291,0.125,0.118,0.052,0.280,0.136,0.203,0.058,-0.014,0.084,0.062,0.224,0.180,0.097,0.122,0.252,0.048,0.200,0.004,0.076,0.055,-0.092,0.025,0.036,0.026,0.003,-0.008,-0.027,-0.025,0.086,-0.000,-0.028,0.012,0.030,0.031,0.049,0.066,0.025,0.030,-0.020,0.020,-0.024,-0.075,-0.069,-0.034,0.084,0.080,0.069,0.039,-0.047,0.026,0.161,0.070,0.012,0.076,0.138,0.046,0.040,-0.010,-0.082,-0.032,-0.008,-0.071,-0.011
10.010,9.942,9.629,9.593,9.587,9.015,9.027,9.275,11.024,10.346,10.001,9.920,9.528,8.955,8.827,7.606,8.427,8.114,9.134,8.849,7.780,7.860,9.163,8.764,9.465,9.709,9.417,9.308,8.364,9.041,9.842,9.252,8.283,8.941,9.052,9.650,9.587,9.112,9.241,9.059,23.699,-0.121,-0.156,-0.054,-0.030,-0.122,-0.219,-0.167,-0.256,-0.010,0.029,-0.121,0.083,0.241,0.206,0.050,0.007,-0.096,0.000,0.039,-0.108,-0.112,-0.104,0.183,0.049,0.008,-0.088,-0.183,0.080,0.154,0.120,-0.015,-0.044,0.013,0.092,-0.094,-0.047,-0.365,-0.142,-0.161,-0.384,-0.002,0.010,0.019,0.039,0.054,-0.009,-0.019,0.022,0.029,-0.102,-0.051,-0.011,-0.039,-0.061,0.024,0.012,0.073,-0.057,0.007,-0.036,0.005,-0.039,-0.016,-0.058,0.024,0.005,-0.009,-0.017,0.038,0.156,-0.009,-0.055,0.011,0.073,-0.043,0.010,-0.063,-0.016,-0.012,-0.002,-0.029,-0.011
10.403,11.037,11.346,11.264,10.385,10.222,10.062,10.170,11.483,11.069,10.340,10.912,10.691,10.544,9.824,8.238,9.068,9.100,10.128,9.607,8.257,8.532,9.923,9.679,10.244,10.369,9.414,9.797,9.430,9.374,11.013,10.854,9.595,9.909,9.584,10.437,10.552,10.459,10.483,9.617,23.841,0.151,0.077,-0.040,-0.097,-0.091,-0.141,0.127,-0.280,-0.192,0.079,0.004,0.035,0.102,0.079,0.037,0.246,0.082,0.139,0.081,0.040,-0.019,0.056,0.013,0.125,0.205,0.078,0.028,0.241,0.411,0.101,-0.080,0.019,0.168,0.106,0.121,0.025,-0.092,0.046,0.094,-0.142,0.001,-0.009,-0.023,-0.012,-0.009,-0.029,-0.037,-0.034,-0.017,-0.152,-0.077,-0.022,-0.092,-0.139,-0.101,-0.050,0.022,-0.075,-0.070,-0.078,0.018,-0.039,-0.015,-0.122,-0.035,-0.054,-0.040,0.019,-0.001,0.038,-0.034,-0.098,-0.092,-0.018,-0.103,-0.022,-0.104,0.011,-0.052,-0.045,0.026,-0.004
8.938,9.507,10.845,11.116,9.782,8.690,8.344,9.570,11.277,10.556,9.540,9.829,9.104,9.455,8.914,8.214,7.845,7.903,9.081,9.163,7.729,7.458,8.510,8.722,9.123,8.949,8.488,9.530,9.446,8.646,9.847,9.722,8.427,8.587,8.382,8.991,9.009,9.190,8.989,8.222,23.768,0.065,0.125,0.207,0.216,0.024,-0.090,0.042,-0.085,-0.326,0.016,0.143,0.033,0.110,0.119,0.093,0.161,-0.193,0.018,0.132,0.231,0.028,0.085,-0.140,0.109,0.117,-0.021,0.020,0.231,0.482,0.120,-0.119,-0.036,0.234,-0.038,0.063,-0.038,0.055,0.033,0.039,-0.047,0.020,0.042,0.030,0.019,0.005,-0.000,-0.004,0.025,0.035,-0.078,-0.033,0.031,-0.017,-0.060,-0.065,-0.046,-0.008,0.017,-0.026,-0.027,0.042,0.060,0.068,0.002,0.005,0.013,0.033,0.069,-0.049,-0.079,-0.003,-0.010,-0.055,0.011,-0.017,0.010,-0.041,0.077,-0.018,-0.029,0.082,0.002
10.202,10.067,9.989,9.956,9.470,8.498,9.077,8.589,10.257,10.455,10.132,10.026,9.830,9.040,8.723,8.417,8.295,8.359,9.515,9.413,7.713,8.074,8.644,9.062,9.908,9.599,9.218,10.058,9.909,9.029,9.292,9.452,8.923,8.848,9.198,9.431,9.639,9.416,9.430,8.720,23.720,-0.084,-0.174,-0.024,-0.050,-0.183,-0.256,-0.154,-0.323,-0.461,-0.120,0.026,-0.121,-0.156,-0.243,-0.157,-0.042,-0.275,-0.274,-0.147,0.044,-0.146,-0.116,-0.168,-0.068,-0.122,-0.176,-0.020,0.005,0.089,0.055,-0.257,-0.369,-0.077,-0.200,-0.141,-0.326,-0.150,-0.272,-0.273,-0.132,-0.006,-0.011,0.009,0.020,0.024,0.021,0.013,-0.021,0.090,0.074,-0.002,-0.038,0.020,-0.009,0.018,-0.032,-0.017,0.082,0.020,-0.015,-0.006,0.113,0.092,0.109,0.008,0.026,0.051,0.034,-0.088,-0.166,0.010,0.070,0.002,-0.003,0.050,0.001,-0.022,0.015,-0.025,-0.067,0.026,0.000
10.437,11.052,11.344,11.327,10.163,9.425,9.728,9.641,10.006,10.732,10.820,10.528,10.509,10.301,9.842,8.324,7.851,8.572,10.098,10.099,8.194,8.514,9.103,9.619,10.218,9.990,9.615,10.335,10.532,9.813,10.107,9.775,9.790,9.281,9.561,9.963,10.319,9.797,9.964,9.271,23.857,0.204,0.120,0.032,-0.029,-0.078,-0.181,0.099,-0.058,-0.267,-0.039,0.022,0.076,0.071,0.042,-0.082,0.111,0.170,0.079,0.020,0.101,0.253,0.322,0.282,0.171,0.236,0.203,0.185,-0.046,-0.082,0.130,0.022,-0.126,0.190,0.159,0.086,-0.078,0.049,-0.074,-0.123,0.023,0.012,-0.017,-0.030,-0.040,-0.054,-0.035,0.001,-0.039,0.028,0.145,0.034,-0.111,-0.007,-0.019,0.009,-0.039,0.011,0.146,0.073,-0.036,-0.066,0.097,0.075,0.084,-0.016,0.021,0.028,0.034,-0.044,-0.163,-0.030,0.051,0.014,-0.062,0.039,0.003,-0.005,-0.039,-0.028,-0.040,-0.005,-0.019
9.235,9.394,10.974,10.906,9.278,8.574,8.601,8.520,9.813,10.383,9.831,9.960,9.208,8.908,8.577,7.971,7.688,7.394,8.884,9.357,7.294,7.425,8.784,8.892,9.088,8.970,8.750,9.420,9.331,9.064,9.598,8.983,8.529,8.562,8.291,8.323,9.148,8.795,8.633,8.433,23.768,0.028,0.124,0.150,0.144,0.063,-0.028,-0.007,0.159,0.150,0.094,-0.127,0.114,0.079,0.205,-0.033,0.187,0.313,0.209,0.061,0.074,0.431,0.396,0.344,0.132,0.273,0.221,0.116,-0.059,-0.138,0.147,0.199,0.074,0.175,0.256,0.113,-0.068,-0.012,-0.027,-0.158,-0.049,0.006,0.024,0.040,-0.013,-0.028,-0.001,0.057,-0.005,0.058,0.148,0.052,-0.070,0.005,0.050,0.077,0.078,0.066,0.142,0.133,0.026,-0.026,0.085,0.043,0.009,0.014,0.022,0.013,0.047,0.061,-0.018,0.017,0.061,0.055,-0.034,0.009,0.043,0.120,0.048,0.047,0.061,0.043,-0.015
10.441,10.443,10.512,10.499,9.488,7.745,9.074,9.316,10.163,10.399,9.803,10.241,9.771,9.732,8.578,8.992,9.000,8.781,9.497,9.697,9.204,9.395,9.850,9.660,10.715,10.279,9.649,9.619,9.324,9.278,9.801,9.329,9.575,9.524,9.266,9.157,9.498,9.131,8.773,8.481,23.802,-0.078,-0.172,-0.081,-0.154,-0.275,-0.197,-0.225,-0.188,0.092,0.077,-0.337,-0.120,-0.102,-0.060,-0.162,0.102,0.242,0.143,-0.151,-0.115,0.223,0.203,0.024,-0.072,0.025,-0.079,0.121,0.041,-0.220,-0.079,-0.090,-0.189,-0.203,-0.073,-0.049,-0.190,-0.209,-0.228,-0.216,-0.116,-0.081,-0.033,-0.006,-0.012,-0.034,-0.010,0.077,-0.038,-0.017,0.052,0.005,-0.038,-0.038,0.025,-0.024,0.092,0.002,0.019,0.012,-0.021,-0.056,-0.098,-0.168,-0.138,-0.023,-0.082,-0.101,-0.008,0.082,0.044,0.043,0.015,-0.011,-0.092,-0.106,-0.038,0.127,0.079,0.056,0.065,0.050,-0.008
10.342,10.990,11.155,11.091,10.125,9.199,9.367,9.544,10.928,11.091,10.003,10.739,10.593,10.351,9.188,9.016,9.287,9.297,10.122,9.986,9.365,9.611,9.992,9.704,11.026,10.559,9.782,10.124,9.826,10.030,10.441,10.043,9.907,10.007,9.910,9.496,9.989,9.616,9.236,8.872,23.776,0.179,0.170,-0.034,-0.127,-0.088,0.038,-0.017,0.035,0.100,0.081,-0.147,0.003,0.180,0.193,0.274,0.290,0.401,0.359,0.069,0.021,0.292,0.159,0.003,0.122,0.096,0.029,0.246,0.265,0.066,0.245,0.103,-0.061,-0.050,-0.038,0.140,0.331,0.217,0.041,0.080,0.151,-0.036,-0.011,-0.022,-0.031,-0.052,-0.030,-0.023,-0.023,-0.064,-0.086,-0.049,0.022,-0.055,-0.015,-0.084,0.039,-0.048,-0.070,-0.077,-0.069,-0.078,-0.185,-0.219,-0.144,-0.022,-0.130,-0.132,-0.059,-0.013,0.033,0.017,-0.031,-0.052,-0.071,-0.130,-0.087,0.071,0.053,0.031,0.034,0.028,-0.002
9.492,9.393,10.846,10.466,8.366,8.127,8.219,8.190,9.908,10.761,9.050,9.541,9.306,9.280,8.727,8.313,8.261,8.333,8.726,9.211,8.275,8.436,8.619,8.854,9.376,8.801,9.704,10.189,9.186,8.937,9.235,8.301,8.086,8.193,8.506,8.428,8.856,8.245,8.583,8.470,23.447,-0.035,0.065,0.063,-0.062,-0.053,0.170,-0.085,-0.080,0.018,-0.008,-0.158,-0.061,0.143,-0.072,0.223,0.068,0.222,0.066,-0.089,-0.152,-0.166,-0.399,-0.236,0.060,-0.087,-0.208,0.080,0.201,0.038,0.294,0.145,-0.112,-0.158,-0.221,-0.117,0.356,0.331,0.171,0.081,0.175,-0.009,0.025,0.052,0.015,0.004,0.070,-0.015,0.039,0.021,-0.066,-0.031,0.107,0.020,0.017,-0.011,0.041,-0.052,-0.088,-0.080,-0.033,-0.050,-0.137,-0.131,-0.008,0.001,-0.091,-0.055,-0.065,-0.087,0.046,0.052,0.034,0.051,0.073,0.025,-0.031,0.010,0.032,0.061,0.021,0.014,0.026
10.604,10.771,10.636,10.286,9.401,8.572,8.944,9.256,10.438,10.608,9.475,10.325,10.340,10.097,9.873,9.763,10.064,9.413,9.617,9.704,9.218,8.699,9.416,9.907,10.236,9.853,9.952,10.461,9.731,10.461,10.398,9.191,9.024,9.037,9.369,10.342,10.553,9.444,9.128,9.191,23.767,-0.047,-0.107,-0.078,-0.160,-0.196,-0.326,-0.191,-0.214,-0.243,-0.110,-0.107,-0.190,-0.121,-0.208,-0.033,-0.036,-0.027,-0.140,-0.316,-0.298,-0.299,-0.401,-0.245,-0.042,-0.320,-0.375,-0.156,-0.204,-0.101,0.048,-0.072,-0.223,-0.202,-0.317,-0.288,0.016,-0.019,-0.074,-0.135,-0.055,-0.040,-0.038,-0.010,0.023,0.010,0.013,-0.066,-0.010,-0.026,-0.055,-0.005,0.067,-0.021,-0.055,-0.006,-0.038,-0.120,-0.160,-0.106,-0.101,-0.078,-0.139,-0.041,0.026,-0.072,-0.164,-0.083,-0.074,-0.141,-0.007,-0.039,-0.013,0.050,0.057,0.059,-0.038,-0.164,-0.114,-0.030,-0.047,-0.069,0.023
10.135,10.878,11.085,10.590,9.587,8.908,8.860,9.058,10.495,10.601,9.275,10.144,10.615,9.499,9.348,8.957,9.719,9.053,9.303,9.080,8.446,7.856,8.959,9.857,10.676,9.592,9.964,10.454,9.559,10.535,10.546,9.194,9.229,8.903,8.952,10.515,10.872,10.071,9.232,9.197,23.763,0.160,0.229,0.013,-0.118,0.127,-0.091,0.059,0.044,-0.067,0.019,0.177,0.076,0.135,0.087,0.199,0.003,0.015,-0.010,-0.121,-0.206,-0.165,-0.171,0.108,0.017,-0.221,-0.154,-0.003,-0.159,0.094,0.281,0.169,0.148,0.237,0.190,0.011,0.018,0.071,0.135,-0.004,0.056,0.049,-0.010,-0.011,-0.001,0.004,-0.040,-0.075,-0.016,-0.021,-0.045,-0.009,0.040,-0.027,-0.086,0.049,-0.017,-0.033,-0.078,-0.014,-0.079,-0.034,-0.036,0.091,0.019,-0.102,-0.155,-0.033,-0.041,-0.102,-0.014,-0.075,-0.025,0.066,0.043,0.062,0.020,-0.168,-0.146,-0.079,-0.055,-0.095,0.002
9.788,9.713,10.648,10.232,8.533,7.178,8.089,8.041,9.421,10.620,9.355,9.487,9.335,9.201,8.715,8.516,8.421,8.238,8.253,8.564,7.785,7.897,8.596,8.990,8.778,8.290,8.870,8.970,9.133,9.470,9.425,8.483,8.326,8.064,8.248,8.535,8.883,8.335,8.236,8.234,23.419,-0.107,0.040,0.106,-0.048,-0.115,-0.161,-0.138,-0.160,-0.135,0.045,0.019,-0.169,-0.093,0.082,0.098,-0.276,-0.293,-0.133,-0.419,-0.340,-0.403,-0.162,-0.037,-0.215,-0.659,-0.411,-0.084,-0.260,0.004,0.057,0.028,0.057,0.038,0.050,-0.117,-0.318,-0.225,-0.091,-0.115,-0.135,0.051,-0.007,-0.000,-0.013,-0.009,-0.065,0.047,-0.033,0.002,0.005,-0.043,-0.018,-0.001,-0.057,0.043,0.033,0.078,0.058,0.073,0.004,0.029,0.047,0.086,-0.041,-0.076,-0.015,0.040,0.009,0.008,-0.019,-0.063,0.004,0.076,0.020,-0.005,0.036,-0.039,-0.040,-0.032,0.004,-0.042,-0.035
10.700,11.067,10.905,9.906,9.436,8.368,8.944,9.015,10.084,10.848,9.993,10.339,10.483,10.161,10.301,8.952,9.159,8.871,8.804,8.750,8.164,7.981,9.569,9.398,9.002,8.813,10.231,10.137,9.955,10.836,10.566,9.396,9.620,9.627,9.122,9.423,10.045,9.474,9.008,9.226,23.864,-0.056,-0.063,-0.036,-0.101,-0.292,-0.285,-0.192,-0.214,-0.264,-0.129,-0.024,-0.205,-0.300,0.029,0.075,0.023,-0.036,-0.007,-0.432,-0.301,-0.294,-0.065,-0.243,-0.365,-0.694,-0.355,-0.162,-0.282,-0.084,-0.087,-0.029,0.079,-0.064,-0.097,-0.100,-0.316,-0.297,-0.214,-0.206,-0.262,-0.045,-0.058,-0.100,-0.094,-0.039,-0.094,0.027,-0.099,-0.043,-0.024,-0.126,-0.123,-0.055,-0.125,-0.090,-0.077,0.095,0.058,0.020,0.001,0.025,0.053,-0.005,-0.160,-0.101,0.056,-0.006,-0.093,-0.046,-0.119,-0.160,-0.104,-0.047,-0.100,-0.171,-0.063,-0.043,-0.095,-0.103,-0.025,-0.070,-0.102
9.784,10.877,11.258,10.390,8.902,8.035,8.211,8.480,9.971,10.708,9.208,9.383,9.943,10.175,9.886,8.387,8.877,8.838,7.773,8.168,7.342,7.829,8.925,9.062,7.780,8.185,9.399,9.321,9.553,10.598,10.528,9.377,9.016,8.925,8.700,9.298,9.842,9.289,8.667,8.504,23.973,0.024,0.037,-0.120,-0.214,-0.313,0.008,-0.232,-0.076,-0.116,-0.250,-0.095,-0.055,-0.186,0.036,0.196,0.344,0.289,0.224,-0.138,-0.104,0.001,-0.022,-0.274,-0.230,-0.158,-0.076,-0.031,-0.105,-0.107,-0.083,0.045,0.194,0.050,-0.199,-0.052,-0.013,-0.036,-0.060,-0.013,-0.108,-0.167,-0.047,-0.111,-0.173,-0.135,-0.040,0.004,-0.088,-0.022,-0.054,-0.200,-0.144,-0.030,-0.092,-0.162,-0.112,0.081,0.006,-0.049,0.080,0.052,0.094,-0.072,-0.105,-0.065,0.135,0.002,-0.138,-0.057,-0.138,-0.155,-0.153,-0.107,-0.093,-0.126,-0.059,-0.011,-0.081,-0.073,-0.013,-0.012,-0.172
9.856,9.981,10.598,10.007,7.942,7.053,7.838,7.766,8.900,9.909,9.230,9.170,8.809,9.157,9.135,9.139,9.313,8.720,7.383,7.774,7.199,7.567,7.578,7.997,7.706,7.871,8.891,8.867,8.928,9.534,9.850,9.141,8.565,7.986,8.224,8.553,8.910,8.524,7.984,7.753,23.263,-0.195,-0.267,-0.344,-0.232,-0.242,-0.039,-0.391,-0.211,-0.197,-0.462,-0.382,-0.256,-0.442,-0.343,-0.236,0.169,0.016,-0.090,-0.256,-0.197,-0.104,-0.267,-0.576,-0.479,-0.191,-0.350,-0.495,-0.466,-0.445,-0.449,-0.358,-0.156,-0.270,-0.540,-0.338,-0.351,-0.498,-0.395,-0.182,-0.309,-0.354,-0.072,-0.070,-0.139,-0.157,-0.023,-0.037,-0.086,-0.073,-0.045,-0.140,-0.164,-0.089,-0.066,-0.176,-0.157,-0.114,-0.187,-0.181,0.028,-0.039,0.000,-0.103,-0.012,-0.032,0.059,-0.027,-0.145,-0.087,-0.132,-0.147,-0.191,-0.175,-0.099,-0.032,-0.052,-0.029,-0.073,-0.041,-0.008,0.024,-0.147
10.330,10.443,10.202,9.109,7.717,7.874,7.482,8.285,9.430,9.842,9.263,9.795,9.239,9.882,10.277,10.140,9.790,9.434,8.273,8.529,8.275,7.993,8.221,8.539,8.638,8.382,9.385,9.082,9.111,9.708,10.009,9.580,9.104,7.889,8.438,8.905,9.270,8.512,8.683,8.430,22.885,-0.273,-0.414,-0.607,-0.655,-0.339,-0.264,-0.480,-0.274,-0.438,-0.791,-0.521,-0.294,-0.480,-0.540,-0.309,0.057,-0.289,-0.337,-0.107,-0.133,-0.026,-0.419,-0.396,-0.483,-0.233,-0.405,-0.610,-0.455,-0.508,-0.538,-0.574,-0.359,-0.324,-0.356,-0.292,-0.357,-0.531,-0.365,-0.190,-0.170,-0.656,-0.046,-0.042,-0.084,-0.097,-0.068,-0.164,-0.128,-0.139,-0.083,-0.056,-0.150,-0.159,-0.087,-0.168,-0.224,-0.303,-0.299,-0.243,-0.066,-0.140,-0.139,-0.079,0.022,-0.026,-0.072,-0.050,-0.110,-0.098,-0.092,-0.128,-0.182,-0.193,-0.112,0.057,-0.019,-0.044,-0.056,-0.013,-0.041,0.012,-0.067
9.451,9.947,9.711,9.388,8.819,8.254,7.354,8.058,9.370,8.973,8.057,8.854,8.626,8.594,8.926,8.921,8.783,8.122,7.275,7.584,7.177,6.566,7.042,7.263,7.617,6.964,7.764,7.926,7.953,9.035,9.034,8.517,8.228,7.447,7.565,7.865,7.840,7.889,8.088,7.717,22.636,-0.267,-0.188,-0.488,-0.664,-0.394,-0.335,-0.497,-0.479,-0.330,-0.561,-0.630,-0.534,-0.486,-0.562,-0.457,-0.402,-0.682,-0.629,-0.306,-0.480,-0.277,-0.382,-0.241,-0.401,-0.361,-0.328,-0.596,-0.544,-0.545,-0.594,-0.673,-0.520,-0.373,-0.178,-0.242,-0.288,-0.412,-0.265,-0.158,-0.113,-0.535,0.039,0.033,-0.006,-0.042,-0.133,-0.163,-0.077,-0.119,-0.078,0.049,-0.050,-0.102,-0.024,-0.055,-0.106,-0.259,-0.169,-0.112,-0.047,-0.090,-0.114,0.058,0.083,0.079,-0.008,0.078,0.079,0.021,0.032,-0.012,-0.026,-0.058,-0.005,0.138,0.066,0.050,0.097,0.088,0.014,0.057,0.043
8.622,8.824,8.668,7.424,6.770,6.116,6.054,6.966,7.547,7.222,7.188,8.074,7.636,7.754,8.444,8.783,7.696,7.453,7.291,7.596,7.223,6.234,7.212,7.015,6.660,6.613,6.914,7.518,7.502,8.158,8.066,7.893,7.563,7.414,7.568,7.859,7.721,7.781,7.664,7.671,21.007,-0.172,-0.211,-0.466,-0.483,-0.578,-0.665,-0.818,-0.636,-0.467,-0.482,-0.720,-0.712,-0.600,-0.693,-0.815,-0.887,-0.859,-0.719,-0.444,-0.661,-0.607,-0.360,-0.333,-0.398,-0.432,-0.335,-0.530,-0.555,-0.517,-0.650,-0.706,-0.588,-0.457,-0.094,-0.197,-0.267,-0.360,-0.188,-0.232,-0.148,-0.410,0.098,0.077,0.059,0.082,-0.036,-0.031,0.044,-0.027,-0.004,0.140,0.018,-0.028,0.020,0.033,-0.033,-0.138,0.017,0.004,-0.061,-0.009,-0.038,0.140,0.042,0.119,0.074,0.120,0.161,0.074,0.097,0.070,0.105,0.066,0.070,0.093,0.071,0.074,0.130,0.085,0.041,0.041,0.157
9.377,9.848,8.927,7.532,6.447,6.259,6.067,6.029,8.193,8.414,7.116,7.362,7.181,7.412,7.767,7.806,6.948,6.567,6.346,5.840,6.338,6.537,6.879,6.755,6.889,7.117,7.146,6.927,7.007,7.337,7.457,7.385,7.472,7.332,7.448,7.635,7.622,7.563,7.703,7.566,21.525,-0.051,-0.203,-0.445,-0.526,-0.788,-0.652,-0.606,-0.626,-0.572,-0.372,-0.530,-0.555,-0.501,-0.543,-0.511,-0.655,-0.545,-0.459,-0.321,-0.383,-0.382,-0.008,-0.192,-0.126,-0.132,0.006,-0.137,-0.313,-0.278,-0.454,-0.424,-0.330,-0.231,0.021,-0.055,-0.147,-0.096,-0.043,-0.092,-0.033,-0.262,0.078,0.031,0.051,0.072,0.053,0.098,0.159,0.089,0.007,0.070,0.068,0.049,0.047,0.071,0.057,0.050,0.164,0.101,0.034,0.172,0.112,0.120,0.047,0.126,0.109,0.090,0.154,0.151,0.153,0.137,0.174,0.145,0.121,0.046,0.067,0.072,0.100,0.052,0.034,0.039,0.124
9.506,9.438,8.262,7.620,6.012,5.546,4.033,6.120,7.684,7.713,6.132,6.981,6.963,7.010,6.781,6.262,6.414,6.615,6.518,6.094,5.660,6.208,6.638,6.803,6.843,6.628,7.044,6.808,7.001,7.307,7.267,7.205,7.197,7.474,7.513,7.686,7.580,7.735,7.717,7.763,21.392,0.112,-0.023,-0.335,-0.315,-0.322,-0.258,-0.205,-0.334,-0.336,-0.188,-0.482,-0.425,-0.371,-0.384,-0.449,-0.505,-0.271,-0.403,-0.403,-0.225,-0.165,0.092,-0.210,-0.023,0.021,0.029,-0.033,-0.201,-0.157,-0.258,-0.171,-0.122,-0.045,0.009,-0.032,-0.060,-0.037,-0.051,-0.017,-0.007,-0.006,-0.037,0.009,0.057,0.016,0.158,0.230,0.297,0.174,0.083,0.055,0.160,0.119,0.093,0.117,0.145,0.209,0.205,0.144,0.089,0.194,0.198,0.089,0.121,0.148,0.145,0.119,0.191,0.260,0.237,0.253,0.260,0.212,0.161,0.025,0.083,0.109,0.109,0.024,0.047,0.058,0.041
8.753,8.625,7.691,6.661,5.260,5.279,5.334,5.350,6.439,6.869,5.933,6.625,6.456,6.250,7.201,6.908,6.698,6.246,6.059,6.418,6.049,6.538,6.371,6.737,6.864,6.988,7.013,6.716,6.812,7.190,7.311,7.210,7.257,7.524,7.320,7.217,7.428,7.698,7.600,7.508,21.133,-0.018,-0.128,-0.299,-0.389,-0.258,-0.050,-0.009,-0.185,-0.360,-0.360,-0.409,-0.434,-0.365,-0.362,-0.354,-0.346,-0.155,-0.279,-0.157,0.163,0.064,-0.008,-0.069,0.044,-0.044,-0.061,-0.077,0.032,0.041,-0.108,-0.069,-0.028,0.027,0.000,0.008,-0.034,-0.076,-0.071,-0.095,0.010,-0.115,-0.117,-0.042,0.078,0.095,0.235,0.252,0.280,0.264,0.176,0.096,0.262,0.193,0.169,0.150,0.132,0.224,0.185,0.187,0.147,0.132,0.142,0.068,0.203,0.180,0.181,0.147,0.259,0.365,0.321,0.370,0.327,0.258,0.180,0.069,0.145,0.188,0.159,0.056,0.087,0.113,-0.115
9.492,9.323,7.614,6.284,5.753,5.316,5.397,5.635,6.745,7.054,5.369,6.317,6.141,6.416,6.481,6.709,6.466,5.597,5.418,6.182,6.540,6.691,6.417,6.911,6.778,6.821,6.815,6.621,6.813,6.942,7.282,7.372,7.445,7.366,7.473,7.770,7.633,7.461,7.630,7.666,21.174,-0.373,-0.202,-0.254,-0.471,-0.055,0.186,0.366,0.016,-0.160,-0.215,0.020,-0.177,-0.204,-0.197,-0.170,0.003,-0.027,-0.088,-0.083,0.035,0.161,0.087,0.209,0.257,0.249,0.293,0.397,0.574,0.511,0.442,0.414,0.322,0.221,0.040,0.185,0.219,0.177,-0.053,0.006,0.121,-0.276,-0.179,-0.104,0.049,0.101,0.153,0.152,0.187,0.224,0.112,0.065,0.297,0.208,0.174,0.099,0.129,0.184,0.132,0.189,0.177,0.070,0.042,0.070,0.191,0.163,0.172,0.158,0.267,0.326,0.266,0.347,0.271,0.207,0.130,0.105,0.176,0.180,0.162,0.085,0.092,0.094,-0.240
9.292,9.266,7.757,6.256,5.289,6.123,5.338,5.348,6.863,6.945,5.454,5.525,5.768,5.898,6.149,5.855,6.146,5.679,6.111,6.612,6.216,6.256,6.644,6.919,6.703,6.715,6.876,7.181,7.305,6.981,7.106,7.161,7.482,7.386,7.507,7.424,7.217,7.343,7.271,7.664,21.059,-0.393,-0.321,-0.093,0.028,0.255,0.387,0.509,0.520,0.218,0.121,0.527,0.285,0.260,0.113,0.010,0.214,0.260,0.319,0.255,0.145,0.167,0.336,0.614,0.634,0.659,0.608,0.944,1.122,0.993,1.047,0.916,0.737,0.535,0.352,0.562,0.653,0.591,0.241,0.333,0.466,-0.700,-0.086,-0.053,0.039,0.168,0.173,0.091,0.129,0.196,0.119,0.126,0.253,0.237,0.208,0.153,0.156,0.151,0.100,0.121,0.093,-0.019,-0.011,0.062,0.030,0.036,0.063,0.054,0.108,0.072,0.045,0.131,0.091,0.082,0.059,0.095,0.106,0.087,0.082,0.089,0.081,0.035,-0.123
7.370,8.108,6.960,5.470,5.722,6.055,5.860,6.200,6.675,6.602,6.470,6.646,6.286,6.203,6.454,6.801,6.557,6.460,6.075,6.172,6.380,6.785,7.546,7.999,8.166,8.228,9.098,9.446,9.310,9.622,9.437,8.838,8.189,7.743,8.345,8.678,8.568,7.648,7.912,8.289,20.049,-0.596,-0.448,-0.192,-0.018,0.189,0.286,0.470,0.433,-0.063,-0.106,0.533,0.255,0.184,-0.125,0.013,0.137,0.182,0.242,0.274,0.132,-0.007,0.269,0.405,0.496,0.528,0.486,0.790,0.885,0.695,0.898,0.691,0.531,0.349,0.360,0.569,0.495,0.440,0.218,0.230,0.235,-0.914,0.072,0.057,0.101,0.248,0.186,0.111,0.095,0.164,0.196,0.248,0.209,0.252,0.268,0.272,0.224,0.116,0.087,0.076,0.092,0.038,0.010,-0.005,-0.142,-0.154,-0.130,-0.104,-0.138,-0.182,-0.174,-0.179,-0.142,-0.055,0.028,0.111,0.036,-0.027,-0.030,0.121,0.078,0.016,0.151
7.852,7.627,7.554,7.210,6.551,6.843,7.645,7.668,7.562,7.699,8.017,7.884,7.682,6.924,7.264,7.929,7.951,7.411,7.004,7.146,6.964,8.169,8.875,9.361,9.463,9.322,10.592,10.916,10.529,11.086,10.815,10.163,9.561,9.094,9.696,10.027,9.915,8.808,9.122,9.528,18.197,-0.337,-0.269,-0.137,0.225,0.484,0.354,0.585,0.586,0.189,0.217,0.597,0.533,0.484,0.366,0.334,0.340,0.239,0.161,0.130,0.021,0.095,0.212,-0.016,0.105,0.133,0.112,0.265,0.235,0.175,0.321,0.249,0.275,0.257,0.313,0.346,0.264,0.203,0.237,0.196,0.129,-0.411,0.158,0.161,0.104,0.154,0.141,0.115,0.056,0.081,0.247,0.299,0.171,0.208,0.241,0.331,0.224,0.095,0.037,0.052,0.083,0.080,0.109,-0.049,-0.186,-0.246,-0.224,-0.161,-0.262,-0.270,-0.252,-0.322,-0.232,-0.107,0.018,0.064,-0.037,-0.095,-0.080,0.086,0.041,-0.013,0.449
7.233,7.904,6.754,5.720,6.065,6.384,6.591,6.640,6.080,6.148,6.751,6.414,6.105,5.277,5.986,6.357,6.471,5.940,6.343,6.574,6.131,7.077,7.326,8.168,8.041,7.948,8.905,9.177,8.677,9.381,8.882,8.528,8.150,8.311,9.224,8.945,8.485,7.817,7.852,7.909,18.036,-0.041,0.059,0.273,0.669,0.762,0.759,0.801,0.802,0.836,0.977,1.028,0.960,1.024,1.036,0.788,0.520,0.419,0.369,0.440,0.286,0.245,0.125,-0.184,-0.251,-0.137,0.022,0.046,0.108,0.049,-0.088,0.036,0.278,0.501,0.616,0.473,0.280,0.221,0.552,0.465,0.367,0.337,0.242,0.226,0.197,0.192,0.128,0.098,0.061,0.101,0.322,0.326,0.136,0.167,0.239,0.353,0.215,0.145,0.118,0.175,0.143,0.185,0.241,0.051,0.026,-0.060,-0.042,-0.028,-0.108,-0.091,-0.048,-0.149,-0.074,0.008,0.095,0.081,0.015,0.034,0.064,0.121,0.111,0.085,0.465
7.677,8.025,7.178,7.258,7.536,7.729,7.897,8.058,8.103,8.259,8.299,8.306,8.276,8.192,8.053,7.776,7.386,6.745,6.625,6.518,6.815,7.169,6.673,7.361,7.430,7.414,8.297,8.489,8.498,8.709,8.627,8.693,8.786,8.667,8.796,8.610,8.271,8.443,8.283,8.499,20.010,0.118,0.231,0.195,0.456,0.675,0.723,0.622,0.741,1.002,1.076,1.133,0.970,1.043,1.187,0.742,0.496,0.327,0.516,0.588,0.468,0.584,0.164,-0.024,-0.221,-0.130,0.032,0.007,0.159,0.059,-0.067,0.085,0.328,0.548,0.545,0.425,0.284,0.302,0.504,0.421,0.334,0.922,0.164,0.172,0.137,0.002,-0.096,-0.126,-0.085,-0.075,0.031,-0.026,-0.136,-0.137,-0.066,-0.019,-0.044,-0.002,0.043,0.086,0.035,0.141,0.148,0.043,0.150,0.102,0.090,0.055,0.021,0.035,0.044,0.035,0.019,-0.009,-0.022,-0.059,-0.017,0.041,0.077,-0.011,0.008,0.003,0.164
7.253,8.205,8.516,8.789,9.042,9.408,9.738,10.014,10.586,11.206,11.470,11.233,11.109,10.747,10.002,9.480,8.936,8.638,8.464,7.918,7.679,7.907,7.727,7.744,8.499,9.295,10.476,11.198,10.570,10.369,10.712,10.965,11.082,11.038,11.161,10.788,10.497,10.590,10.657,10.640,20.827,0.386,0.434,0.628,0.829,0.733,0.591,0.754,0.859,1.140,1.095,0.945,0.874,1.100,1.231,0.884,0.785,0.729,0.938,0.760,0.835,0.956,0.548,0.537,0.360,0.452,0.388,0.377,0.468,0.515,0.346,0.400,0.547,0.677,0.650,0.606,0.655,0.711,0.690,0.673,0.559,0.745,0.035,0.037,-0.052,-0.243,-0.362,-0.396,-0.282,-0.298,-0.378,-0.441,-0.471,-0.465,-0.450,-0.431,-0.309,-0.195,-0.140,-0.149,-0.247,-0.141,-0.124,-0.067,0.029,0.064,0.039,-0.037,-0.050,-0.114,-0.065,0.036,-0.060,-0.161,-0.255,-0.287,-0.190,-0.099,-0.087,-0.248,-0.212,-0.176,-0.212
8.433,8.631,7.650,7.955,8.436,8.947,9.180,9.684,10.319,10.551,11.324,10.325,10.393,10.123,8.965,8.850,8.352,8.643,8.882,8.816,9.110,8.575,8.556,8.469,8.582,8.809,9.843,10.698,9.875,10.255,10.324,10.583,10.832,10.455,10.852,10.524,10.421,9.942,9.824,9.834,21.409,0.269,0.403,0.369,0.155,0.017,-0.191,0.182,0.184,0.192,0.028,-0.039,-0.109,0.115,0.171,0.064,0.196,0.300,0.308,0.144,0.453,0.481,0.214,0.374,0.309,0.289,0.205,0.202,0.231,0.160,0.281,0.163,0.098,0.060,0.003,0.194,0.281,0.341,0.113,0.134,0.048,0.204,-0.128,-0.114,-0.164,-0.329,-0.432,-0.440,-0.364,-0.407,-0.522,-0.513,-0.539,-0.487,-0.568,-0.588,-0.378,-0.307,-0.280,-0.344,-0.404,-0.367,-0.401,-0.213,-0.167,-0.092,-0.089,-0.110,-0.127,-0.228,-0.144,-0.034,-0.136,-0.219,-0.307,-0.306,-0.246,-0.192,-0.210,-0.294,-0.269,-0.189,-0.456
8.786,9.770,9.660,9.517,9.279,8.733,9.720,10.122,10.674,10.477,9.963,9.771,10.545,10.467,9.950,9.746,9.634,9.680,9.013,9.597,9.763,9.113,9.072,9.413,9.727,9.191,10.015,10.414,10.564,10.337,10.035,10.318,10.510,10.667,11.223,11.261,10.968,10.518,10.447,10.035,21.060,0.057,0.156,-0.073,-0.394,-0.719,-0.761,-0.390,-0.410,-0.647,-0.702,-0.742,-0.827,-0.761,-0.611,-0.416,-0.305,-0.266,-0.270,-0.571,-0.411,-0.325,-0.233,-0.240,-0.195,-0.150,-0.251,-0.301,-0.500,-0.327,-0.081,-0.302,-0.410,-0.529,-0.546,-0.363,-0.214,-0.232,-0.490,-0.450,-0.370,-0.362,-0.222,-0.243,-0.323,-0.401,-0.384,-0.313,-0.381,-0.400,-0.453,-0.386,-0.358,-0.325,-0.485,-0.560,-0.384,-0.383,-0.400,-0.432,-0.360,-0.427,-0.474,-0.272,-0.255,-0.231,-0.260,-0.199,-0.159,-0.204,-0.155,-0.104,-0.136,-0.139,-0.183,-0.196,-0.198,-0.229,-0.263,-0.256,-0.231,-0.115,-0.434
8.254,9.259,8.451,7.669,7.502,7.112,8.814,8.926,9.021,8.765,8.857,8.490,9.133,9.189,8.399,8.625,8.537,7.763,7.068,7.942,8.177,7.635,7.872,8.071,8.259,8.491,9.539,10.035,9.300,10.127,9.779,9.504,9.374,8.869,9.735,9.779,9.742,9.044,9.058,9.039,20.914,-0.360,-0.202,-0.276,-0.577,-0.758,-0.802,-0.624,-0.659,-0.716,-0.591,-0.721,-0.617,-0.867,-0.830,-0.497,-0.494,-0.577,-0.598,-0.769,-0.742,-0.780,-0.513,-0.469,-0.403,-0.276,-0.200,-0.291,-0.498,-0.238,-0.024,-0.246,-0.288,-0.387,-0.388,-0.319,-0.242,-0.276,-0.374,-0.364,-0.146,-0.803,-0.141,-0.246,-0.200,-0.134,-0.097,-0.054,-0.210,-0.172,-0.113,-0.049,-0.030,-0.021,-0.124,-0.232,-0.157,-0.201,-0.236,-0.193,-0.049,-0.173,-0.198,-0.094,-0.084,-0.098,-0.147,-0.112,-0.042,-0.017,0.020,-0.065,-0.011,0.063,0.073,0.098,0.023,-0.047,-0.091,-0.020,0.014,0.087,-0.241
7.627,8.671,7.751,6.961,5.913,6.520,7.971,8.340,8.001,8.589,8.993,8.016,7.934,8.160,8.203,8.065,7.516,7.731,6.514,6.302,6.522,7.211,6.867,6.967,7.908,8.199,9.121,9.030,9.223,10.027,9.473,9.453,9.169,9.099,9.903,10.090,9.675,8.589,8.792,9.189,19.265,-0.412,-0.480,-0.663,-0.809,-0.798,-0.667,-0.747,-0.719,-0.671,-0.525,-0.506,-0.499,-0.835,-1.070,-0.754,-0.786,-0.830,-0.767,-0.585,-0.702,-0.782,-0.449,-0.314,-0.439,-0.564,-0.404,-0.172,-0.186,-0.063,-0.020,-0.074,0.047,-0.014,-0.133,-0.127,-0.227,-0.294,-0.346,-0.231,0.081,-0.922,-0.016,-0.183,-0.065,0.072,0.152,0.115,-0.033,0.013,0.100,0.100,0.102,0.110,0.157,0.045,-0.015,-0.043,0.003,0.035,0.195,0.129,0.096,0.044,0.107,0.090,0.020,0.012,0.079,0.180,0.081,-0.015,0.075,0.119,0.180,0.192,0.114,0.067,0.066,0.121,0.171,0.152,0.036
7.215,8.172,7.223,6.348,6.329,6.043,6.933,7.281,8.078,8.538,8.206,8.120,7.364,7.127,7.355,7.218,6.524,6.628,6.287,6.756,6.829,6.961,7.313,7.677,8.110,8.305,8.835,8.903,9.355,10.289,9.376,9.577,9.568,9.300,9.915,9.899,9.689,9.037,8.832,9.528,18.292,-0.202,-0.510,-0.337,-0.309,-0.427,-0.509,-0.691,-0.519,-0.360,-0.303,-0.307,-0.379,-0.467,-0.758,-0.554,-0.567,-0.597,-0.408,-0.095,-0.265,-0.281,-0.150,-0.008,-0.058,-0.241,-0.278,-0.074,-0.008,0.128,-0.074,-0.005,0.185,0.171,0.286,0.190,0.055,-0.084,-0.059,0.096,0.258,-0.722,0.113,-0.053,0.056,0.178,0.168,0.153,0.079,0.104,0.113,0.067,0.097,0.061,0.218,0.214,0.076,0.083,0.170,0.190,0.225,0.204,0.188,0.091,0.101,0.112,0.093,0.038,0.062,0.143,-0.017,-0.057,0.021,0.024,0.071,0.074,0.049,0.055,0.079,0.078,0.115,0.032,0.244
7.247,7.911,6.957,6.131,5.877,5.933,6.923,7.349,7.788,7.965,7.760,7.463,7.253,6.149,6.701,6.518,6.490,6.410,6.481,6.681,6.526,7.203,7.781,7.412,6.982,7.266,9.509,10.049,10.223,10.157,9.866,10.516,10.344,9.786,10.495,10.064,9.526,8.792,9.405,10.196,17.761,-0.100,-0.606,-0.368,-0.166,-0.124,-0.331,-0.523,-0.415,-0.327,-0.344,-0.437,-0.394,-0.175,-0.424,-0.463,-0.483,-0.239,-0.190,0.068,-0.003,-0.095,-0.196,0.066,0.081,-0.067,-0.152,-0.015,0.153,-0.107,-0.133,-0.048,-0.053,0.094,0.079,-0.047,-0.030,0.002,-0.044,0.175,0.190,-0.221,0.114,0.046,0.113,0.190,0.146,0.110,0.125,0.083,0.061,0.022,0.053,0.057,0.161,0.274,0.156,0.196,0.232,0.206,0.123,0.141,0.148,0.071,0.021,0.071,0.162,0.100,0.010,0.038,-0.081,-0.042,-0.023,-0.055,-0.043,-0.031,0.007,0.040,0.073,0.073,0.018,-0.072,0.299
7.436,7.088,7.163,6.537,5.386,4.858,5.883,6.827,7.328,7.562,7.936,6.870,7.140,6.406,6.380,6.563,6.067,6.384,6.610,6.430,6.771,6.887,7.375,7.556,7.516,7.569,8.977,9.484,9.443,9.695,9.556,9.897,9.639,9.958,10.388,10.070,9.395,8.647,9.232,9.827,18.057,0.048,-0.404,-0.143,-0.011,-0.254,-0.208,-0.340,-0.289,-0.325,-0.346,-0.270,-0.365,-0.105,-0.081,-0.261,-0.231,-0.022,0.061,0.030,-0.070,-0.186,-0.186,-0.153,-0.103,-0.058,-0.135,-0.058,0.049,-0.300,-0.251,-0.152,-0.118,-0.086,-0.126,-0.113,-0.065,-0.028,-0.133,0.009,-0.040,0.068,0.066,0.118,0.047,0.059,0.056,0.106,0.147,0.056,-0.001,-0.034,-0.013,0.033,0.039,0.174,0.128,0.162,0.173,0.081,-0.000,0.026,0.045,0.060,-0.017,-0.037,0.057,0.066,-0.013,-0.022,-0.058,-0.038,-0.036,-0.058,-0.073,-0.093,-0.012,-0.003,0.012,0.044,-0.068,-0.100,0.209
7.017,6.186,5.940,6.035,5.765,5.459,5.882,6.491,6.741,7.355,6.941,6.672,7.170,6.400,6.377,5.979,6.548,6.902,6.692,6.451,6.077,6.266,7.168,7.435,7.872,7.808,8.976,9.506,8.645,9.657,9.143,9.027,9.602,9.163,9.433,9.854,9.831,8.562,9.467,9.989,18.277,0.034,-0.304,-0.194,-0.010,-0.155,-0.266,-0.300,-0.417,-0.386,-0.394,-0.262,-0.220,-0.210,-0.038,-0.120,0.024,0.041,0.028,-0.032,-0.095,-0.089,-0.076,-0.139,-0.060,0.153,0.025,-0.131,-0.022,-0.255,-0.142,-0.114,-0.075,-0.102,-0.080,0.057,0.035,0.041,0.058,-0.098,-0.128,0.176,0.050,0.137,0.033,-0.021,-0.027,0.063,0.104,0.048,0.022,-0.021,0.015,0.053,-0.032,0.075,0.101,0.133,0.065,-0.025,-0.042,-0.030,0.044,0.080,0.001,-0.055,-0.024,0.021,-0.029,-0.061,0.038,-0.028,-0.018,-0.029,-0.072,-0.038,0.014,0.008,-0.035,0.048,-0.074,-0.064,0.083
7.571,7.015,7.015,6.341,5.117,5.242,5.755,6.266,6.975,7.114,7.266,6.689,6.880,6.595,6.210,6.331,6.384,6.687,6.332,6.520,6.123,6.500,6.853,7.153,7.376,7.361,8.810,9.417,8.643,9.283,8.977,9.730,9.508,8.983,9.882,9.678,9.397,8.486,8.844,9.431,18.372,0.061,-0.070,-0.187,-0.091,-0.132,-0.013,-0.068,-0.240,-0.337,-0.448,-0.463,-0.301,-0.255,-0.080,-0.087,-0.011,0.128,-0.112,-0.046,-0.088,-0.058,0.088,0.009,-0.175,-0.067,-0.035,-0.083,-0.033,-0.086,-0.261,-0.152,-0.095,-0.094,-0.099,0.076,0.007,-0.046,0.108,-0.108,-0.081,0.123,0.018,0.096,0.002,-0.057,0.050,0.095,0.095,0.091,0.065,0.024,0.012,0.064,-0.037,0.001,0.049,0.034,0.010,-0.060,-0.022,-0.005,0.074,0.054,0.046,0.005,-0.046,0.009,-0.037,-0.079,0.049,-0.019,-0.004,-0.077,-0.060,-0.032,-0.055,-0.025,-0.041,0.015,-0.001,0.005,0.026
7.349,6.430,6.061,6.177,5.237,4.409,5.486,5.545,6.036,6.217,6.787,6.454,6.331,5.864,6.187,6.756,6.537,6.400,6.461,6.161,6.404,7.014,7.347,7.314,7.818,7.497,8.939,9.970,9.346,9.655,9.584,10.225,9.898,9.874,11.035,10.435,9.733,9.160,9.109,9.754,18.484,0.141,-0.087,-0.181,-0.231,-0.318,-0.113,-0.140,-0.201,-0.211,-0.398,-0.266,-0.162,-0.259,-0.052,-0.046,0.074,0.012,-0.230,-0.105,-0.145,0.061,0.069,-0.012,-0.156,-0.184,-0.095,-0.147,-0.111,-0.023,-0.266,-0.140,-0.207,-0.262,-0.125,-0.069,-0.028,-0.164,0.076,-0.135,-0.108,0.168,0.015,0.108,0.085,-0.009,0.119,0.170,0.164,0.203,0.161,0.133,0.086,0.070,0.017,0.034,0.032,-0.042,-0.033,-0.023,-0.004,0.039,0.055,0.001,0.021,0.028,-0.069,-0.018,-0.026,-0.093,-0.003,-0.041,-0.025,-0.112,-0.066,-0.076,-0.133,-0.077,-0.042,-0.074,0.032,0.015,0.010
7.573,6.618,6.168,6.012,4.991,5.319,5.742,6.100,5.996,5.893,5.699,5.473,6.287,6.275,6.042,6.122,6.710,6.077,6.495,6.132,6.315,6.952,7.332,6.742,7.207,7.548,8.582,9.089,8.663,8.390,8.574,8.821,9.021,9.106,9.968,9.814,9.216,8.887,8.870,9.542,18.569,0.086,-0.031,-0.142,-0.188,0.075,0.193,0.057,0.057,-0.088,-0.224,-0.206,-0.074,-0.267,-0.071,-0.055,-0.087,0.043,-0.111,-0.042,-0.071,0.108,0.013,0.012,-0.030,-0.121,-0.030,-0.237,-0.303,-0.169,-0.285,-0.158,-0.439,-0.308,-0.262,-0.325,-0.159,-0.130,-0.067,0.022,-0.023,0.201,0.004,0.089,0.126,0.077,0.198,0.134,0.144,0.184,0.151,0.158,0.156,0.107,0.072,0.039,0.047,-0.025,-0.063,0.043,0.009,0.075,0.026,-0.021,-0.001,0.082,0.023,-0.008,0.027,-0.015,0.005,0.043,0.023,-0.010,0.010,-0.014,-0.024,-0.019,0.028,-0.076,0.051,0.021,0.013
7.723,5.949,5.461,5.046,4.240,4.855,5.191,5.568,6.174,5.974,6.395,6.470,6.173,6.301,6.231,6.453,6.445,6.057,6.084,5.920,6.286,6.383,6.870,6.860,7.039,7.239,8.353,9.114,8.522,8.773,8.644,8.446,8.534,8.474,9.045,9.648,9.100,8.741,8.779,9.394,19.019,0.097,0.216,0.206,-0.007,0.335,0.482,0.456,0.447,0.296,0.156,0.038,0.017,-0.119,0.128,0.026,-0.145,-0.084,-0.089,-0.053,0.093,0.100,-0.034,-0.035,0.005,-0.164,-0.068,-0.185,-0.352,-0.226,-0.335,-0.239,-0.465,-0.325,-0.380,-0.410,-0.265,-0.125,-0.225,-0.002,-0.081,0.187,-0.009,0.108,0.155,0.185,0.234,0.113,0.140,0.143,0.099,0.132,0.100,0.064,0.115,0.003,0.029,-0.001,-0.036,0.078,0.029,0.084,-0.020,0.005,0.001,0.069,0.071,0.011,0.087,0.062,0.039,0.091,0.055,0.106,0.079,0.042,0.110,0.047,0.069,-0.042,0.083,0.071,-0.016
7.812,7.100,6.607,5.967,5.991,5.986,6.185,6.541,6.468,6.118,6.430,6.309,5.624,6.021,5.912,6.048,6.646,6.304,6.309,6.286,6.721,6.880,7.151,7.231,7.161,7.339,7.919,8.329,8.208,8.299,8.660,8.423,8.652,8.373,9.253,9.276,9.061,8.362,9.119,9.497,19.109,0.101,0.226,0.251,0.181,0.532,0.359,0.353,0.358,0.162,0.063,0.168,0.142,0.035,0.024,0.114,-0.025,-0.140,0.033,-0.027,0.166,0.052,0.035,0.018,0.156,0.036,-0.091,0.070,0.012,0.040,-0.011,0.013,-0.015,-0.011,-0.043,0.126,0.032,0.073,-0.120,0.082,0.009,0.181,-0.032,0.009,0.064,0.152,0.030,-0.025,0.014,-0.012,0.030,0.087,0.082,0.055,0.133,-0.006,0.019,0.068,-0.020,0.045,0.012,0.017,-0.052,0.013,-0.010,0.024,0.060,0.014,0.120,0.146,0.071,0.131,0.085,0.198,0.084,0.063,0.153,0.104,0.066,0.002,0.042,0.064,-0.054
7.716,7.268,6.874,6.166,6.413,6.485,7.545,7.560,7.282,6.885,6.611,6.123,6.069,6.632,6.382,6.066,6.148,5.842,6.288,6.550,6.703,6.878,7.262,7.094,7.020,7.263,8.343,8.589,8.442,8.027,8.346,8.099,8.457,8.338,9.343,9.377,9.186,8.296,8.973,9.370,19.148,0.086,0.326,0.398,0.511,0.624,0.369,0.413,0.365,0.161,0.120,0.048,0.049,0.165,-0.082,0.014,0.038,-0.075,0.088,0.034,0.156,-0.013,0.085,-0.008,0.098,0.091,-0.008,0.137,0.040,0.068,0.055,0.049,0.108,-0.018,-0.025,0.256,0.113,0.080,-0.105,0.252,0.232,0.100,-0.086,-0.085,-0.023,0.080,-0.128,-0.110,-0.112,-0.150,-0.070,0.017,0.045,0.043,0.059,-0.038,-0.002,0.077,0.048,0.029,0.019,-0.067,-0.047,0.022,-0.015,-0.013,0.033,0.015,0.043,0.105,0.072,0.147,0.093,0.170,0.077,0.062,0.068,0.060,0.026,0.035,-0.016,0.021,-0.120
8.084,7.086,6.718,6.356,6.565,6.299,6.329,6.896,6.251,5.750,6.429,6.355,6.516,6.229,6.537,6.191,6.157,6.349,6.256,6.648,6.367,6.878,7.223,7.403,7.396,7.081,8.935,9.413,8.905,8.706,8.788,8.918,9.007,8.959,10.448,10.111,9.536,8.511,9.185,9.600,19.408,-0.067,-0.042,0.082,0.314,0.083,0.126,0.146,0.041,0.130,0.228,0.198,0.185,0.255,0.003,0.047,0.159,-0.064,0.027,-0.023,-0.018,-0.096,0.019,-0.050,0.044,0.053,0.010,0.204,0.232,0.040,0.176,0.124,0.263,-0.040,-0.126,0.106,0.171,0.097,-0.116,0.103,0.142,-0.026,-0.146,-0.101,-0.036,-0.031,-0.190,-0.099,-0.107,-0.135,-0.060,-0.003,-0.031,-0.032,-0.062,-0.025,-0.031,0.026,0.078,-0.003,-0.003,-0.098,-0.022,-0.007,-0.030,-0.055,-0.037,0.000,-0.080,-0.016,0.041,0.091,0.033,0.016,0.030,0.018,-0.099,-0.051,-0.026,0.047,-0.081,-0.059,-0.210
8.018,7.586,7.394,7.406,7.072,6.543,7.184,7.217,7.089,6.755,6.637,6.690,6.550,5.785,5.991,6.574,6.316,6.476,6.278,6.521,6.397,6.809,6.792,7.266,7.377,7.330,8.528,8.771,8.510,8.842,8.826,8.740,8.266,8.058,9.728,9.796,9.260,8.141,10.003,10.505,19.371,-0.247,-0.077,0.174,0.327,-0.079,0.046,0.001,-0.145,-0.037,0.158,0.249,0.210,0.066,-0.049,0.051,0.149,0.117,0.060,0.039,-0.149,-0.059,0.083,-0.077,-0.002,-0.009,-0.042,-0.038,0.062,0.133,0.305,0.169,0.245,0.074,-0.028,-0.058,-0.036,-0.008,-0.050,-0.092,-0.043,-0.310,-0.116,-0.096,-0.070,-0.127,-0.155,-0.112,-0.130,-0.120,-0.128,-0.096,-0.090,-0.084,-0.132,-0.006,-0.033,-0.041,0.075,0.016,-0.005,-0.043,0.032,-0.020,0.001,-0.051,-0.043,-0.020,-0.107,-0.052,0.037,0.030,-0.002,-0.065,0.061,0.065,-0.092,-0.061,-0.022,0.105,-0.080,-0.101,-0.210
7.326,6.734,6.755,6.918,6.077,6.588,7.096,6.916,7.212,7.322,7.406,6.953,6.661,6.458,6.343,6.588,6.244,6.120,6.197,6.211,6.394,7.008,7.138,7.366,7.248,7.358,8.846,9.399,8.376,8.769,9.039,9.419,8.547,7.884,9.593,9.923,9.509,7.858,9.117,9.641,18.866,-0.463,-0.077,0.181,0.120,-0.066,0.025,0.025,-0.062,-0.041,0.029,-0.088,-0.101,-0.226,-0.118,-0.061,0.052,0.155,0.032,-0.046,-0.172,-0.038,0.002,-0.096,-0.071,-0.099,-0.073,-0.242,-0.078,0.214,0.318,0.116,-0.005,0.091,0.049,-0.212,-0.149,-0.012,0.089,-0.149,-0.148,-0.666,0.002,0.014,-0.028,-0.088,-0.021,-0.046,-0.035,0.007,-0.066,-0.090,-0.112,-0.124,-0.148,-0.040,-0.054,-0.058,0.044,0.038,0.018,0.053,0.037,-0.035,0.019,-0.048,-0.026,0.004,-0.074,-0.082,-0.013,-0.072,-0.064,-0.149,0.031,0.064,-0.037,-0.038,-0.009,0.111,0.018,-0.035,-0.075
6.858,7.060,7.727,7.518,6.262,6.569,7.168,6.827,6.617,6.890,7.370,6.875,6.325,6.273,6.734,6.610,6.687,6.257,6.514,6.026,6.396,7.229,6.918,7.102,7.047,6.917,8.199,8.907,9.372,9.522,9.067,9.075,9.058,8.733,9.480,9.291,9.158,8.372,8.549,9.134,17.871,-0.296,-0.138,-0.004,-0.029,-0.078,-0.138,-0.175,-0.185,-0.394,-0.263,-0.260,-0.226,-0.253,-0.053,-0.098,-0.115,0.193,0.167,0.021,0.020,0.116,-0.007,0.019,-0.096,-0.046,-0.064,-0.176,-0.064,0.165,0.132,0.042,-0.084,0.221,0.213,-0.043,-0.032,0.024,0.318,-0.025,-0.125,-0.630,0.135,0.032,-0.055,-0.072,0.016,0.004,0.017,0.060,0.041,-0.011,-0.024,-0.060,-0.030,-0.014,-0.039,-0.040,-0.035,0.006,0.001,0.084,0.007,-0.043,0.034,-0.014,-0.007,0.031,0.037,-0.021,-0.100,-0.131,-0.071,-0.095,-0.010,0.001,0.016,0.050,0.034,0.033,0.074,0.046,0.160
6.350,6.963,7.456,6.901,6.640,6.413,6.462,6.780,6.283,5.830,5.622,5.756,5.500,5.393,5.858,6.432,6.748,6.617,5.907,6.037,6.179,6.680,6.680,7.128,7.064,6.925,7.892,8.957,9.547,9.956,9.245,8.725,9.067,8.865,9.513,9.616,9.529,8.839,9.169,9.547,16.827,-0.033,0.060,0.032,0.051,-0.020,-0.012,0.059,0.095,-0.024,-0.011,-0.108,-0.215,-0.326,-0.195,-0.146,-0.002,0.116,0.161,0.077,0.163,-0.001,-0.113,-0.005,-0.147,-0.058,0.042,-0.099,-0.116,-0.040,-0.096,-0.133,-0.318,0.040,0.072,-0.088,-0.021,0.038,0.253,0.161,0.007,-0.241,0.211,0.053,-0.014,0.009,0.036,0.012,0.029,0.038,0.093,0.071,0.129,0.067,0.119,0.074,0.044,0.005,-0.063,-0.043,-0.000,0.054,-0.021,0.002,0.038,0.040,0.018,0.035,0.113,0.027,-0.115,-0.119,-0.065,-0.015,-0.054,-0.054,0.030,0.080,0.050,-0.064,0.060,0.093,0.326
7.024,6.782,7.021,7.267,6.399,5.939,6.627,6.357,5.584,6.188,6.230,6.157,5.866,6.053,5.743,6.080,7.028,7.064,6.528,6.708,7.086,6.940,7.114,6.903,7.238,7.226,8.127,8.671,8.750,8.908,8.932,8.669,9.110,8.634,9.551,9.787,9.371,9.243,9.853,9.925,17.239,0.212,0.012,-0.026,0.000,-0.020,0.086,0.069,0.079,0.158,0.126,0.137,-0.033,-0.033,-0.080,-0.102,-0.027,-0.037,0.025,-0.017,0.104,-0.043,-0.074,0.046,-0.032,-0.064,0.055,0.077,-0.021,-0.241,-0.143,-0.064,-0.073,0.047,-0.037,-0.043,0.149,0.138,0.032,0.122,0.110,0.275,0.110,-0.001,0.016,-0.004,0.053,0.011,-0.011,-0.008,0.107,0.059,0.083,0.090,0.161,0.088,0.070,0.036,-0.075,-0.107,-0.040,-0.032,-0.060,0.040,0.017,0.064,0.038,0.026,0.083,0.055,-0.037,-0.013,-0.034,0.029,-0.085,-0.059,0.008,0.045,0.041,-0.118,0.010,0.088,0.264
7.076,7.172,7.269,7.298,5.907,6.845,7.662,7.627,7.611,7.616,7.435,6.239,5.262,5.592,6.110,6.845,6.655,6.522,6.574,6.684,6.046,6.585,7.016,6.732,6.864,7.414,8.388,8.938,8.489,8.598,8.444,8.034,8.724,8.293,9.118,9.571,9.592,8.688,9.270,9.282,17.979,0.338,0.114,0.124,0.151,0.083,-0.027,0.047,-0.003,0.150,0.190,0.359,0.135,0.258,0.265,0.162,0.032,-0.047,-0.114,-0.029,0.059,-0.064,0.047,0.081,0.095,-0.003,0.041,0.195,0.034,-0.158,-0.140,-0.155,-0.083,-0.094,-0.096,-0.061,0.161,0.183,-0.086,0.077,0.199,0.512,-0.020,-0.056,-0.003,-0.038,0.047,-0.013,-0.051,-0.057,-0.025,-0.049,-0.072,0.069,0.137,0.061,0.059,-0.005,-0.041,-0.078,-0.034,-0.044,0.008,0.055,0.002,0.047,0.036,0.004,0.015,0.039,0.031,0.058,0.013,0.063,-0.049,-0.025,0.028,0.006,-0.010,-0.045,-0.019,0.016,0.044
7.557,7.017,7.689,7.320,6.527,6.784,6.914,6.797,6.744,6.627,7.150,6.467,6.277,5.773,6.098,6.270,6.548,6.430,6.094,6.223,6.246,6.909,6.978,7.138,6.828,6.946,8.337,8.809,8.695,9.487,9.150,9.058,9.467,8.834,9.464,10.060,9.816,8.608,9.106,9.816,18.671,0.069,-0.169,0.032,-0.099,0.134,-0.077,-0.223,-0.176,0.056,-0.069,-0.079,0.049,0.262,0.157,0.097,0.048,-0.100,-0.228,-0.125,-0.087,-0.153,0.113,0.061,0.104,0.117,0.065,0.092,0.134,0.039,0.087,-0.116,-0.057,-0.137,0.001,-0.015,0.104,0.158,-0.101,0.065,0.218,0.315,-0.111,-0.046,-0.026,-0.036,0.010,0.008,0.009,0.019,-0.053,-0.069,-0.151,-0.019,-0.020,-0.060,0.017,0.028,0.004,-0.015,0.011,-0.021,0.027,-0.008,-0.036,-0.020,-0.006,0.011,-0.045,-0.003,0.043,0.057,0.035,0.004,-0.032,-0.003,0.057,-0.048,-0.085,0.045,-0.017,-0.059,-0.170
7.773,7.414,7.743,7.630,6.990,5.856,6.555,6.546,6.451,6.561,6.957,6.278,6.586,6.856,6.492,6.496,6.754,6.363,5.978,6.573,6.280,6.932,7.155,7.486,7.256,7.269,8.763,9.058,8.783,8.966,8.359,8.115,8.416,8.287,9.252,10.287,10.221,8.727,9.928,10.595,18.669,-0.061,-0.130,-0.011,-0.090,0.137,0.006,-0.051,-0.060,-0.098,-0.157,-0.362,0.089,0.211,-0.008,0.047,-0.063,-0.056,-0.101,-0.042,0.038,0.092,0.068,-0.001,0.021,0.031,0.057,-0.032,0.003,-0.025,0.079,-0.041,-0.009,-0.114,-0.073,0.037,0.030,-0.020,0.093,0.094,0.033,-0.040,-0.157,-0.021,-0.046,-0.026,-0.034,0.016,0.067,0.082,-0.034,-0.054,-0.115,-0.049,-0.088,-0.143,-0.060,0.019,0.026,0.041,0.050,-0.007,0.024,-0.064,-0.063,-0.054,-0.057,-0.008,-0.077,-0.046,-0.008,0.015,0.065,0.022,0.039,0.019,0.070,-0.037,-0.081,0.074,-0.054,-0.120,-0.251
7.022,5.818,6.943,6.607,6.530,6.048,6.067,6.017,6.442,6.371,6.075,6.383,6.516,6.205,6.039,6.495,6.477,6.001,6.202,6.326,6.203,7.334,7.350,7.048,7.625,7.625,8.401,9.280,8.795,9.159,8.395,8.341,8.580,8.643,9.410,9.948,9.844,8.721,9.849,10.360,18.471,-0.143,-0.098,-0.089,-0.060,0.001,0.109,0.162,0.201,0.019,-0.044,-0.259,-0.106,-0.108,-0.242,0.043,0.159,-0.013,-0.058,0.046,0.010,0.015,-0.125,-0.095,-0.096,-0.111,0.102,-0.034,-0.022,-0.095,0.033,0.054,-0.090,-0.104,-0.065,0.195,-0.027,-0.185,0.170,0.029,-0.103,-0.299,-0.091,0.085,-0.006,0.053,-0.058,-0.055,0.073,0.079,0.009,0.035,0.094,-0.005,-0.070,-0.062,-0.046,0.019,0.039,0.076,0.064,-0.006,-0.015,-0.078,-0.055,-0.031,-0.071,-0.029,-0.037,-0.058,-0.028,-0.059,0.016,0.009,0.055,0.008,0.027,-0.003,-0.011,0.044,-0.059,-0.091,-0.208
7.039,7.122,7.586,7.204,6.590,7.246,7.829,7.715,7.272,6.961,6.161,6.726,6.200,5.336,6.377,6.417,6.413,6.233,6.312,6.824,6.529,6.711,6.825,6.884,6.621,7.360,8.194,8.716,8.315,9.156,8.618,8.349,8.599,8.022,9.331,9.776,9.476,9.098,9.370,9.174,17.879,-0.341,-0.028,-0.044,0.003,-0.020,-0.040,0.190,0.217,-0.003,-0.090,-0.124,-0.030,0.004,-0.250,-0.108,0.071,0.040,0.003,0.134,-0.024,-0.029,-0.155,-0.156,-0.076,-0.174,-0.016,-0.126,-0.118,-0.133,-0.036,0.084,0.042,0.083,0.031,0.186,0.042,-0.050,0.150,-0.175,-0.239,-0.434,-0.016,0.047,-0.008,0.030,-0.066,-0.133,-0.095,-0.038,0.033,0.061,0.181,0.024,-0.015,0.040,-0.025,-0.000,0.034,0.058,0.019,-0.040,-0.072,-0.018,-0.002,-0.008,-0.001,-0.033,-0.010,-0.016,0.010,-0.086,-0.039,0.009,0.033,0.020,-0.042,0.002,0.034,-0.048,-0.007,0.040,-0.084
7.208,6.674,7.324,7.232,6.730,6.634,7.085,7.220,6.428,6.207,6.253,5.713,5.928,5.323,6.368,7.104,6.653,6.206,6.159,6.146,6.195,6.393,6.668,6.960,6.593,7.412,8.452,8.872,8.452,9.558,9.289,8.489,8.855,8.640,10.400,10.183,9.264,9.272,9.529,10.013,17.571,-0.243,0.204,0.020,0.121,-0.075,-0.328,0.020,0.081,0.055,0.072,0.270,0.083,0.016,-0.033,-0.055,0.076,0.046,0.098,0.107,-0.087,-0.167,-0.168,-0.137,-0.002,-0.136,-0.041,-0.044,-0.098,-0.049,-0.153,-0.098,-0.040,0.040,-0.009,0.047,0.085,0.118,0.093,-0.094,-0.099,-0.526,0.045,0.036,0.012,0.003,-0.054,-0.087,-0.137,-0.087,0.059,0.080,0.147,0.095,0.023,0.081,0.004,-0.049,0.024,0.052,-0.032,-0.014,-0.013,0.057,0.055,-0.002,0.054,-0.038,-0.010,-0.011,0.019,-0.075,-0.071,-0.004,-0.015,-0.013,-0.136,-0.041,0.005,-0.110,0.041,0.082,0.038
5.974,6.845,7.335,7.332,6.789,5.362,6.993,7.029,6.441,6.193,6.247,6.463,6.902,6.047,5.787,6.547,6.868,6.276,6.669,6.544,6.137,6.628,6.713,7.148,6.903,7.298,8.108,8.673,8.290,8.587,8.333,8.253,8.694,8.443,9.688,10.377,10.261,9.200,9.213,9.576,16.948,-0.092,-0.043,-0.108,-0.031,-0.156,-0.441,-0.456,-0.193,0.050,0.089,0.279,0.113,0.073,0.086,-0.029,-0.023,0.087,0.112,0.021,-0.113,-0.175,0.001,0.012,-0.066,0.039,-0.037,-0.078,-0.038,0.003,-0.257,-0.159,0.010,-0.021,-0.002,-0.099,-0.018,-0.002,-0.109,0.120,0.231,-0.348,0.128,-0.030,-0.026,-0.038,-0.040,0.041,-0.113,-0.094,0.038,0.042,0.021,0.012,-0.036,0.023,0.020,-0.034,0.019,0.037,-0.060,-0.009,0.048,0.065,0.068,-0.006,0.062,-0.002,0.031,0.010,0.019,0.000,-0.004,-0.027,-0.046,-0.024,-0.110,-0.082,-0.099,-0.116,0.082,0.102,0.152
6.339,6.975,7.167,7.149,6.057,5.352,6.584,6.764,7.133,7.115,7.382,6.927,6.246,5.687,6.058,6.809,6.477,6.468,6.557,6.033,5.563,6.537,6.719,6.904,6.806,7.449,8.224,8.810,8.562,8.680,8.048,8.190,8.733,8.387,9.467,10.071,10.044,9.136,9.458,9.661,16.307,-0.042,0.087,0.001,-0.026,-0.200,-0.125,-0.202,-0.027,0.288,0.268,0.275,0.296,-0.029,-0.005,0.023,-0.041,0.084,0.150,-0.056,-0.015,0.024,0.082,0.095,-0.111,0.055,-0.079,-0.110,-0.117,-0.066,-0.230,-0.181,-0.092,-0.127,-0.114,-0.340,-0.201,-0.185,-0.252,0.084,0.071,-0.155,0.120,-0.070,-0.028,-0.044,-0.003,0.143,0.037,-0.029,-0.025,-0.065,-0.140,-0.069,-0.028,-0.013,-0.036,-0.078,-0.024,-0.018,-0.041,0.018,0.097,0.045,0.044,0.007,0.037,-0.007,0.011,-0.008,-0.012,0.059,0.076,-0.008,-0.044,-0.012,-0.045,-0.077,-0.126,-0.093,0.010,0.015,0.246
7.012,6.757,7.126,7.090,6.146,5.682,5.798,6.980,7.170,6.951,6.989,6.685,6.406,5.585,6.387,6.448,6.935,6.662,6.219,6.314,5.970,6.646,6.857,6.584,6.710,7.154,7.921,8.555,8.275,8.311,8.442,8.546,8.557,8.141,9.301,9.740,9.077,8.621,10.008,10.503,16.770,0.199,-0.119,-0.165,-0.112,-0.157,0.063,-0.265,-0.199,0.068,0.023,-0.021,-0.075,-0.153,-0.151,-0.046,-0.038,0.117,0.161,-0.086,-0.104,0.113,0.047,0.070,-0.050,0.039,-0.008,0.061,-0.060,-0.028,0.004,0.105,-0.066,-0.062,-0.037,-0.171,-0.225,-0.394,-0.259,0.147,0.185,0.142,0.096,0.010,0.025,0.001,0.004,0.161,0.207,0.052,-0.047,-0.082,-0.117,-0.066,0.005,0.015,-0.033,-0.064,-0.085,-0.067,0.008,0.024,0.077,-0.004,-0.015,0.038,-0.009,-0.013,-0.003,-0.026,-0.026,0.080,0.064,-0.015,-0.028,-0.023,0.020,-0.028,-0.034,-0.021,-0.084,-0.106,0.246
6.480,7.156,7.435,7.224,6.054,5.848,6.674,7.110,7.502,7.170,7.256,7.081,6.030,5.528,6.182,6.949,7.039,6.763,6.106,6.187,6.399,6.794,7.070,6.689,6.967,7.090,7.998,8.345,8.129,8.547,8.329,7.883,8.288,8.221,8.894,9.499,8.933,8.301,9.552,9.903,16.887,0.210,-0.109,-0.094,-0.058,-0.087,0.136,0.109,-0.062,-0.077,-0.218,-0.282,-0.167,-0.009,0.019,-0.229,-0.306,-0.091,-0.016,-0.046,-0.000,0.176,0.037,0.054,0.024,0.049,-0.090,-0.056,-0.128,-0.095,0.011,0.149,-0.043,-0.160,-0.049,-0.144,-0.197,-0.314,-0.297,-0.056,-0.003,0.458,0.079,-0.000,0.032,0.023,-0.002,0.068,0.128,0.037,-0.108,-0.085,-0.047,-0.046,0.045,0.061,0.017,-0.049,-0.118,-0.088,0.042,0.031,0.001,-0.018,-0.037,0.026,-0.035,-0.016,-0.018,0.012,0.003,0.067,0.034,0.032,-0.000,-0.023,0.080,0.031,0.059,0.034,-0.103,-0.118,0.191
6.900,6.161,6.378,6.735,6.006,5.430,5.621,5.861,6.598,6.282,6.205,6.009,6.247,5.371,5.498,6.286,7.172,6.935,6.466,5.947,6.285,6.735,6.887,7.005,7.019,7.438,8.525,8.607,8.365,8.676,8.717,8.076,8.608,8.342,9.122,9.540,8.849,8.321,9.903,10.378,17.366,0.264,0.105,0.066,-0.009,-0.194,0.231,0.421,0.084,-0.001,-0.080,-0.028,0.013,0.086,0.149,-0.066,-0.211,-0.251,-0.139,0.054,-0.001,0.134,0.006,-0.043,0.058,-0.004,-0.095,-0.118,-0.164,-0.114,0.023,-0.005,-0.089,-0.143,-0.148,-0.099,-0.160,-0.105,-0.190,-0.231,-0.262,0.577,-0.004,0.025,0.080,0.060,0.034,-0.018,0.039,0.046,-0.060,-0.002,0.060,0.033,0.023,0.056,0.077,0.024,-0.071,-0.059,0.036,0.053,-0.030,-0.015,-0.029,0.003,-0.034,-0.008,-0.021,0.041,0.011,0.035,-0.026,0.042,-0.010,-0.029,0.058,0.055,0.128,0.066,-0.068,-0.092,0.054
7.445,6.729,7.071,7.036,5.690,6.158,7.215,7.015,7.032,6.358,6.366,6.428,6.281,5.888,5.356,5.360,5.902,6.253,6.202,6.214,6.283,6.675,6.972,6.815,6.894,6.858,7.641,8.144,8.044,8.555,8.657,8.209,7.907,8.038,8.837,9.184,8.589,7.799,9.229,9.707,18.296,0.322,-0.025,0.048,0.037,-0.189,0.131,0.097,0.016,-0.216,-0.106,0.041,0.021,0.077,0.150,0.120,-0.201,-0.323,-0.139,0.083,0.087,0.020,0.013,-0.035,-0.035,-0.100,-0.113,-0.109,-0.006,-0.008,0.098,0.043,0.078,-0.087,-0.175,0.025,-0.076,-0.032,-0.115,-0.242,-0.295,0.583,-0.071,0.011,0.024,0.010,0.052,-0.054,-0.089,0.010,-0.006,0.047,0.048,-0.007,-0.058,-0.032,0.061,0.114,0.062,0.005,-0.006,0.005,-0.044,-0.016,-0.013,-0.009,-0.010,0.047,0.043,0.086,0.026,0.029,-0.027,0.032,0.034,0.019,0.054,0.048,0.104,0.092,0.036,0.027,-0.106
7.848,7.494,7.636,7.139,5.357,6.684,7.632,7.446,7.398,6.958,7.293,7.075,6.710,6.148,6.471,6.186,6.248,6.222,6.443,6.296,6.698,6.735,6.690,6.813,6.724,6.793,7.508,7.835,7.749,8.420,8.251,7.937,8.031,7.491,8.833,9.098,8.722,7.924,9.015,9.288,18.951,0.122,-0.034,0.162,0.139,0.066,-0.023,-0.062,-0.007,-0.164,-0.045,0.118,-0.004,-0.082,0.065,0.165,0.031,-0.121,-0.074,0.029,0.115,0.042,-0.014,-0.032,-0.008,-0.054,-0.039,-0.020,0.084,-0.018,0.138,0.026,0.085,-0.150,-0.117,0.034,-0.012,0.103,-0.021,-0.098,-0.132,0.349,-0.108,-0.006,-0.044,-0.045,0.102,-0.057,-0.095,0.004,0.017,0.006,-0.098,-0.078,-0.131,-0.111,-0.069,0.063,0.106,0.039,-0.033,-0.019,-0.023,-0.013,0.021,0.001,0.047,0.062,0.063,0.081,0.029,0.029,0.019,0.033,0.072,0.095,0.051,0.041,0.045,0.044,0.082,0.115,-0.194
7.618,6.366,7.044,7.205,5.436,5.877,6.155,6.396,6.020,6.300,6.918,6.651,6.183,5.888,6.294,5.996,5.886,6.427,6.531,6.447,6.291,6.861,6.993,6.611,6.616,6.846,7.961,8.703,8.399,9.164,8.775,8.340,8.141,7.772,9.161,9.341,8.835,7.926,8.787,8.972,19.012,-0.074,0.017,-0.021,-0.080,0.040,-0.006,-0.093,0.032,-0.024,-0.002,-0.115,-0.192,-0.215,-0.100,-0.038,0.144,0.156,-0.025,-0.065,-0.034,0.003,-0.036,-0.017,0.012,0.024,0.114,0.112,0.176,-0.011,0.097,-0.002,0.029,0.015,0.030,0.058,-0.029,0.100,0.078,0.055,0.068,0.043,-0.092,0.055,-0.044,-0.094,0.072,0.014,0.076,0.084,0.111,0.004,-0.109,-0.045,-0.103,-0.115,-0.110,0.029,0.068,0.009,-0.027,-0.034,0.001,-0.011,0.013,0.019,0.053,0.047,0.025,-0.014,-0.016,-0.027,-0.014,-0.037,0.060,0.082,-0.014,-0.002,-0.014,0.007,0.051,0.074,-0.183
7.422,6.173,7.201,7.345,6.463,5.456,5.839,6.137,6.286,6.087,6.520,5.879,5.885,5.694,5.854,6.126,6.575,6.476,6.444,6.406,6.491,6.570,6.714,7.067,6.888,7.251,8.264,8.749,8.095,9.063,8.789,8.437,7.742,7.890,9.130,9.404,9.243,8.154,9.633,10.087,18.753,-0.076,0.055,-0.118,-0.174,0.201,0.015,0.040,0.098,-0.014,-0.100,-0.442,-0.271,-0.421,-0.279,-0.330,-0.070,0.038,-0.003,-0.036,-0.036,0.025,-0.036,0.054,0.039,0.171,0.099,0.088,0.150,0.035,0.168,0.114,0.102,0.167,0.225,0.141,0.020,0.056,-0.068,0.032,0.130,-0.121,-0.022,0.049,-0.044,-0.104,-0.023,0.034,0.110,0.074,0.057,0.012,-0.005,0.046,-0.006,-0.038,-0.037,-0.010,-0.033,-0.000,0.003,-0.010,-0.001,0.010,0.006,-0.005,-0.003,-0.011,-0.022,-0.085,-0.029,-0.061,-0.026,-0.067,0.050,0.033,-0.059,-0.017,-0.081,-0.017,-0.011,-0.031,-0.096
7.290,7.473,7.184,6.533,5.338,6.741,7.645,7.829,7.468,6.786,6.176,6.065,5.616,5.616,5.476,6.108,6.517,5.999,5.875,5.988,6.402,6.580,6.874,6.750,6.930,7.202,7.822,8.569,7.813,8.717,8.380,8.105,8.127,7.988,8.976,8.884,8.827,8.072,9.194,9.646,18.613,-0.039,0.207,-0.030,-0.276,0.103,0.181,0.427,0.384,0.266,-0.058,-0.223,-0.072,-0.269,-0.252,-0.184,-0.006,-0.064,-0.128,-0.020,-0.006,0.034,-0.032,-0.016,0.038,0.054,0.051,-0.037,-0.110,-0.116,-0.050,-0.072,-0.116,0.055,0.063,-0.097,-0.100,-0.077,-0.056,-0.052,-0.053,-0.095,0.037,-0.011,-0.000,-0.020,-0.034,-0.016,0.013,-0.038,-0.051,-0.002,0.138,0.095,0.093,0.075,0.061,-0.014,-0.080,0.017,0.049,0.031,-0.002,0.020,-0.023,-0.026,-0.061,-0.046,-0.060,-0.120,-0.036,-0.095,-0.045,-0.081,-0.041,-0.049,-0.106,-0.039,-0.078,-0.005,-0.056,-0.080,-0.007
7.632,7.218,6.976,6.607,6.412,6.329,7.088,7.219,6.604,6.215,5.455,6.013,4.889,4.887,5.230,5.779,6.124,6.422,6.591,6.344,6.769,6.698,7.019,6.939,7.421,7.110,8.018,8.652,8.214,9.484,9.018,8.564,8.871,8.506,9.630,9.428,9.006,7.512,8.970,9.599,18.546,-0.004,0.116,-0.055,-0.281,-0.082,0.055,0.229,0.188,-0.023,0.042,0.146,0.168,-0.086,-0.051,0.054,0.055,-0.175,-0.024,0.022,0.053,0.021,0.032,-0.005,-0.047,-0.085,-0.062,-0.057,-0.197,-0.109,-0.092,-0.071,-0.179,0.082,0.029,-0.184,-0.060,-0.212,-0.037,-0.102,-0.225,-0.062,0.038,-0.043,0.003,0.040,-0.070,-0.054,-0.114,-0.148,-0.067,0.033,0.209,0.085,0.154,0.154,0.114,0.043,0.008,0.018,0.015,0.015,-0.008,0.016,-0.030,-0.047,-0.092,-0.034,-0.067,-0.086,-0.050,-0.132,-0.091,-0.081,-0.097,-0.110,-0.119,-0.056,-0.035,0.031,-0.046,-0.054,0.052
7.318,6.878,7.005,6.195,5.975,6.344,7.668,7.776,7.191,5.945,6.336,6.224,5.334,5.029,5.685,6.140,5.794,5.813,6.357,6.448,6.319,6.636,6.762,6.864,6.621,7.171,7.899,8.201,7.760,8.705,8.302,7.697,7.850,7.777,8.428,8.830,8.570,7.968,8.861,8.948,18.639,0.074,-0.069,-0.053,-0.126,0.012,-0.105,-0.122,-0.205,-0.274,-0.084,0.280,0.061,0.082,0.161,0.076,0.013,-0.137,0.068,0.149,0.078,-0.005,0.033,-0.104,-0.075,-0.152,-0.036,-0.113,-0.249,-0.119,-0.249,-0.132,-0.236,-0.149,-0.119,-0.312,-0.184,-0.157,0.039,-0.160,-0.153,-0.019,0.040,-0.066,-0.039,0.076,-0.041,-0.092,-0.227,-0.202,-0.089,0.036,0.051,-0.020,0.075,0.100,0.053,0.006,0.066,0.021,-0.039,-0.035,-0.022,0.005,-0.007,-0.044,-0.007,-0.011,-0.047,0.000,-0.014,-0.064,-0.045,0.009,-0.058,-0.061,-0.004,-0.003,0.029,0.022,-0.025,0.037,0.059
7.386,7.048,7.016,6.111,5.734,5.929,6.973,7.103,6.311,6.717,7.172,6.639,5.597,5.732,6.019,6.382,6.062,6.451,6.314,6.443,6.637,6.701,6.745,6.774,6.618,6.955,7.941,7.945,7.578,8.610,8.476,7.744,8.292,8.141,8.485,9.130,8.310,8.020,9.292,9.312,18.429,0.059,-0.024,-0.090,-0.049,-0.104,-0.112,-0.257,-0.347,-0.080,0.075,0.351,0.087,0.171,0.282,0.111,0.135,0.115,-0.012,-0.045,-0.005,0.006,0.013,-0.052,-0.137,-0.188,-0.029,-0.210,-0.213,-0.214,-0.392,-0.311,-0.243,-0.215,-0.235,-0.346,-0.218,-0.077,0.042,-0.144,-0.093,0.098,0.021,-0.026,-0.047,0.067,0.003,-0.078,-0.147,-0.098,0.007,-0.020,-0.127,-0.104,-0.022,-0.056,-0.040,-0.038,0.052,-0.045,-0.071,-0.051,-0.036,-0.012,0.024,-0.000,0.048,0.020,-0.024,0.036,0.002,-0.021,-0.020,0.057,-0.043,-0.025,0.087,0.046,0.063,-0.007,-0.018,0.039,0.044
7.782,7.214,6.900,6.151,5.735,6.416,7.095,6.864,6.246,6.115,6.716,6.059,5.673,6.000,5.459,5.873,5.865,6.324,6.756,6.327,6.445,6.743,6.493,6.456,6.570,7.101,7.296,7.679,7.536,7.906,7.988,7.337,7.671,7.576,7.989,8.114,8.392,8.016,8.235,9.027,18.576,0.130,-0.051,-0.208,-0.014,-0.091,-0.197,-0.466,-0.358,-0.152,0.107,-0.070,-0.132,-0.024,0.079,0.053,-0.015,0.120,-0.030,-0.184,-0.154,-0.068,0.001,-0.030,-0.138,0.071,-0.022,-0.197,-0.101,-0.135,-0.221,-0.176,-0.039,-0.087,-0.112,-0.037,-0.039,0.002,0.013,-0.154,0.065,0.120,-0.024,-0.011,-0.061,0.016,-0.021,-0.080,-0.061,-0.007,0.030,-0.014,-0.159,-0.068,-0.084,-0.140,-0.052,-0.037,0.008,-0.046,-0.081,-0.033,-0.028,0.006,0.067,0.052,0.067,0.004,0.007,0.026,0.018,0.036,0.038,0.099,0.031,0.051,0.125,0.074,0.002,-0.033,-0.009,-0.036,0.004
7.692,6.929,6.581,6.386,6.013,5.734,6.089,5.942,6.675,6.507,7.020,6.532,5.576,5.811,5.898,6.586,6.665,6.104,6.166,6.379,6.737,6.707,6.892,6.457,6.505,6.998,7.271,7.846,7.257,7.922,7.621,7.529,7.885,7.431,8.118,8.696,8.710,7.698,8.561,9.097,19.069,0.074,-0.024,-0.214,-0.002,-0.014,-0.289,-0.336,-0.225,-0.051,-0.152,-0.312,-0.256,-0.145,-0.289,-0.136,-0.124,-0.042,-0.201,-0.168,-0.084,-0.129,-0.011,0.077,-0.017,0.045,0.032,-0.137,-0.089,-0.089,-0.212,-0.146,0.007,-0.162,-0.098,0.114,0.098,0.026,-0.058,-0.192,-0.141,0.090,-0.039,-0.020,-0.041,-0.020,-0.034,-0.092,0.005,0.030,-0.053,-0.094,-0.132,-0.026,-0.034,-0.082,-0.054,-0.045,-0.053,0.002,0.016,0.016,-0.012,0.008,0.033,0.076,0.047,0.002,0.049,0.004,0.053,0.071,0.093,0.081,0.049,0.063,0.072,-0.002,-0.068,-0.043,-0.036,-0.106,-0.061
7.813,6.681,6.182,5.990,5.378,5.458,5.780,6.565,6.251,6.585,6.060,5.619,5.226,5.387,6.012,5.965,6.094,5.835,5.512,5.710,5.928,6.637,6.540,6.334,7.035,7.039,7.249,7.746,7.244,7.942,7.848,7.609,7.619,7.572,8.428,8.853,8.380,8.193,8.456,9.380,18.916,-0.054,-0.123,-0.297,-0.072,-0.140,-0.416,-0.387,-0.302,-0.138,-0.039,-0.182,-0.109,-0.180,-0.253,-0.059,-0.043,-0.017,-0.068,-0.195,-0.048,-0.076,0.074,0.169,0.125,0.067,-0.047,-0.113,-0.178,-0.091,-0.158,-0.026,0.132,-0.021,0.068,0.085,0.030,-0.198,-0.076,-0.183,-0.307,0.004,-0.085,-0.035,-0.022,-0.044,-0.045,-0.029,0.051,0.003,-0.067,-0.106,-0.025,0.069,0.072,0.067,-0.025,0.003,-0.015,0.043,0.075,0.061,0.040,0.000,0.013,0.063,-0.019,-0.006,0.063,0.007,0.051,0.040,0.054,0.026,0.032,0.017,-0.042,-0.092,-0.078,-0.036,-0.035,-0.123,-0.104
7.742,7.195,6.306,6.184,5.842,4.961,5.952,6.128,6.055,5.724,5.942,5.580,5.096,4.592,5.062,5.717,5.736,5.689,6.096,6.332,6.250,6.698,7.107,6.751,6.610,7.145,7.281,7.465,7.279,7.530,7.814,7.644,7.509,7.652,8.833,9.251,8.446,7.643,8.219,8.430,18.711,-0.044,-0.089,-0.252,-0.118,-0.248,-0.463,-0.270,-0.226,-0.350,-0.324,-0.253,-0.057,0.080,0.036,-0.103,-0.076,-0.079,0.015,0.041,0.021,-0.051,0.018,0.015,0.112,0.047,-0.007,-0.008,-0.153,0.027,-0.067,0.077,0.078,-0.005,-0.012,-0.045,-0.260,-0.316,-0.129,-0.312,-0.435,-0.151,-0.111,-0.051,-0.004,-0.076,-0.044,0.077,0.052,0.005,-0.051,-0.038,0.041,0.093,0.119,0.177,0.054,0.028,0.003,0.042,0.043,0.040,0.037,-0.038,-0.059,0.002,0.000,-0.027,0.043,0.063,0.053,0.033,0.021,-0.023,0.019,0.001,-0.100,-0.115,-0.034,0.005,0.004,-0.007,-0.167
7.486,6.464,5.554,5.895,5.118,4.721,5.230,5.262,5.867,6.310,6.345,5.990,5.014,5.343,5.580,6.093,6.244,6.191,5.818,6.111,6.308,7.116,7.231,6.933,6.852,6.791,6.728,6.978,7.068,7.311,7.764,7.942,7.753,7.805,8.057,7.985,7.535,7.663,7.494,7.824,18.776,-0.238,-0.195,-0.297,-0.175,-0.199,-0.254,-0.242,-0.344,-0.338,-0.335,-0.225,0.112,0.224,0.250,-0.089,-0.022,0.062,0.076,0.088,0.097,0.094,-0.012,0.065,0.111,-0.026,-0.031,0.053,-0.032,0.062,-0.096,-0.016,0.054,-0.007,-0.068,-0.166,-0.320,-0.220,-0.133,-0.269,-0.401,-0.282,-0.106,-0.022,0.040,-0.090,-0.015,0.160,0.100,0.057,0.015,0.030,0.080,0.033,0.072,0.104,0.058,-0.011,-0.022,-0.043,-0.005,0.017,0.015,-0.079,-0.094,-0.042,0.007,0.002,0.019,0.093,0.036,0.009,-0.048,-0.092,-0.031,-0.002,-0.064,-0.023,0.055,0.029,0.054,0.081,-0.210
7.634,6.592,5.636,5.844,4.900,3.786,5.015,5.465,5.117,5.026,5.614,6.064,6.084,6.013,5.599,6.144,6.194,5.999,6.219,6.285,6.291,6.556,6.623,6.720,6.831,7.087,7.491,7.465,7.482,7.902,8.046,7.755,7.792,7.256,8.081,7.830,7.552,7.319,7.481,7.701,18.385,-0.390,-0.245,-0.233,-0.331,-0.203,0.014,-0.150,-0.177,-0.203,-0.194,-0.084,0.097,0.249,0.343,0.148,0.004,-0.069,-0.064,-0.093,0.042,-0.028,-0.160,-0.164,0.001,0.091,-0.112,-0.005,0.153,0.101,-0.078,-0.045,-0.068,-0.071,-0.025,-0.263,-0.300,-0.131,-0.002,-0.127,-0.131,-0.601,-0.048,-0.025,0.011,-0.066,0.015,0.175,0.109,0.077,0.136,0.182,0.147,-0.012,-0.032,-0.030,0.064,-0.024,-0.029,-0.057,-0.048,-0.020,0.008,-0.032,-0.045,-0.029,-0.003,0.005,-0.013,0.048,-0.017,-0.007,-0.072,-0.077,-0.021,0.030,-0.008,0.062,0.063,0.035,0.092,0.117,-0.119
6.679,6.010,5.033,5.284,4.852,4.774,5.039,5.178,5.029,5.260,5.100,5.936,5.853,5.928,5.300,5.643,6.176,6.060,5.892,6.217,6.376,6.647,7.107,6.906,6.795,6.912,7.408,7.584,7.453,7.277,7.654,7.825,7.441,7.430,7.975,7.963,7.729,7.692,7.481,7.737,17.668,-0.409,-0.157,-0.107,-0.417,-0.241,0.146,0.051,-0.039,-0.137,0.044,0.132,-0.019,0.097,0.112,0.106,-0.139,-0.130,-0.242,-0.152,0.026,-0.012,-0.233,-0.210,-0.030,0.081,0.014,-0.020,0.135,0.054,-0.107,-0.202,-0.253,-0.143,0.065,-0.124,-0.067,-0.017,0.005,-0.004,-0.053,-0.821,0.103,-0.013,-0.002,0.016,0.040,0.078,0.067,0.110,0.158,0.167,0.091,-0.049,-0.094,-0.093,0.042,-0.003,-0.002,-0.016,-0.015,-0.049,-0.021,0.014,-0.012,-0.025,-0.041,0.028,0.001,-0.024,-0.044,0.032,-0.027,-0.021,0.021,0.012,0.023,0.076,0.029,-0.003,0.073,0.081,0.101
6.197,6.196,5.400,4.836,4.961,5.003,5.299,5.286,5.457,5.279,6.146,6.090,5.923,6.014,5.942,5.964,5.423,5.433,5.596,6.487,6.077,6.131,6.348,6.768,7.096,6.526,6.917,7.928,7.589,7.158,7.643,7.361,7.310,7.713,7.560,7.761,7.696,7.618,7.590,7.820,16.260,-0.200,-0.233,-0.290,-0.327,-0.153,0.212,0.128,0.008,0.230,0.398,0.303,-0.051,-0.014,-0.042,0.120,-0.139,-0.127,-0.110,-0.078,-0.042,0.039,-0.033,-0.074,0.038,-0.021,-0.005,-0.037,0.002,-0.051,-0.095,-0.188,-0.151,-0.045,0.072,-0.104,-0.075,-0.102,-0.021,0.016,-0.025,-0.475,0.217,-0.006,-0.021,0.095,0.072,-0.001,0.035,0.079,0.077,0.062,-0.051,-0.074,-0.100,-0.106,-0.043,0.054,0.074,0.065,0.045,-0.043,-0.017,0.072,0.068,-0.013,-0.077,0.013,0.009,-0.108,-0.058,0.055,0.014,0.073,0.058,-0.029,0.033,0.042,0.016,-0.022,0.032,0.017,0.370
6.159,5.877,5.137,4.312,3.885,4.842,5.343,5.157,5.013,6.402,6.737,5.883,5.578,5.903,5.939,5.490,5.981,5.262,5.370,6.140,6.357,6.163,6.319,6.758,7.124,7.141,6.917,7.422,7.282,7.151,6.954,6.874,7.279,7.900,7.699,7.687,7.376,7.538,7.419,7.497,15.734,0.180,-0.265,-0.276,-0.097,-0.026,0.036,-0.046,0.115,0.235,0.204,0.038,-0.058,-0.113,-0.023,0.137,0.036,0.084,0.018,0.005,-0.106,-0.046,-0.004,-0.042,-0.031,-0.175,0.053,0.072,-0.076,-0.082,0.074,-0.080,-0.008,0.084,-0.054,-0.131,-0.055,-0.090,-0.136,0.024,-0.048,0.159,0.228,0.035,0.028,0.140,0.119,-0.033,-0.012,0.055,0.018,-0.101,-0.158,-0.047,-0.046,-0.051,-0.064,0.099,0.054,0.105,0.072,-0.011,-0.029,0.084,0.078,-0.003,-0.039,-0.043,-0.006,-0.093,-0.026,0.049,0.072,0.110,0.058,-0.032,0.005,-0.004,0.028,0.001,0.004,0.008,0.471
6.892,5.493,4.134,4.693,4.618,4.813,5.504,5.516,6.275,6.442,6.310,5.837,6.149,5.813,5.877,5.525,5.658,5.848,6.092,6.116,6.497,6.635,6.645,6.985,6.561,6.945,7.552,7.559,7.312,7.493,7.457,7.475,7.649,7.380,7.697,7.594,7.217,7.291,7.589,7.697,16.977,0.400,-0.223,-0.252,-0.017,0.050,0.061,0.074,0.140,-0.005,0.036,-0.291,-0.255,-0.145,-0.121,-0.083,0.189,0.195,0.130,0.055,-0.109,-0.098,0.084,0.090,-0.065,-0.167,-0.068,-0.007,-0.283,-0.122,0.106,-0.035,0.174,0.107,-0.113,-0.096,-0.097,-0.017,-0.042,0.017,-0.051,0.761,0.123,0.104,0.138,0.094,0.081,-0.051,-0.047,-0.019,-0.105,-0.192,-0.134,-0.015,-0.020,0.005,-0.051,0.048,0.016,0.072,0.032,0.028,0.003,0.019,0.018,-0.005,0.037,-0.037,-0.037,-0.022,0.009,0.001,0.039,0.028,0.006,-0.001,0.008,0.000,0.049,0.045,-0.012,0.010,0.300
7.231,5.038,4.284,4.872,4.894,5.051,4.706,5.637,5.796,5.701,5.206,5.770,5.173,5.913,6.017,6.042,6.477,5.943,5.670,5.871,5.934,6.373,6.750,6.640,6.188,6.968,7.449,7.391,7.182,7.479,7.347,7.726,7.690,7.326,7.250,7.770,7.517,7.176,7.601,7.560,18.103,0.428,0.012,0.015,0.126,0.252,0.059,0.019,0.170,0.070,-0.279,-0.360,-0.151,-0.066,-0.102,-0.110,0.192,-0.021,0.161,0.143,0.006,-0.088,0.130,0.099,0.007,-0.043,-0.168,-0.063,-0.188,-0.039,0.039,0.083,0.132,0.069,-0.003,-0.103,-0.073,0.077,0.018,0.017,-0.003,0.917,-0.014,0.109,0.161,0.062,0.043,0.006,0.010,-0.076,-0.054,-0.079,0.016,0.042,0.067,0.049,-0.001,-0.037,-0.056,0.023,0.020,0.048,0.072,-0.015,-0.021,-0.003,0.082,-0.021,-0.065,0.040,0.027,-0.049,-0.011,-0.056,-0.035,0.032,0.029,-0.008,0.032,0.071,-0.021,0.011,0.036
7.662,5.501,4.564,4.472,4.707,5.204,5.986,5.744,5.041,5.810,5.457,4.872,5.401,5.405,5.487,6.634,6.148,5.745,5.722,6.074,5.800,6.445,6.580,6.503,6.730,6.274,6.616,6.530,7.028,7.526,7.269,7.807,7.640,7.434,7.305,7.232,7.541,7.591,7.583,7.537,18.881,0.288,0.151,0.256,0.030,0.111,-0.053,-0.139,-0.114,-0.212,-0.321,-0.168,-0.077,-0.138,0.022,-0.009,0.025,0.005,0.176,0.012,0.044,0.076,-0.002,-0.053,-0.005,0.100,-0.079,-0.155,-0.052,-0.027,-0.071,-0.074,-0.079,-0.005,0.040,-0.077,-0.064,0.058,0.126,-0.043,0.001,0.646,-0.081,0.100,0.139,0.088,0.049,0.070,0.057,-0.023,0.070,0.094,0.199,0.172,0.152,0.152,0.109,-0.041,-0.024,-0.035,-0.003,0.013,0.081,-0.061,-0.055,-0.013,0.055,0.041,-0.014,0.096,0.043,-0.023,-0.026,-0.083,-0.056,0.011,0.040,-0.001,-0.000,0.027,-0.014,0.000,-0.159
7.916,5.932,4.994,5.053,5.101,4.942,5.196,5.894,5.979,5.322,5.362,5.610,5.622,5.596,5.582,5.894,5.633,6.119,6.269,6.190,6.265,6.906,6.848,7.035,6.822,6.634,7.068,6.995,7.231,7.332,7.464,7.370,7.627,7.859,7.381,7.500,7.601,7.480,7.509,7.564,19.366,0.164,0.096,0.274,0.192,0.160,0.122,0.110,-0.137,0.067,-0.012,0.057,0.063,0.220,0.150,0.095,-0.068,-0.103,0.111,0.128,0.056,0.225,-0.036,-0.075,-0.075,0.099,-0.044,-0.178,0.010,0.006,-0.082,-0.117,-0.161,-0.034,0.027,0.005,-0.112,0.033,0.137,-0.052,-0.018,0.399,-0.099,0.017,0.006,0.043,0.009,0.095,0.140,0.075,0.063,0.248,0.286,0.153,0.119,0.118,0.089,-0.001,0.027,-0.088,-0.039,-0.025,0.034,-0.062,-0.062,-0.050,-0.005,0.050,0.032,0.049,0.017,0.021,-0.034,-0.034,-0.049,-0.038,0.036,-0.007,-0.026,-0.009,-0.003,-0.013,-0.206
7.992,5.802,5.057,4.755,5.068,4.602,4.561,4.819,5.124,5.025,5.391,5.532,5.233,6.080,6.048,5.725,6.104,6.640,5.854,6.175,6.709,6.357,6.331,6.763,6.745,6.717,6.965,7.498,7.151,7.212,7.030,7.255,7.654,7.315,7.246,7.410,7.467,7.768,7.419,7.699,19.575,0.129,0.237,0.313,0.392,0.343,0.382,0.312,0.179,0.348,0.373,0.496,0.495,0.473,0.511,0.358,0.116,0.115,-0.020,0.046,-0.071,0.150,-0.138,-0.099,-0.089,0.035,0.073,-0.018,0.100,0.072,0.050,-0.064,-0.096,-0.122,-0.074,0.052,-0.086,0.004,0.032,-0.020,-0.041,0.226,-0.082,-0.029,-0.105,-0.020,-0.046,0.050,0.147,0.177,0.049,0.216,0.223,0.059,0.035,0.001,-0.011,0.001,-0.024,-0.110,-0.017,-0.023,-0.051,-0.013,-0.006,-0.022,-0.040,0.042,0.059,-0.013,0.012,0.038,0.023,0.014,-0.023,-0.023,0.023,0.018,-0.018,-0.056,0.020,-0.001,-0.174
7.888,5.367,5.407,5.690,5.513,5.962,5.970,5.414,6.092,6.035,5.526,5.756,6.359,6.325,6.213,6.155,5.986,6.050,6.244,6.102,6.607,6.237,6.502,6.138,6.674,6.527,6.383,6.955,7.151,7.224,6.882,7.198,7.512,7.520,7.304,7.121,7.721,7.773,7.424,7.389,19.750,0.012,0.056,0.017,0.160,0.183,0.316,0.494,0.398,0.106,0.613,0.737,0.327,0.221,0.244,0.151,0.141,0.060,-0.179,-0.067,-0.062,0.044,-0.111,-0.186,-0.202,-0.035,0.005,0.029,-0.021,-0.005,0.083,-0.093,-0.030,-0.120,-0.137,0.013,-0.097,-0.028,0.019,-0.009,-0.048,0.099,-0.078,-0.029,-0.131,-0.134,-0.150,-0.147,-0.024,0.098,-0.095,0.003,0.051,-0.084,-0.149,-0.129,-0.113,-0.045,-0.042,-0.055,-0.030,0.011,-0.076,0.016,0.026,0.057,-0.024,0.034,0.067,-0.008,-0.007,-0.012,0.042,0.009,0.010,0.004,0.006,0.057,-0.016,-0.052,0.027,0.037,-0.154
8.320,6.970,5.925,6.113,6.217,6.604,7.159,6.879,6.726,7.318,7.855,7.276,7.400,7.596,6.960,7.082,6.547,5.682,5.965,5.764,6.379,6.091,6.257,6.506,6.980,6.695,6.866,7.051,7.427,7.831,7.241,7.414,7.085,7.233,7.605,6.994,7.500,7.607,7.526,7.417,19.818,-0.047,0.025,-0.138,-0.051,-0.130,0.101,0.404,0.506,0.013,0.448,0.607,0.086,0.039,-0.018,-0.090,-0.076,-0.198,-0.229,0.024,-0.015,-0.086,-0.032,-0.026,-0.051,-0.032,0.106,0.038,-0.101,0.040,0.038,0.030,-0.074,-0.080,0.005,0.035,0.019,-0.000,-0.094,0.036,0.009,-0.074,-0.078,-0.073,-0.088,-0.184,-0.225,-0.274,-0.187,-0.106,-0.189,-0.210,-0.218,-0.231,-0.221,-0.231,-0.188,-0.106,-0.071,0.041,0.023,0.056,-0.053,0.025,0.058,0.071,-0.002,0.007,0.007,-0.010,-0.038,-0.091,0.027,-0.020,0.054,0.051,-0.006,0.055,-0.016,-0.024,0.016,0.047,-0.142
7.811,5.626,4.643,5.173,5.441,5.520,6.367,6.856,5.711,7.242,7.813,6.374,5.644,6.059,5.880,5.919,5.714,5.703,5.878,6.087,6.651,6.482,5.956,6.155,6.529,6.670,7.265,7.116,7.070,7.436,6.896,7.140,7.314,7.214,7.268,7.224,7.445,7.654,7.410,7.466,19.738,-0.136,0.055,-0.155,-0.255,-0.352,-0.470,-0.056,0.190,-0.241,-0.032,0.259,-0.152,-0.309,-0.229,-0.244,-0.197,-0.156,-0.061,-0.009,0.082,-0.034,-0.009,0.018,0.191,0.015,0.109,0.131,0.072,-0.012,-0.135,0.047,-0.126,-0.005,0.006,0.042,0.121,-0.043,-0.060,0.057,0.140,-0.222,-0.048,-0.020,0.011,-0.072,-0.126,-0.219,-0.241,-0.223,-0.113,-0.272,-0.328,-0.155,-0.088,-0.124,-0.086,-0.062,0.020,0.104,0.051,0.050,-0.021,0.012,0.074,0.067,0.021,0.012,-0.020,0.007,-0.027,-0.075,0.021,0.006,0.042,0.046,-0.006,0.030,-0.013,-0.011,0.011,0.031,-0.127
7.797,5.795,4.747,4.756,4.455,5.329,6.382,6.627,5.378,6.660,7.284,5.655,5.784,6.122,5.765,5.465,5.249,5.666,6.160,6.108,6.256,6.074,6.471,6.499,6.655,7.176,6.715,6.914,7.391,7.297,7.171,6.912,7.355,7.494,7.436,7.452,7.603,7.360,7.608,7.708,19.214,-0.188,-0.126,-0.041,-0.322,-0.513,-0.596,-0.349,-0.245,-0.425,-0.356,-0.354,-0.419,-0.366,-0.408,-0.383,-0.248,-0.131,0.126,0.130,0.139,-0.078,-0.062,0.087,0.072,0.000,0.056,-0.032,0.003,-0.117,-0.296,-0.000,-0.150,0.093,0.109,0.005,0.082,-0.069,-0.050,0.026,0.102,-0.325,-0.036,-0.013,0.033,0.052,0.055,-0.068,-0.175,-0.233,-0.024,-0.173,-0.258,-0.036,0.012,-0.014,0.028,0.025,0.099,0.099,0.008,-0.018,-0.013,0.021,0.020,-0.008,0.020,-0.042,-0.025,0.003,-0.025,-0.015,-0.007,0.064,0.011,0.003,-0.012,-0.003,0.008,0.040,0.013,-0.010,-0.106
7.467,6.231,5.221,5.096,4.636,4.246,6.077,6.490,5.560,6.204,7.106,5.807,5.620,5.916,5.590,5.979,5.853,5.753,6.101,6.340,6.496,6.201,6.483,7.099,6.912,6.829,7.112,7.384,7.107,6.814,7.153,6.819,7.352,7.419,7.599,7.498,7.453,7.598,7.667,7.944,18.945,-0.159,0.031,0.025,-0.064,-0.255,-0.428,-0.335,-0.339,-0.238,-0.344,-0.421,-0.196,-0.014,-0.179,-0.131,-0.085,0.127,0.166,0.137,0.112,-0.064,-0.038,0.126,0.071,0.055,0.088,-0.037,-0.037,-0.059,-0.124,0.030,0.038,0.005,0.041,-0.003,0.022,-0.057,-0.059,0.050,0.062,-0.411,0.009,0.039,0.097,0.178,0.206,0.162,-0.018,-0.055,0.159,0.029,-0.059,0.130,0.165,0.130,0.117,0.064,0.113,0.076,0.038,-0.021,-0.005,0.067,0.047,-0.028,0.024,-0.012,0.022,0.006,0.040,0.125,0.044,0.136,0.033,0.035,0.048,0.032,0.096,0.092,0.052,-0.007,-0.057
7.552,6.035,5.430,4.543,4.057,4.259,5.558,5.836,4.675,6.059,6.437,5.464,5.580,5.626,5.189,5.814,5.822,6.287,6.506,6.331,6.066,5.920,6.428,6.393,6.790,6.898,6.783,6.931,6.826,6.660,7.110,6.825,7.529,7.678,7.466,7.268,7.153,7.384,7.527,7.686,18.592,-0.214,-0.029,-0.062,0.112,0.096,-0.260,-0.332,-0.396,-0.108,-0.263,-0.341,-0.071,-0.049,-0.116,-0.005,-0.004,0.155,0.151,-0.011,-0.118,-0.138,0.088,0.018,-0.028,0.048,-0.092,-0.004,-0.032,-0.061,-0.041,0.003,0.163,-0.029,0.004,-0.003,0.053,0.048,0.108,0.103,0.000,-0.507,0.035,0.137,0.186,0.233,0.241,0.214,0.070,0.148,0.332,0.174,0.128,0.225,0.186,0.199,0.149,0.076,0.088,0.030,0.030,0.007,0.054,0.101,0.058,0.041,0.046,0.019,0.092,0.051,0.079,0.182,0.081,0.136,0.050,0.050,0.098,0.076,0.145,0.129,0.073,0.044,0.045
7.138,5.659,4.424,4.961,4.367,3.915,5.105,5.555,4.871,5.822,6.130,5.488,5.676,5.413,5.514,5.317,6.061,6.223,6.391,6.534,6.426,6.367,6.609,6.562,6.738,7.252,7.047,6.923,7.057,7.135,7.077,7.376,7.251,7.329,7.238,7.426,7.386,7.347,7.702,7.784,17.992,-0.079,0.203,0.342,0.418,0.375,0.171,-0.153,-0.010,0.396,0.068,-0.041,0.325,0.357,0.275,0.152,0.002,0.264,0.305,0.252,0.108,-0.029,0.252,0.289,0.103,0.109,0.124,0.225,0.118,0.160,0.361,0.266,0.397,0.223,0.235,0.285,0.294,0.379,0.323,0.278,0.156,-0.416,0.084,0.121,0.234,0.122,0.078,0.168,0.082,0.185,0.322,0.224,0.116,0.134,0.036,0.121,0.051,0.045,-0.002,-0.010,0.028,0.035,0.049,0.030,0.011,0.037,0.028,0.016,0.063,0.049,0.047,0.084,0.050,0.023,0.046,0.037,0.051,0.038,0.070,0.063,0.008,0.013,0.179
6.893,5.934,4.837,5.384,5.069,4.196,5.207,5.114,5.183,5.537,6.066,5.458,5.510,5.794,5.777,5.773,5.918,6.186,5.960,5.420,5.602,6.431,6.498,6.625,6.980,6.507,6.729,6.986,7.112,6.931,7.226,7.449,7.262,7.561,7.603,7.753,7.878,8.028,8.108,7.788,17.155,-0.051,0.470,0.729,0.601,0.378,0.174,-0.088,0.329,0.916,0.306,0.093,0.444,0.377,0.362,0.219,0.089,0.238,0.208,0.222,0.176,0.173,0.298,0.294,0.259,0.204,0.133,0.297,0.182,0.168,0.369,0.285,0.352,0.234,0.262,0.353,0.326,0.440,0.403,0.276,0.273,-0.097,0.108,0.059,0.144,-0.029,-0.126,0.066,0.077,0.088,0.138,0.168,0.026,-0.025,-0.102,-0.022,-0.034,-0.002,-0.055,-0.066,-0.002,0.049,0.027,-0.054,-0.043,0.004,-0.012,0.014,-0.022,-0.011,-0.010,-0.047,-0.036,-0.092,-0.024,-0.055,-0.063,-0.061,-0.092,-0.105,-0.092,-0.049,0.277
7.404,7.299,7.227,6.767,6.007,5.131,5.486,6.801,7.284,6.804,7.086,7.435,7.437,7.207,6.057,6.011,7.127,7.329,7.636,7.335,6.581,7.202,7.894,7.496,7.362,7.647,8.263,7.948,7.763,8.486,8.426,8.490,8.601,8.652,8.958,8.724,8.986,8.889,8.767,8.674,17.582,0.180,0.386,0.798,0.300,-0.007,0.197,-0.047,0.224,0.859,0.491,-0.059,0.218,-0.050,0.188,0.012,0.093,0.074,0.088,0.160,0.138,0.023,0.007,0.042,0.110,0.115,0.055,0.127,0.099,0.059,0.092,0.141,0.060,0.103,0.095,0.072,0.077,0.100,0.111,0.004,-0.011,0.278,0.062,-0.119,-0.134,-0.197,-0.225,-0.070,0.016,-0.160,-0.222,-0.017,-0.105,-0.224,-0.236,-0.215,-0.092,-0.020,-0.146,-0.144,-0.135,-0.077,-0.062,-0.147,-0.174,-0.109,-0.077,-0.073,-0.151,-0.089,-0.089,-0.199,-0.147,-0.190,-0.152,-0.175,-0.190,-0.168,-0.238,-0.225,-0.158,-0.137,0.225
7.164,7.566,7.676,6.646,5.124,4.520,4.928,6.860,8.051,7.098,6.425,6.708,6.586,6.539,6.010,5.911,6.481,6.773,6.992,6.812,6.852,6.993,7.254,7.222,7.498,7.364,7.659,7.327,7.311,7.831,7.859,8.027,8.026,8.323,8.373,8.247,8.553,8.630,8.376,8.607,18.313,0.194,0.172,0.432,0.028,-0.342,0.056,0.002,-0.075,0.349,0.366,-0.200,-0.142,-0.357,-0.183,-0.106,-0.058,-0.028,-0.072,0.026,0.110,-0.027,-0.058,-0.073,-0.010,-0.017,0.013,-0.066,-0.076,-0.061,-0.141,-0.114,-0.131,-0.088,-0.200,-0.212,-0.146,-0.274,-0.310,-0.218,-0.159,0.533,0.020,-0.223,-0.312,-0.235,-0.119,-0.093,-0.005,-0.270,-0.424,-0.157,-0.105,-0.204,-0.124,-0.202,-0.063,-0.014,-0.097,-0.119,-0.158,-0.107,-0.092,-0.140,-0.159,-0.144,-0.108,-0.077,-0.147,-0.081,-0.069,-0.157,-0.127,-0.143,-0.147,-0.151,-0.154,-0.139,-0.187,-0.182,-0.112,-0.124,0.079
7.902,6.775,6.993,5.831,4.303,4.740,5.011,5.804,7.732,7.498,5.656,5.954,4.890,5.983,5.455,5.716,6.152,6.368,6.673,6.530,5.918,6.123,6.443,6.813,7.055,7.098,7.216,7.249,7.254,7.143,7.464,7.387,7.384,7.423,7.214,7.564,7.549,7.599,7.587,7.319,18.802,0.111,-0.240,-0.178,-0.281,-0.389,-0.120,-0.120,-0.608,-0.432,-0.046,-0.418,-0.501,-0.454,-0.526,-0.147,-0.022,-0.332,-0.274,-0.323,-0.245,-0.240,-0.305,-0.395,-0.310,-0.168,-0.182,-0.351,-0.198,-0.169,-0.379,-0.267,-0.314,-0.376,-0.408,-0.384,-0.309,-0.452,-0.445,-0.263,-0.311,0.396,-0.036,-0.167,-0.310,-0.142,0.063,-0.090,-0.035,-0.164,-0.348,-0.225,-0.014,-0.040,0.096,-0.055,0.028,0.017,-0.018,-0.054,-0.101,-0.064,0.015,-0.032,-0.056,-0.051,-0.055,-0.053,-0.051,-0.039,-0.023,-0.023,-0.043,-0.018,-0.069,-0.033,-0.009,-0.026,-0.019,-0.015,0.007,0.004,-0.046
7.615,7.055,7.116,5.991,4.212,4.672,5.456,5.235,6.704,7.019,5.780,5.487,4.996,5.492,5.548,5.629,6.267,6.305,6.572,6.370,5.800,6.681,6.859,6.917,7.049,6.846,6.923,6.953,7.062,6.899,7.135,7.346,7.429,7.174,7.417,7.603,7.226,7.121,7.609,7.671,19.208,0.082,-0.331,-0.343,-0.285,-0.029,-0.135,-0.074,-0.603,-0.560,-0.211,-0.251,-0.218,-0.040,-0.290,-0.019,0.074,-0.045,-0.206,-0.326,-0.167,-0.156,-0.245,-0.283,-0.252,-0.196,-0.136,-0.202,-0.073,-0.063,-0.178,-0.148,-0.176,-0.261,-0.242,-0.189,-0.177,-0.220,-0.228,-0.150,-0.199,0.238,-0.016,-0.081,-0.196,-0.050,0.160,-0.038,-0.066,0.008,-0.138,-0.220,0.040,0.089,0.160,0.092,0.062,0.024,0.041,0.020,0.005,-0.019,0.081,0.010,0.041,0.047,-0.005,-0.005,0.032,0.015,0.008,0.080,0.039,0.057,0.029,0.079,0.074,0.040,0.113,0.118,0.061,0.062,-0.089
7.734,6.353,6.616,5.690,4.520,4.458,4.622,4.575,5.799,6.614,5.320,5.539,5.962,5.100,5.552,6.039,5.576,6.191,6.233,6.333,5.909,5.831,6.116,6.100,6.749,6.998,6.877,7.144,7.043,7.055,7.454,7.262,7.019,7.189,7.516,7.498,7.388,7.419,7.835,7.588,19.113,0.054,-0.196,-0.362,-0.256,0.149,-0.159,-0.183,-0.334,-0.424,-0.347,-0.101,0.059,0.273,-0.035,0.108,0.113,-0.005,-0.117,-0.169,-0.045,0.165,-0.061,-0.130,-0.022,-0.068,-0.134,-0.062,-0.096,-0.054,-0.004,-0.055,-0.006,-0.154,-0.048,0.017,-0.037,-0.023,-0.006,0.007,0.030,0.193,0.001,0.032,-0.041,0.029,0.132,0.045,-0.024,0.161,0.043,-0.159,0.056,0.121,0.087,0.142,0.056,-0.009,0.075,0.074,0.106,0.044,0.119,0.098,0.138,0.113,0.035,0.064,0.091,0.033,0.019,0.118,0.065,0.076,0.106,0.122,0.089,0.061,0.120,0.109,0.057,0.079,-0.049
7.657,6.121,6.151,5.293,4.874,3.988,4.751,4.462,6.219,6.487,5.337,5.826,5.848,5.531,5.866,6.121,6.542,5.833,5.583,6.075,6.076,5.913,6.001,6.318,6.669,6.732,6.820,7.014,7.100,6.987,7.124,7.207,6.905,7.230,7.275,7.393,7.534,7.583,7.503,7.480,19.348,0.145,-0.254,-0.456,-0.233,0.187,-0.114,-0.297,-0.173,-0.344,-0.582,-0.156,0.024,0.078,0.033,0.079,-0.004,0.012,-0.049,-0.025,-0.085,0.175,-0.131,-0.001,0.082,-0.090,-0.037,-0.048,-0.052,-0.078,0.071,-0.027,0.001,-0.053,0.014,-0.042,-0.083,0.074,0.062,-0.047,-0.018,0.190,-0.006,0.044,0.017,0.041,-0.022,0.055,0.013,0.146,0.020,-0.087,0.007,0.006,-0.030,0.043,0.004,-0.025,-0.013,0.072,0.112,0.028,0.044,0.106,0.105,0.035,0.036,0.052,0.058,0.031,0.010,0.048,0.039,0.031,0.097,0.079,0.053,0.037,0.054,0.029,0.020,0.042,-0.037
8.152,6.261,5.663,4.901,4.718,4.286,4.448,4.522,5.852,6.032,5.371,6.078,5.829,5.791,5.835,6.037,5.988,6.020,6.320,6.452,6.604,6.200,6.221,7.003,6.903,6.485,6.958,6.739,6.965,7.079,7.194,7.427,6.876,7.158,7.371,7.487,7.279,7.338,7.672,7.564,19.699,0.084,-0.119,-0.329,-0.162,0.161,0.096,-0.128,-0.020,-0.325,-0.657,-0.186,-0.018,-0.080,0.022,0.082,-0.029,0.014,0.019,0.055,-0.065,0.191,0.128,0.154,0.087,-0.048,0.086,0.028,-0.041,-0.065,0.086,-0.004,-0.025,0.049,0.077,-0.013,-0.050,-0.000,-0.047,-0.030,-0.008,0.174,-0.029,0.047,0.049,0.032,-0.100,0.030,0.082,0.074,-0.002,0.038,0.012,-0.056,-0.093,-0.016,-0.029,-0.015,-0.042,0.051,0.047,0.023,-0.066,0.092,0.053,-0.034,0.025,0.033,0.025,0.048,0.037,-0.010,0.007,0.004,0.079,0.033,0.013,0.029,0.015,-0.008,-0.001,-0.003,-0.062
8.130,5.833,5.313,5.220,5.049,4.189,4.059,4.397,4.955,4.399,4.974,5.338,5.454,5.312,5.803,5.611,6.124,6.147,6.402,5.887,6.325,5.844,6.802,6.878,6.520,6.920,6.641,6.897,6.710,7.241,7.128,7.269,7.235,7.258,7.278,7.193,7.651,7.471,7.455,7.592,19.863,0.038,-0.150,-0.277,-0.127,-0.144,0.014,-0.036,-0.032,-0.507,-0.489,-0.174,-0.151,-0.014,-0.102,0.012,0.019,-0.119,0.085,0.123,-0.019,0.051,0.192,0.100,-0.131,-0.028,0.014,0.042,0.055,-0.007,0.018,0.023,-0.010,0.122,0.088,0.092,0.013,0.037,-0.061,-0.034,0.030,0.062,-0.061,0.072,0.098,0.024,-0.095,-0.010,0.114,0.036,0.036,0.197,0.079,-0.023,-0.049,0.012,-0.031,0.011,-0.054,0.003,-0.001,0.034,-0.086,0.063,0.001,-0.027,0.037,-0.052,-0.001,0.026,0.065,-0.038,-0.009,0.003,0.042,0.003,0.008,0.045,0.002,0.001,0.012,0.006,-0.087
7.919,5.904,5.392,4.918,5.239,4.839,4.329,4.510,4.805,4.373,4.571,5.692,5.759,5.321,5.996,6.150,5.856,6.130,6.100,6.104,6.742,6.504,6.487,6.254,6.584,7.336,7.110,6.997,6.915,7.358,7.433,7.108,7.100,7.559,7.451,7.348,7.327,7.242,7.707,7.493,19.725,-0.038,-0.013,-0.207,-0.151,-0.185,-0.072,0.098,-0.034,-0.351,-0.205,-0.033,-0.136,-0.148,-0.048,-0.002,0.029,-0.149,0.073,-0.009,0.038,-0.103,0.236,0.085,-0.084,0.025,0.004,0.017,0.093,0.097,-0.025,-0.046,0.018,0.153,0.080,0.014,0.061,0.071,0.016,-0.004,-0.009,-0.055,-0.048,0.072,0.094,0.035,-0.028,-0.026,0.044,-0.005,0.060,0.213,0.087,-0.006,-0.007,0.038,-0.026,-0.023,-0.022,-0.030,-0.005,0.014,-0.072,-0.060,-0.022,0.028,0.033,-0.080,-0.052,-0.010,0.046,-0.040,-0.014,0.023,0.000,-0.035,-0.017,0.023,0.024,0.034,0.004,0.010,-0.101
7.962,5.551,4.901,4.650,3.891,3.784,4.630,4.308,4.206,4.873,4.869,5.265,5.813,5.256,5.848,6.162,6.011,6.201,6.306,6.152,6.264,6.720,6.367,6.038,6.690,6.379,6.955,7.160,7.092,6.936,7.117,7.318,7.402,7.471,7.695,7.526,7.697,7.325,7.317,7.664,19.646,-0.100,0.051,-0.025,-0.121,-0.115,-0.080,0.162,0.016,-0.151,0.177,0.160,-0.030,-0.134,0.126,-0.035,0.023,-0.174,-0.062,0.004,0.035,-0.110,0.128,0.037,0.031,0.061,-0.257,-0.047,0.009,0.167,-0.066,-0.051,-0.006,0.105,0.026,-0.018,0.085,0.046,0.036,0.002,0.014,-0.129,-0.065,0.050,0.074,0.041,0.063,0.035,-0.037,0.010,0.108,0.122,0.024,0.034,0.019,0.031,0.008,-0.023,0.054,-0.030,-0.007,-0.002,0.014,-0.115,-0.005,0.076,0.022,-0.013,-0.040,-0.030,0.006,-0.006,0.012,0.007,-0.042,-0.044,-0.025,0.010,-0.000,0.035,0.021,0.015,-0.117
8.045,6.339,4.835,4.434,4.373,4.128,4.651,4.396,4.474,4.768,5.260,5.434,4.912,5.579,5.801,5.907,5.300,6.360,6.323,6.511,6.118,6.941,6.862,7.004,6.940,6.775,6.886,7.070,7.260,7.106,6.970,7.491,7.555,7.454,7.233,7.627,7.613,7.492,7.720,7.483,19.533,-0.086,0.142,0.017,0.012,0.008,0.016,-0.008,-0.067,-0.203,0.075,0.084,-0.111,-0.057,0.096,-0.026,-0.145,-0.069,-0.058,0.088,-0.020,-0.086,-0.140,0.078,0.146,0.075,-0.176,-0.189,-0.071,0.078,-0.070,-0.036,0.088,0.060,-0.067,-0.041,0.030,0.113,0.077,-0.028,0.050,-0.236,-0.084,-0.027,0.022,0.006,0.015,0.026,-0.097,0.022,0.077,0.023,-0.057,0.006,0.072,-0.020,-0.006,0.003,0.117,0.008,-0.003,-0.020,0.067,-0.101,-0.049,0.006,-0.021,0.040,0.004,-0.019,-0.038,0.009,0.044,-0.015,-0.058,-0.030,0.001,-0.009,-0.028,0.005,0.011,0.014,-0.157
7.566,5.871,5.468,4.860,4.904,4.142,4.706,4.532,4.363,5.088,5.432,5.317,5.206,5.816,5.723,5.846,5.534,5.720,6.313,5.856,6.086,6.267,6.802,6.657,6.647,5.916,6.519,6.907,7.373,7.037,7.104,7.048,7.531,7.438,7.298,7.478,7.740,7.527,7.459,7.666,19.314,-0.261,0.023,-0.018,-0.003,0.072,0.145,-0.170,0.033,-0.039,-0.019,-0.113,0.005,0.038,-0.021,0.065,-0.008,0.110,0.001,0.041,0.001,0.110,-0.196,0.077,0.136,0.057,0.038,-0.054,-0.012,0.033,0.008,0.080,-0.011,-0.044,-0.057,-0.004,0.078,0.014,0.084,0.081,0.074,-0.433,-0.044,-0.070,-0.066,-0.049,-0.039,-0.018,-0.079,0.035,0.081,-0.032,-0.077,-0.027,0.046,-0.044,-0.026,0.014,0.094,0.038,-0.050,0.003,0.060,0.010,-0.060,-0.030,-0.046,0.108,0.064,0.018,-0.055,0.023,0.026,-0.021,-0.057,-0.014,0.012,-0.012,-0.046,-0.017,0.019,-0.007,-0.123
7.688,6.455,5.194,4.872,4.775,4.742,4.251,4.063,3.713,4.641,4.710,5.113,5.777,5.521,5.930,5.582,5.750,6.082,6.537,6.154,6.401,6.032,6.657,6.676,6.980,6.688,6.381,6.770,7.162,6.955,7.258,7.684,7.334,7.239,7.443,7.523,7.872,7.525,7.497,7.740,18.712,-0.378,-0.133,-0.101,-0.180,-0.205,-0.053,-0.219,0.067,-0.021,0.006,-0.182,-0.126,0.126,-0.075,-0.082,0.060,0.295,0.081,-0.044,-0.044,0.119,-0.105,-0.182,-0.105,-0.076,0.056,0.040,0.010,-0.026,-0.019,0.108,-0.054,-0.064,-0.030,0.010,0.021,-0.053,0.016,0.013,0.033,-0.687,0.036,-0.034,0.004,0.031,0.060,0.029,0.101,0.147,0.236,0.158,0.162,0.169,0.170,0.170,0.123,0.136,0.080,0.065,-0.020,0.058,0.040,0.128,-0.007,0.010,-0.002,0.097,0.116,0.046,-0.021,0.050,0.020,-0.027,-0.016,0.023,0.019,-0.017,-0.054,-0.027,0.020,-0.016,0.083
6.834,5.610,4.631,4.416,4.049,4.199,3.982,4.638,4.389,4.840,4.581,5.449,5.570,5.182,6.110,6.285,6.339,6.344,6.403,6.334,6.673,6.196,6.854,6.883,6.955,6.612,6.938,7.248,7.308,7.052,7.371,7.166,7.294,7.292,7.569,7.967,7.638,7.726,7.834,7.905,17.889,-0.174,-0.163,-0.294,-0.269,-0.203,-0.138,-0.129,0.123,0.164,0.054,-0.091,-0.155,0.003,-0.008,-0.139,-0.010,0.113,0.060,-0.179,0.064,0.087,0.159,-0.133,0.006,-0.095,0.166,0.160,0.061,-0.055,0.022,0.005,-0.041,-0.119,-0.062,0.017,0.030,-0.100,-0.017,0.077,-0.014,-0.516,0.163,0.113,0.191,0.234,0.220,0.164,0.274,0.195,0.338,0.363,0.430,0.388,0.387,0.446,0.352,0.225,0.084,0.113,0.099,0.140,0.016,0.155,0.115,0.121,0.115,0.125,0.124,0.082,0.032,0.080,0.050,0.069,0.043,0.043,0.017,-0.020,0.010,-0.017,-0.005,-0.015,0.329
6.523,5.806,4.747,3.757,3.776,3.836,3.918,4.679,4.357,4.923,4.773,4.740,5.359,5.520,5.197,5.985,6.375,6.454,6.058,6.055,6.421,6.450,5.927,6.367,6.404,6.707,6.874,6.951,7.164,7.003,7.379,7.164,7.356,7.379,7.147,7.489,7.401,7.470,7.598,7.530,16.811,0.052,0.064,0.176,0.298,0.447,0.301,0.475,0.620,0.873,0.827,0.881,0.817,0.810,0.939,0.692,0.536,0.330,0.237,0.096,0.238,0.128,0.321,0.148,0.262,0.139,0.244,0.283,0.124,0.015,0.174,0.102,-0.033,0.018,0.049,0.045,-0.030,-0.100,-0.009,0.074,0.013,0.222,0.189,0.160,0.304,0.343,0.285,0.258,0.274,0.153,0.298,0.387,0.457,0.473,0.452,0.466,0.458,0.254,0.069,0.087,0.177,0.173,0.012,0.075,0.198,0.173,0.203,0.175,0.173,0.150,0.123,0.146,0.118,0.150,0.098,0.069,0.048,0.038,0.080,0.045,0.024,0.044,0.450
7.281,5.379,4.219,4.072,4.389,3.904,4.230,4.841,4.862,5.214,4.947,4.727,5.428,5.774,5.395,5.592,5.787,5.832,5.657,6.224,6.511,6.854,6.504,6.843,6.461,6.736,7.073,7.122,7.099,7.122,7.067,7.104,6.926,7.060,7.532,7.645,7.473,7.472,7.794,7.700,17.684,0.340,0.491,0.799,0.926,0.848,0.790,0.852,0.732,1.206,1.388,1.507,1.475,1.630,1.703,1.436,0.881,0.512,0.488,0.467,0.558,0.188,0.367,0.486,0.558,0.525,0.568,0.444,0.341,0.175,0.313,0.332,0.321,0.131,0.119,0.061,0.006,0.089,0.013,0.025,0.011,0.757,0.098,0.163,0.313,0.256,0.177,0.195,0.129,0.035,0.072,0.208,0.231,0.256,0.242,0.188,0.253,0.144,0.056,0.036,0.160,0.091,-0.015,-0.044,0.106,0.075,0.184,0.172,0.193,0.207,0.210,0.189,0.193,0.203,0.159,0.116,0.076,0.085,0.128,0.101,0.043,0.109,0.271
7.723,6.889,6.282,6.536,6.839,6.394,6.502,7.063,7.842,8.587,8.932,9.557,9.895,9.918,9.747,8.610,7.677,7.525,7.392,7.400,7.121,7.310,7.573,8.004,7.920,7.847,7.729,7.452,7.341,7.792,7.922,7.550,7.609,7.601,7.687,7.532,7.453,7.609,7.887,7.910,19.924,0.310,0.341,0.874,0.938,0.696,0.771,0.660,0.526,0.948,1.274,1.306,1.424,1.573,1.399,1.421,0.883,0.442,0.300,0.517,0.575,0.128,0.166,0.498,0.483,0.628,0.728,0.762,0.621,0.474,0.564,0.532,0.516,0.304,0.227,0.230,0.225,0.252,0.226,0.162,0.243,0.926,-0.005,0.069,0.084,-0.018,-0.072,-0.063,-0.121,-0.178,-0.265,-0.192,-0.233,-0.269,-0.267,-0.326,-0.235,-0.150,-0.084,-0.093,-0.024,-0.063,-0.060,-0.129,-0.060,-0.062,0.051,0.061,0.128,0.185,0.201,0.169,0.166,0.175,0.163,0.106,0.088,0.128,0.148,0.142,0.094,0.154,-0.078
7.935,7.522,7.858,7.659,6.756,6.869,6.949,7.105,8.677,9.947,10.035,10.415,11.454,11.498,11.017,9.378,8.246,8.251,8.070,8.449,7.264,7.600,8.459,8.856,8.824,8.881,8.729,8.703,8.092,8.222,8.761,8.578,7.823,7.774,7.605,7.975,8.056,7.721,7.812,7.770,20.118,0.188,0.511,0.923,0.690,0.557,0.600,0.426,0.345,0.486,0.871,0.854,0.821,0.830,0.700,0.764,0.537,0.339,0.206,0.413,0.348,0.010,0.016,0.222,0.268,0.583,0.782,0.888,0.848,0.767,0.771,0.754,0.698,0.534,0.428,0.305,0.328,0.362,0.371,0.251,0.415,0.487,-0.111,-0.061,-0.155,-0.209,-0.171,-0.226,-0.226,-0.240,-0.410,-0.433,-0.468,-0.538,-0.569,-0.572,-0.510,-0.293,-0.145,-0.146,-0.128,-0.167,-0.053,-0.115,-0.133,-0.132,-0.092,-0.119,-0.007,0.050,0.098,0.089,0.068,0.056,0.121,0.089,0.098,0.126,0.118,0.148,0.133,0.154,-0.305
7.746,6.440,7.296,6.655,6.075,6.209,5.857,6.178,7.192,8.925,8.760,9.014,10.211,9.655,9.491,8.506,7.353,6.745,7.439,7.818,6.687,6.908,7.438,7.777,8.361,9.274,9.855,9.267,9.039,9.273,9.193,9.010,8.426,8.159,8.260,8.447,8.368,8.474,8.399,8.708,20.226,0.102,0.397,0.536,0.327,0.234,0.080,0.082,-0.079,-0.091,0.126,0.044,-0.199,-0.126,-0.189,-0.148,-0.044,-0.004,-0.085,0.003,0.027,-0.081,-0.147,-0.022,0.094,0.365,0.441,0.701,0.793,0.722,0.791,0.722,0.653,0.632,0.424,0.363,0.451,0.501,0.523,0.431,0.580,-0.034,-0.107,-0.070,-0.254,-0.201,-0.153,-0.228,-0.161,-0.188,-0.296,-0.404,-0.397,-0.450,-0.458,-0.394,-0.410,-0.223,-0.070,-0.012,-0.075,-0.114,-0.005,-0.018,-0.041,-0.052,-0.116,-0.195,-0.126,-0.075,-0.057,-0.056,-0.046,-0.047,0.022,0.034,0.027,0.058,0.053,0.063,0.099,0.044,-0.341
8.208,8.157,8.325,7.461,7.556,6.994,6.682,7.010,7.618,9.398,9.303,9.103,9.420,9.404,9.340,8.331,7.645,7.254,7.699,7.756,6.778,7.133,7.682,8.297,9.156,9.930,10.450,10.456,10.084,10.237,10.201,9.862,9.188,8.920,8.769,8.830,8.827,8.892,8.792,9.375,19.968,-0.113,0.159,0.195,0.188,0.221,0.003,0.011,-0.166,-0.322,-0.204,-0.200,-0.406,-0.364,-0.364,-0.327,-0.119,0.012,-0.048,0.083,-0.001,0.026,-0.051,0.080,0.095,0.196,0.114,0.439,0.507,0.540,0.645,0.580,0.532,0.571,0.465,0.483,0.525,0.552,0.604,0.555,0.615,-0.287,-0.071,-0.163,-0.322,-0.157,-0.166,-0.187,-0.125,-0.133,-0.139,-0.296,-0.241,-0.170,-0.154,-0.120,-0.144,-0.041,0.021,0.075,-0.016,-0.010,0.040,0.044,0.048,0.020,-0.102,-0.186,-0.173,-0.181,-0.171,-0.179,-0.139,-0.116,-0.081,-0.037,-0.033,-0.010,-0.010,-0.021,0.044,-0.052,-0.190
8.098,8.555,8.726,8.268,7.610,6.733,7.046,6.716,7.916,9.492,9.516,9.217,10.283,10.019,9.847,8.913,7.957,7.600,7.594,7.879,6.960,6.806,7.852,8.754,9.582,9.525,10.373,10.540,9.953,10.738,10.813,10.170,10.088,9.150,8.919,9.358,9.571,9.638,9.552,10.007,19.828,-0.072,0.168,-0.032,0.186,0.100,-0.070,0.065,-0.161,-0.125,-0.211,-0.154,-0.214,-0.120,-0.040,-0.083,0.097,0.255,0.369,0.306,0.180,0.094,0.107,0.362,0.311,0.240,0.087,0.356,0.417,0.302,0.348,0.392,0.364,0.397,0.378,0.277,0.415,0.422,0.426,0.506,0.364,-0.391,0.022,-0.128,-0.223,-0.124,-0.125,-0.101,-0.072,-0.060,0.009,-0.109,-0.054,0.100,0.082,0.077,0.031,0.053,0.054,0.101,0.036,0.043,0.037,0.074,0.064,0.042,-0.067,-0.073,-0.139,-0.192,-0.147,-0.219,-0.162,-0.136,-0.134,-0.069,-0.078,-0.085,-0.095,-0.110,-0.057,-0.130,0.037
7.193,7.258,8.119,7.793,7.094,6.624,6.408,6.006,6.703,8.643,8.654,8.285,9.598,9.494,9.204,8.579,8.004,7.582,8.406,8.413,7.260,7.398,8.651,8.841,9.195,9.324,10.664,10.599,10.337,10.714,10.850,10.660,9.849,9.603,9.692,10.144,10.216,10.158,10.013,10.194,18.880,-0.079,-0.190,-0.406,-0.026,-0.206,-0.263,-0.192,-0.281,-0.189,-0.438,-0.251,-0.020,0.058,0.025,0.010,0.264,0.314,0.354,0.181,0.224,0.122,0.106,0.270,0.258,0.138,0.030,0.193,0.133,0.120,0.098,0.223,0.260,0.249,0.267,0.181,0.294,0.351,0.313,0.432,0.265,-0.283,0.149,0.004,-0.074,-0.079,-0.067,-0.010,-0.004,0.026,0.081,0.022,0.045,0.159,0.108,0.072,0.055,0.030,-0.010,-0.027,-0.064,0.003,0.016,0.045,-0.027,-0.000,-0.042,0.016,-0.118,-0.150,-0.116,-0.208,-0.172,-0.135,-0.131,-0.128,-0.123,-0.143,-0.148,-0.156,-0.153,-0.163,0.234
7.892,7.728,7.239,7.418,6.805,6.045,6.320,5.877,7.025,8.246,8.315,8.353,9.520,9.410,9.147,8.868,8.450,8.424,8.614,8.387,6.919,7.313,8.763,9.060,9.541,10.012,11.529,11.281,10.421,10.775,10.828,10.431,10.079,9.709,9.186,9.867,9.785,9.969,10.316,10.121,18.814,0.197,-0.070,-0.281,-0.188,-0.178,-0.294,-0.176,-0.320,-0.111,-0.300,-0.202,0.106,0.073,0.001,-0.159,0.031,0.113,0.222,0.132,0.131,0.058,0.145,0.201,0.224,0.061,0.119,0.130,0.022,0.199,-0.032,0.090,0.110,0.126,0.179,0.124,0.143,0.127,0.118,0.210,0.107,0.147,0.165,0.074,0.106,0.005,0.034,0.121,0.066,0.130,0.040,0.112,0.091,0.093,0.029,-0.011,0.019,-0.043,-0.085,-0.180,-0.105,-0.011,0.029,0.040,-0.084,-0.049,-0.029,0.047,-0.113,-0.104,-0.071,-0.143,-0.141,-0.082,-0.092,-0.140,-0.051,-0.102,-0.101,-0.094,-0.161,-0.123,0.334
7.918,7.618,7.040,7.754,6.927,6.024,6.086,6.026,7.117,7.830,8.648,9.437,10.089,9.832,9.738,9.674,8.968,8.612,8.095,8.620,7.407,7.409,8.574,9.436,9.864,9.835,10.837,10.750,10.451,10.708,11.307,11.034,10.436,9.975,9.541,10.045,10.474,10.290,10.570,10.643,19.060,0.495,0.297,-0.051,-0.021,0.023,0.063,0.112,0.046,0.077,-0.048,0.047,0.230,0.077,-0.023,-0.012,0.063,0.032,-0.112,-0.152,0.037,0.124,0.156,0.025,0.138,0.077,0.180,-0.040,-0.044,0.010,-0.204,-0.127,-0.015,0.051,-0.074,-0.055,-0.055,-0.038,-0.022,-0.062,-0.070,0.614,0.150,0.170,0.234,0.091,0.094,0.182,0.148,0.214,0.005,0.178,0.108,-0.034,-0.078,-0.052,-0.006,-0.089,-0.108,-0.190,-0.037,-0.007,0.002,0.012,-0.065,-0.077,-0.013,0.062,-0.074,-0.040,-0.083,-0.089,-0.119,-0.084,-0.075,-0.141,-0.033,-0.069,-0.062,-0.062,-0.137,-0.117,0.287
8.719,8.026,7.858,7.348,6.803,5.565,6.327,5.108,7.152,8.398,8.509,9.173,10.402,9.854,8.786,8.521,8.039,8.194,8.412,8.432,7.177,7.526,8.897,9.574,9.550,9.864,10.934,10.574,10.889,10.580,11.034,10.533,10.423,9.861,9.613,10.124,10.074,10.160,10.323,10.316,20.473,0.467,0.295,0.319,0.209,0.153,0.372,0.241,0.326,-0.059,0.155,0.154,0.126,0.015,-0.071,0.022,-0.018,-0.031,-0.297,-0.053,0.216,0.240,0.280,0.066,0.125,0.123,0.249,-0.090,-0.017,-0.001,-0.218,-0.136,0.090,0.038,-0.152,0.139,0.077,0.109,0.125,-0.052,-0.084,0.828,0.030,0.100,0.175,0.100,0.055,0.123,0.070,0.199,0.004,0.096,0.040,-0.074,-0.121,-0.040,0.052,-0.018,-0.036,-0.110,0.016,0.027,0.012,-0.033,-0.038,-0.072,-0.010,0.036,-0.027,-0.019,-0.101,-0.003,-0.040,-0.067,-0.052,-0.080,-0.022,-0.002,0.005,-0.028,-0.068,-0.081,0.104
9.255,8.593,7.556,7.724,7.209,7.180,6.965,6.622,7.024,8.326,8.794,9.023,9.544,9.159,9.326,9.068,8.369,7.139,7.746,8.574,7.751,8.070,8.708,9.275,9.577,10.300,10.759,10.735,10.153,9.790,10.110,10.533,9.930,9.156,9.206,9.741,9.880,9.953,9.701,9.745,21.121,0.536,0.480,0.462,0.232,0.099,0.316,0.341,0.466,-0.190,0.226,0.113,-0.201,-0.304,-0.199,-0.111,-0.157,-0.152,-0.336,0.091,0.148,0.040,0.096,0.012,-0.077,0.042,0.277,-0.067,-0.049,-0.193,-0.255,-0.261,-0.151,-0.084,-0.272,0.008,-0.019,0.049,-0.001,-0.120,-0.227,0.812,-0.071,0.011,0.075,0.011,0.001,-0.048,-0.046,0.043,0.025,-0.028,-0.032,-0.048,-0.061,0.023,0.023,-0.017,-0.008,0.026,0.114,0.039,0.001,-0.052,0.014,-0.020,-0.013,-0.012,0.033,-0.016,-0.027,0.099,0.077,-0.039,-0.000,0.027,0.007,0.066,0.050,0.010,0.024,-0.008,-0.075
9.558,8.715,8.576,8.479,7.428,7.329,7.084,7.207,6.779,8.771,9.013,9.190,9.867,9.393,9.462,9.079,8.597,7.676,8.525,9.490,7.946,8.383,9.025,9.766,10.301,11.024,11.118,11.203,10.566,10.142,10.746,11.132,10.523,9.356,10.048,10.405,10.628,10.761,10.491,10.151,21.925,0.326,0.339,0.337,0.184,0.056,0.194,0.058,0.465,0.044,0.044,-0.037,-0.048,-0.342,-0.113,0.152,0.051,0.026,-0.216,0.089,0.213,0.158,0.010,0.017,-0.031,0.026,0.250,0.006,-0.073,-0.203,-0.020,-0.042,-0.155,-0.065,-0.120,-0.016,0.115,0.106,-0.034,-0.099,-0.219,0.567,-0.113,-0.048,-0.053,-0.050,0.006,-0.091,-0.056,-0.049,0.111,-0.074,-0.018,0.035,0.053,0.092,0.036,0.029,0.042,0.131,0.069,-0.040,-0.025,-0.066,-0.023,-0.041,-0.056,-0.099,0.006,-0.042,-0.019,0.071,0.072,-0.046,-0.020,0.038,-0.053,-0.007,-0.032,-0.041,-0.011,-0.009,-0.180
10.176,9.671,8.991,8.347,7.111,6.722,7.411,7.308,6.354,8.772,8.961,8.423,8.836,9.067,8.847,8.611,7.926,7.191,8.492,8.831,7.224,7.460,8.571,8.956,9.699,10.640,10.411,10.192,9.647,9.654,10.147,9.979,9.966,8.869,9.361,9.808,10.444,9.986,9.888,9.591,22.394,0.210,0.332,0.315,0.046,0.077,-0.086,-0.027,0.190,0.152,-0.132,-0.016,0.076,-0.047,0.112,0.040,-0.056,-0.037,-0.022,0.347,0.235,0.168,0.029,0.121,0.114,0.063,0.121,0.077,-0.094,-0.023,0.190,0.210,-0.089,0.101,0.043,0.060,0.259,0.211,0.108,0.080,-0.042,0.369,-0.144,-0.144,-0.117,-0.051,0.069,-0.000,-0.026,-0.086,0.145,-0.012,0.036,0.099,0.187,0.118,0.054,0.064,0.096,0.205,0.031,-0.027,0.021,0.000,-0.029,-0.005,-0.017,-0.125,-0.002,0.008,0.042,0.036,0.074,0.056,-0.023,0.043,0.007,-0.026,-0.044,-0.004,-0.006,0.029,-0.197
9.886,9.181,8.826,7.955,7.135,6.767,6.393,7.089,7.707,8.395,8.241,9.231,9.045,9.335,9.785,9.007,8.392,7.088,8.484,9.367,8.233,7.880,9.052,9.579,9.619,10.943,11.137,10.481,10.127,10.549,10.805,10.036,10.079,9.405,9.453,10.665,10.325,9.974,9.732,9.298,22.671,0.064,0.129,0.127,0.054,0.194,0.119,0.143,0.221,0.323,-0.035,0.127,0.160,0.153,0.235,0.128,0.076,0.123,0.201,0.163,-0.028,0.051,-0.016,-0.104,-0.177,-0.168,-0.168,-0.133,-0.204,-0.179,-0.088,-0.011,-0.169,-0.155,-0.121,-0.151,-0.096,-0.131,-0.136,-0.206,-0.219,0.147,-0.091,-0.092,-0.066,0.002,0.089,0.068,0.059,-0.092,0.053,0.092,0.084,0.050,0.191,0.075,-0.020,0.010,0.038,0.149,0.016,-0.035,-0.053,-0.010,-0.072,-0.015,0.035,-0.091,-0.022,0.050,0.027,-0.028,0.021,0.084,-0.035,0.004,0.024,-0.078,-0.047,0.011,-0.002,0.049,-0.151
10.140,10.021,9.007,8.217,7.742,7.030,7.175,7.632,7.320,7.855,9.101,9.384,9.719,9.747,9.362,8.824,8.287,7.324,9.501,9.812,8.450,8.467,9.298,9.938,10.234,10.944,11.135,10.624,10.256,10.537,11.132,10.635,10.657,9.345,9.805,10.906,11.089,10.886,10.481,9.961,22.595,-0.054,-0.138,-0.019,0.043,0.375,0.354,0.166,0.158,0.394,0.203,0.210,0.188,0.384,0.215,0.172,0.153,0.277,0.480,0.210,0.134,0.199,0.110,-0.073,-0.027,0.052,-0.140,-0.010,0.059,0.005,-0.042,0.096,0.135,-0.152,-0.058,0.112,-0.044,-0.051,0.030,-0.095,-0.083,0.037,-0.066,-0.068,-0.050,0.006,-0.010,0.044,-0.000,-0.088,-0.029,0.083,-0.009,-0.031,0.064,-0.017,-0.043,-0.029,-0.025,0.006,-0.083,-0.074,-0.105,-0.069,-0.096,-0.049,0.007,-0.069,-0.064,0.021,-0.011,-0.041,-0.037,0.024,-0.075,-0.018,-0.005,-0.093,-0.087,-0.061,-0.047,-0.012,-0.106
9.894,9.185,9.205,8.815,8.083,7.768,7.918,8.149,7.911,9.056,9.577,9.511,10.189,10.230,9.845,9.350,9.033,8.613,8.834,8.858,7.589,7.802,8.142,8.392,9.193,10.033,10.091,9.965,9.369,9.262,10.200,9.960,9.403,8.512,9.072,9.378,9.648,9.631,9.162,8.872,22.561,0.003,0.115,0.174,0.197,0.354,0.314,0.254,0.019,0.190,0.335,0.272,0.145,0.395,0.210,-0.014,-0.005,0.061,0.280,0.238,0.088,-0.120,-0.078,-0.247,-0.036,0.209,-0.076,-0.063,0.103,-0.084,-0.045,0.122,0.151,-0.113,-0.052,0.078,-0.123,0.002,0.058,-0.020,0.045,-0.022,-0.023,0.006,-0.030,-0.034,-0.135,-0.070,-0.059,-0.072,-0.113,-0.032,-0.130,-0.086,-0.072,-0.118,-0.075,-0.080,-0.088,-0.131,-0.055,-0.057,-0.081,-0.036,0.015,0.023,0.009,-0.013,-0.049,-0.012,0.021,0.037,-0.018,0.008,0.042,0.061,0.022,0.034,0.017,-0.010,0.025,0.010,-0.041
9.901,8.980,8.706,8.132,8.514,7.989,7.478,7.569,8.222,9.456,9.342,9.225,10.185,9.694,9.678,9.204,8.991,8.829,9.370,9.753,8.543,8.051,8.663,9.413,10.171,10.398,10.886,10.746,10.050,10.089,10.928,10.693,9.543,9.025,10.113,10.232,10.526,10.306,9.700,9.391,22.635,-0.092,-0.002,0.043,0.004,-0.051,0.036,-0.084,-0.151,0.072,0.097,-0.135,-0.072,0.151,0.037,-0.105,-0.160,-0.132,-0.034,-0.106,-0.193,-0.271,-0.287,-0.289,-0.201,-0.089,-0.271,-0.277,-0.145,-0.126,-0.034,-0.041,-0.128,-0.295,-0.082,-0.078,-0.192,-0.290,-0.293,-0.247,-0.234,-0.076,0.015,0.071,0.019,0.007,-0.143,-0.088,-0.001,0.038,-0.104,-0.089,-0.132,-0.079,-0.147,-0.132,-0.031,-0.062,-0.077,-0.142,-0.045,-0.088,-0.087,0.007,0.068,-0.004,-0.078,-0.023,-0.077,-0.069,0.017,0.006,-0.069,-0.044,0.087,0.069,-0.028,0.067,0.049,-0.008,0.007,-0.011,0.005
10.019,10.278,9.847,8.983,8.517,7.856,7.512,7.214,8.206,9.268,9.482,10.036,10.787,10.412,9.559,8.789,8.345,7.735,9.741,9.834,7.586,7.696,8.135,9.660,10.694,10.836,10.946,10.933,9.809,10.549,11.520,10.764,10.068,9.306,9.692,10.387,10.618,10.555,10.020,9.806,22.543,-0.034,0.089,-0.056,-0.094,-0.269,-0.072,-0.025,0.015,-0.079,-0.144,-0.350,-0.140,-0.093,-0.266,-0.111,-0.169,-0.114,-0.196,0.046,-0.150,-0.120,0.000,0.081,0.024,-0.052,-0.168,-0.243,-0.161,-0.008,0.094,-0.033,0.005,0.125,0.194,0.053,0.147,0.072,-0.026,-0.007,-0.091,-0.000,0.014,0.010,-0.014,0.003,-0.049,-0.021,0.042,0.119,-0.053,-0.086,-0.077,-0.034,-0.133,-0.103,0.015,-0.027,-0.029,-0.041,-0.061,-0.071,-0.004,0.037,0.087,-0.026,-0.145,-0.073,-0.053,-0.067,0.031,-0.035,-0.084,-0.045,0.047,0.030,-0.019,0.059,0.039,-0.000,-0.021,-0.024,0.034
9.617,9.464,8.903,8.153,7.269,7.164,6.957,7.346,7.531,8.235,8.475,8.763,10.175,9.843,8.979,8.304,7.973,7.593,8.520,8.361,7.097,7.087,7.856,8.298,9.038,9.186,9.321,9.415,9.405,9.724,10.268,9.595,8.848,8.539,9.106,9.442,9.156,8.957,8.818,8.324,22.223,0.037,0.228,0.189,0.225,-0.027,0.104,0.299,0.348,0.008,-0.000,-0.141,-0.063,-0.107,-0.206,0.064,-0.077,-0.019,0.006,0.080,-0.187,-0.235,0.104,0.105,-0.078,-0.208,-0.207,-0.302,-0.156,0.052,-0.081,-0.174,-0.014,0.161,0.164,-0.017,0.157,0.157,0.030,-0.066,-0.068,0.053,0.025,0.003,0.021,0.049,0.104,0.024,0.066,0.070,-0.002,0.013,0.092,0.045,-0.069,-0.031,-0.016,0.008,0.002,0.029,-0.024,-0.020,0.026,0.024,0.020,-0.025,-0.082,-0.033,0.042,0.024,0.025,-0.020,0.007,0.015,0.050,0.011,0.036,0.031,0.057,0.065,0.018,0.053,0.034
9.866,9.391,8.828,8.335,7.358,7.821,8.053,8.338,7.864,8.946,8.262,9.042,9.731,8.823,9.641,8.953,8.973,8.250,9.488,8.806,7.714,8.286,8.952,9.068,9.502,9.797,9.658,9.825,9.654,9.915,10.367,10.534,10.378,9.723,9.841,10.506,10.692,10.176,9.567,8.951,22.765,0.006,0.048,0.030,0.099,0.094,0.174,0.272,0.362,-0.042,-0.046,-0.110,-0.029,-0.139,-0.183,-0.024,-0.180,-0.141,0.055,-0.158,-0.272,-0.158,-0.089,-0.011,-0.230,-0.458,-0.471,-0.318,-0.225,-0.018,-0.195,-0.230,-0.131,-0.107,-0.023,-0.047,-0.004,-0.023,-0.103,-0.214,-0.158,0.083,-0.000,-0.034,0.017,0.038,0.134,-0.003,-0.029,-0.065,0.027,0.064,0.166,0.051,-0.006,0.057,-0.065,0.006,-0.035,-0.003,-0.109,-0.057,0.012,-0.094,-0.113,-0.082,-0.081,-0.036,0.067,0.041,0.005,0.008,0.063,-0.005,-0.056,-0.025,0.047,-0.067,-0.052,-0.001,0.013,0.044,-0.025
10.165,10.566,10.160,9.582,8.960,8.529,8.703,8.745,8.432,9.616,9.248,9.408,10.176,9.457,9.957,8.738,8.579,8.602,9.894,9.331,7.303,8.274,8.782,9.320,9.726,9.881,10.018,10.522,10.387,10.004,10.634,10.740,10.195,9.636,9.952,10.958,11.272,10.644,9.594,9.478,22.788,0.012,0.031,0.105,0.150,0.284,0.035,0.097,0.025,0.042,0.111,0.206,0.095,-0.169,-0.161,-0.231,-0.113,-0.106,-0.017,-0.122,-0.230,-0.122,-0.121,-0.142,-0.199,-0.294,-0.285,-0.032,0.008,0.006,0.010,0.093,0.017,0.071,0.081,0.153,0.037,0.045,0.072,-0.056,0.063,0.054,-0.033,-0.074,-0.054,-0.070,-0.011,-0.100,-0.127,-0.137,0.043,0.029,0.076,0.006,-0.007,0.034,-0.083,-0.021,-0.063,-0.112,-0.154,-0.079,0.050,-0.116,-0.143,-0.082,-0.046,-0.020,0.044,-0.010,-0.047,0.038,0.065,-0.008,-0.055,0.006,0.039,-0.103,-0.099,-0.040,0.059,0.009,-0.060
9.773,9.967,9.368,8.765,8.142,8.043,7.999,8.326,7.548,8.349,8.545,9.569,10.092,9.692,8.950,7.672,7.335,7.507,8.265,7.990,6.692,6.656,7.617,7.997,8.059,8.133,9.007,9.254,9.229,9.435,10.187,9.535,8.859,8.641,9.033,9.607,9.443,9.196,8.562,8.439,22.677,-0.023,0.017,0.071,0.131,0.244,-0.051,-0.067,-0.150,0.039,0.121,0.309,0.035,-0.092,-0.005,-0.287,-0.120,-0.244,-0.200,-0.397,-0.414,-0.116,-0.358,-0.361,-0.327,-0.414,-0.311,-0.042,-0.037,0.040,0.090,0.151,-0.036,-0.108,0.113,0.205,-0.129,-0.135,-0.055,0.051,0.062,-0.126,-0.029,-0.038,-0.047,-0.067,-0.068,-0.085,-0.097,-0.121,0.072,0.046,-0.007,-0.044,-0.018,0.016,0.005,-0.007,-0.045,-0.141,-0.105,-0.043,0.041,-0.011,-0.070,-0.014,0.038,0.055,0.018,-0.011,-0.046,0.013,0.012,0.008,0.027,0.017,0.016,-0.043,-0.047,-0.049,0.068,-0.001,-0.064
9.724,9.333,9.156,8.689,8.299,7.228,7.469,7.474,7.897,9.088,9.364,8.976,9.151,8.604,8.169,8.380,8.263,7.880,8.521,7.621,6.997,7.297,7.814,7.840,8.288,8.591,9.485,9.740,9.649,10.017,10.824,10.179,9.962,9.484,10.277,10.075,10.006,9.809,9.040,8.895,22.537,-0.114,-0.128,-0.103,-0.140,-0.155,-0.281,-0.165,-0.082,0.184,0.063,0.029,-0.064,-0.166,-0.126,-0.219,-0.212,-0.281,-0.425,-0.569,-0.511,-0.006,-0.343,-0.433,-0.437,-0.459,-0.388,-0.219,-0.302,-0.211,-0.035,-0.041,-0.103,-0.115,0.128,0.050,-0.295,-0.281,-0.195,0.096,-0.134,-0.142,-0.006,0.004,-0.033,-0.039,-0.079,0.037,0.010,0.028,0.076,-0.006,-0.099,-0.054,-0.004,0.022,0.086,0.001,-0.047,-0.108,-0.077,0.019,0.029,0.039,0.025,0.056,0.064,0.056,-0.019,-0.028,-0.040,-0.064,-0.076,-0.040,0.008,-0.054,-0.056,-0.002,-0.033,-0.077,0.017,-0.042,-0.027
9.973,10.090,9.683,9.437,8.909,8.217,8.335,8.225,8.325,9.815,9.748,9.432,9.786,9.227,9.103,8.532,7.913,7.613,8.188,7.593,7.285,6.985,7.633,8.171,8.150,8.885,9.712,10.032,10.222,10.361,11.025,10.632,9.954,10.362,10.705,10.301,10.652,10.320,10.101,9.552,22.261,-0.078,-0.060,-0.101,-0.092,-0.024,-0.096,-0.082,-0.190,0.246,0.210,-0.056,-0.170,-0.230,-0.121,-0.004,-0.164,-0.281,-0.447,-0.462,-0.345,-0.011,-0.032,-0.216,-0.181,-0.186,-0.145,-0.134,-0.126,-0.140,-0.110,-0.104,-0.030,0.119,0.040,0.084,-0.054,-0.093,-0.217,0.048,-0.063,-0.141,-0.007,0.017,0.013,-0.004,-0.034,0.097,0.064,0.102,0.065,-0.045,-0.079,-0.039,-0.057,-0.017,0.049,0.040,-0.004,-0.016,0.019,0.101,0.001,0.067,0.086,0.088,0.089,0.066,0.000,0.008,-0.051,-0.093,-0.074,-0.057,-0.001,-0.130,-0.086,0.048,-0.004,-0.026,-0.038,-0.034,0.037
9.496,9.862,9.489,8.546,7.800,7.039,7.711,8.384,8.965,9.198,8.794,9.157,9.498,9.062,8.784,7.248,6.885,6.422,7.088,6.972,6.975,6.396,6.607,7.050,7.386,7.567,8.573,8.622,8.833,9.368,10.010,9.679,9.071,9.415,9.369,9.135,9.260,9.109,9.304,8.254,22.288,0.010,0.090,0.025,0.065,0.024,0.244,0.155,0.185,0.318,0.036,-0.105,-0.072,-0.120,0.009,0.060,-0.084,-0.321,-0.434,-0.477,-0.168,-0.030,-0.091,-0.091,0.009,-0.087,-0.091,-0.082,-0.086,-0.102,-0.209,-0.161,-0.189,-0.001,-0.150,-0.064,-0.010,-0.138,-0.229,0.031,-0.083,-0.074,0.008,0.008,0.030,0.054,0.038,0.093,0.066,0.103,0.016,-0.058,-0.016,-0.052,-0.086,-0.044,-0.044,0.087,0.052,0.084,0.084,0.129,-0.029,0.058,0.103,0.092,0.076,0.071,0.025,0.046,-0.007,-0.054,-0.019,-0.036,-0.044,-0.135,-0.080,0.026,-0.005,0.032,-0.059,0.019,0.027
9.496,9.401,8.699,8.378,8.274,7.660,7.469,6.922,8.243,9.343,8.550,8.629,8.769,8.860,8.625,7.417,6.621,6.002,6.673,6.591,6.650,6.949,7.141,7.485,7.582,7.922,8.792,9.185,8.937,9.210,10.076,9.637,9.900,8.875,9.909,9.805,9.349,8.461,8.670,8.446,22.095,-0.118,-0.009,0.073,0.006,-0.014,0.172,0.093,0.226,0.295,-0.089,-0.016,-0.159,-0.402,-0.155,-0.181,0.014,-0.242,-0.276,-0.346,-0.080,-0.098,-0.149,-0.104,-0.111,-0.153,-0.130,-0.110,-0.105,-0.268,-0.286,-0.161,-0.277,-0.168,-0.400,-0.165,-0.032,-0.228,-0.168,-0.105,-0.135,0.024,0.015,-0.018,-0.005,0.020,-0.019,-0.023,0.018,0.073,-0.017,-0.069,0.011,-0.039,-0.083,-0.073,-0.089,0.033,0.082,0.123,0.115,0.106,-0.018,-0.004,0.041,0.013,0.034,0.026,-0.019,-0.006,0.015,-0.008,-0.009,-0.018,-0.084,-0.052,-0.101,-0.072,-0.037,0.071,-0.022,0.020,0.015
10.011,10.125,9.772,9.545,8.735,8.727,8.679,9.051,9.526,9.502,9.437,9.020,9.062,8.832,8.707,8.516,7.302,6.516,6.895,7.284,7.166,6.861,7.608,8.226,8.136,8.619,9.537,9.734,9.783,9.549,10.494,9.731,9.984,9.476,10.354,10.272,9.965,9.592,9.909,9.033,22.253,-0.052,-0.112,-0.042,0.079,0.029,0.050,0.077,0.226,0.239,-0.076,-0.069,-0.331,-0.511,-0.327,-0.351,0.134,-0.038,-0.092,-0.207,0.003,-0.107,0.005,0.025,-0.014,-0.097,-0.042,-0.105,-0.084,-0.181,-0.215,-0.109,-0.157,-0.192,-0.326,-0.224,-0.175,-0.240,-0.060,-0.122,0.000,-0.091,-0.005,-0.036,-0.054,-0.047,-0.040,-0.163,-0.075,-0.054,-0.071,-0.003,0.029,-0.004,-0.057,-0.056,-0.022,-0.021,0.106,0.117,0.103,0.050,0.004,0.004,-0.010,-0.026,0.043,0.017,-0.056,-0.040,0.047,0.027,-0.015,0.023,-0.030,0.016,-0.083,-0.089,-0.020,0.049,-0.007,0.020,-0.003
9.127,9.914,9.906,8.968,8.372,8.232,8.318,9.022,9.521,9.218,9.344,8.707,7.994,8.565,8.235,7.969,6.493,6.184,6.554,7.035,6.702,6.006,6.612,7.030,7.010,7.708,8.681,8.952,8.407,8.839,9.978,9.221,8.656,8.331,9.386,9.572,9.159,9.240,9.276,8.486,22.397,0.027,-0.050,-0.092,0.004,-0.123,-0.114,0.047,0.157,0.198,-0.080,-0.018,-0.233,-0.451,-0.318,-0.242,-0.106,-0.012,-0.003,-0.021,0.101,-0.062,-0.099,-0.066,-0.104,-0.012,-0.041,-0.220,-0.158,-0.027,-0.146,-0.175,-0.136,-0.203,-0.131,-0.340,-0.331,-0.228,0.052,0.014,-0.004,-0.059,0.027,0.005,-0.076,-0.082,-0.058,-0.134,-0.086,-0.089,-0.135,0.014,0.034,0.059,0.071,-0.003,0.055,-0.045,0.098,0.093,0.084,0.017,0.023,0.022,-0.010,0.019,0.079,0.026,-0.043,-0.031,0.091,0.029,-0.048,0.020,0.003,0.061,-0.053,-0.061,-0.000,-0.022,-0.008,0.003,-0.046
9.419,9.047,8.675,8.644,7.895,7.003,7.672,8.463,9.519,8.879,8.053,7.462,7.332,7.577,7.224,7.640,6.760,5.871,6.111,6.765,6.413,6.893,6.999,7.206,7.188,7.463,8.106,8.318,8.195,8.479,9.513,9.100,8.733,8.056,8.511,8.376,8.156,8.419,8.390,8.235,21.683,-0.089,-0.072,-0.163,-0.166,-0.122,-0.426,-0.198,-0.052,0.010,0.019,0.043,-0.055,-0.378,-0.189,-0.018,-0.127,0.093,0.017,-0.123,-0.008,-0.029,-0.098,-0.158,-0.123,0.057,-0.048,-0.305,-0.261,0.013,-0.145,-0.229,-0.144,-0.135,-0.203,-0.391,-0.307,-0.241,-0.096,-0.063,-0.049,-0.049,0.012,0.045,-0.025,-0.107,-0.062,-0.043,-0.088,-0.116,-0.181,-0.023,0.050,0.131,0.163,0.049,0.059,-0.045,0.070,0.093,0.076,-0.012,0.052,0.029,0.016,0.047,0.073,0.007,0.022,0.011,0.051,-0.005,-0.069,-0.025,-0.046,0.043,-0.007,0.017,0.034,-0.057,-0.024,-0.019,0.011
9.927,9.690,8.788,8.848,8.076,7.949,8.209,8.001,9.238,9.253,9.154,8.245,7.377,7.899,8.156,7.324,6.834,6.308,6.963,7.354,6.716,6.438,7.113,7.473,7.997,8.297,8.408,9.103,9.598,9.017,9.689,9.272,9.509,8.932,9.132,9.099,9.111,9.306,9.501,8.825,22.087,0.035,-0.005,-0.248,-0.279,-0.228,-0.261,-0.201,-0.078,-0.266,-0.069,0.097,-0.000,-0.113,-0.239,-0.071,-0.079,0.183,0.135,0.030,0.009,-0.023,0.011,-0.064,0.038,0.166,0.002,-0.225,-0.171,0.089,-0.178,-0.343,-0.186,-0.182,-0.156,-0.347,-0.270,-0.230,-0.258,-0.174,-0.098,-0.229,0.018,0.052,0.045,-0.042,-0.011,0.037,-0.029,-0.053,-0.124,-0.046,-0.009,0.081,0.172,0.026,-0.043,0.007,0.050,0.073,0.054,-0.034,0.048,0.098,0.083,0.086,0.038,-0.016,0.095,0.049,-0.004,-0.021,-0.038,-0.017,-0.074,0.006,0.022,0.047,0.042,-0.046,-0.042,-0.000,0.042
9.168,9.876,9.517,8.774,8.272,6.736,7.744,9.302,9.718,9.578,9.745,8.976,7.481,8.221,8.659,8.204,7.597,6.537,6.077,7.083,7.016,6.156,6.566,7.390,7.927,8.085,8.150,8.353,9.254,8.736,9.491,8.988,8.880,8.163,8.526,8.973,8.786,9.081,9.481,8.620,22.162,0.005,0.092,-0.089,-0.316,-0.228,-0.093,-0.240,-0.240,-0.434,-0.199,0.125,0.206,0.133,-0.122,-0.143,-0.105,0.217,0.302,0.146,-0.009,0.135,0.093,0.102,0.151,0.180,-0.031,0.009,-0.023,0.018,-0.225,-0.372,-0.259,-0.434,-0.100,-0.253,-0.121,-0.071,-0.188,-0.150,-0.050,0.050,0.031,0.043,0.067,0.016,0.016,0.110,0.058,-0.010,-0.040,-0.067,-0.089,-0.028,0.067,-0.038,-0.130,-0.024,-0.039,0.017,0.078,-0.014,0.003,0.074,0.110,0.058,-0.020,-0.018,0.107,0.066,-0.034,-0.007,-0.006,-0.005,-0.039,0.038,0.060,0.025,0.043,0.018,-0.020,0.015,0.067
9.426,9.476,8.246,7.507,7.044,7.059,7.277,8.214,8.093,8.525,8.983,7.947,7.354,7.047,7.163,7.290,6.989,6.525,6.721,6.923,6.286,6.430,6.510,7.126,7.473,7.408,7.531,8.081,8.325,7.822,8.272,8.347,7.672,7.499,7.642,7.922,7.696,7.618,7.859,7.803,21.014,0.070,0.130,0.094,-0.132,-0.127,-0.094,-0.074,-0.015,-0.201,-0.204,-0.106,0.042,0.153,-0.220,-0.393,-0.084,0.176,0.221,0.116,-0.067,0.097,0.296,0.219,0.187,0.117,-0.130,0.096,-0.031,-0.050,-0.208,-0.294,-0.162,-0.423,-0.150,-0.300,-0.190,-0.103,-0.131,-0.153,-0.004,0.102,-0.025,-0.018,0.054,0.033,0.016,0.047,0.084,0.017,0.051,-0.034,-0.122,-0.071,-0.040,-0.019,-0.072,-0.020,-0.091,-0.081,0.002,0.010,0.014,0.031,0.051,0.004,-0.045,0.017,0.075,0.031,-0.038,0.045,0.068,0.031,0.069,0.030,0.094,0.038,0.034,0.073,0.017,0.009,0.097
9.693,9.616,8.501,7.734,7.271,6.985,6.937,7.158,7.920,8.247,8.763,8.642,8.008,7.395,7.006,7.132,7.769,7.273,6.960,6.933,7.302,7.362,7.812,8.136,8.348,7.754,8.588,8.715,8.923,7.951,8.362,8.265,7.484,8.275,7.990,8.359,8.511,8.322,8.460,8.497,22.470,0.050,0.076,0.002,-0.162,-0.092,0.042,0.028,-0.135,-0.222,-0.248,-0.303,-0.216,-0.176,-0.390,-0.505,-0.244,-0.098,0.060,0.226,-0.040,-0.073,0.131,0.251,0.094,-0.021,-0.073,0.071,-0.001,-0.085,-0.162,-0.286,-0.182,-0.211,-0.016,-0.116,-0.220,-0.090,-0.070,-0.175,-0.019,0.119,-0.015,-0.044,0.007,0.053,0.019,0.016,0.081,0.055,0.065,0.035,-0.051,-0.077,-0.123,-0.013,0.017,0.004,-0.096,-0.124,-0.050,0.038,-0.016,-0.014,-0.026,-0.040,-0.058,0.064,0.018,-0.001,-0.031,0.069,0.097,0.053,0.143,0.014,0.090,0.049,0.003,0.066,0.019,-0.006,-0.003
10.015,10.471,9.767,8.709,7.942,7.353,8.240,8.998,9.134,8.899,9.116,8.621,7.876,7.214,7.017,7.438,7.628,7.044,7.099,7.094,7.056,7.315,7.586,8.033,8.371,7.813,8.670,8.766,9.513,8.371,8.782,8.825,8.093,8.125,7.901,8.456,8.736,9.028,9.248,8.866,22.444,-0.112,-0.086,-0.021,-0.191,-0.214,-0.096,0.086,-0.043,-0.115,-0.212,-0.300,-0.147,-0.160,-0.198,-0.248,-0.111,-0.115,-0.147,-0.000,0.075,0.153,0.145,0.115,0.089,0.041,0.108,0.121,-0.028,-0.050,0.015,-0.047,-0.071,0.051,-0.049,0.053,-0.031,-0.050,0.048,-0.076,-0.071,0.223,-0.039,-0.048,-0.029,0.012,0.007,0.003,-0.012,-0.029,-0.023,0.048,0.065,0.008,-0.092,0.027,0.090,-0.015,-0.047,-0.061,-0.062,0.017,-0.005,-0.057,-0.067,-0.075,-0.056,0.082,-0.012,-0.005,-0.036,0.034,0.068,0.023,0.096,0.020,0.063,0.081,0.005,0.030,0.012,-0.017,-0.026
9.125,9.760,8.766,7.365,7.364,6.801,7.400,8.233,8.086,8.149,8.165,7.558,6.341,6.185,6.205,6.912,6.790,6.578,7.020,6.798,6.265,6.367,7.281,7.404,7.375,7.518,7.936,8.005,8.236,7.650,7.807,7.837,7.617,7.770,7.818,7.606,7.817,8.026,7.911,7.994,22.042,0.019,-0.020,0.004,-0.022,-0.089,-0.014,0.084,0.049,-0.151,-0.023,-0.032,-0.086,-0.323,-0.198,-0.132,-0.074,-0.118,-0.136,-0.047,0.111,0.027,0.099,0.026,0.000,-0.071,0.169,0.087,-0.029,-0.139,0.007,-0.010,-0.041,0.044,-0.078,0.018,0.046,-0.083,0.051,-0.095,-0.045,-0.025,-0.011,-0.015,-0.014,0.033,0.035,-0.016,-0.067,-0.026,-0.002,0.041,0.111,0.059,0.026,0.087,0.105,0.001,0.037,0.037,-0.057,-0.017,0.009,-0.038,-0.068,-0.090,-0.037,0.018,-0.022,0.002,-0.005,0.017,0.051,0.015,0.008,0.008,-0.004,0.071,0.014,0.020,0.044,0.004,-0.071
9.148,8.975,8.008,6.735,5.926,6.673,7.474,7.464,7.433,7.515,7.780,7.756,7.385,6.662,6.325,6.847,6.903,6.136,6.689,7.364,7.569,7.654,7.352,7.935,8.163,8.066,8.461,8.294,8.420,8.048,8.316,8.207,7.863,7.508,7.994,8.143,7.794,8.005,7.754,7.700,22.345,-0.108,-0.060,-0.053,-0.144,-0.094,-0.052,-0.164,-0.250,-0.353,-0.076,0.082,0.018,-0.233,-0.182,-0.129,-0.242,-0.049,0.015,-0.060,-0.055,0.024,0.026,-0.002,-0.143,-0.137,0.157,0.027,-0.044,-0.205,-0.122,-0.090,-0.118,-0.070,-0.017,-0.050,0.082,-0.083,-0.043,-0.131,-0.074,0.045,0.041,0.042,0.005,0.059,0.102,0.033,-0.038,0.012,0.052,0.041,0.098,0.056,0.060,0.055,0.064,-0.014,0.030,0.105,0.007,-0.063,-0.064,-0.075,-0.009,-0.077,-0.021,-0.050,-0.024,0.023,0.026,-0.000,0.001,0.006,-0.030,0.033,-0.035,0.025,0.045,0.019,0.070,0.020,-0.072
10.220,10.263,9.402,8.610,7.837,7.253,7.742,8.168,8.016,8.826,9.273,8.643,6.639,6.680,6.693,7.058,7.539,7.046,6.931,7.355,7.180,7.686,8.059,8.186,8.099,8.471,9.126,8.808,8.774,8.145,8.543,8.369,7.817,8.193,8.034,8.744,8.567,9.090,8.732,8.853,22.394,-0.005,-0.012,-0.051,-0.022,0.025,-0.058,-0.180,-0.162,-0.114,-0.113,0.060,-0.004,-0.010,0.038,-0.038,-0.173,0.054,0.166,-0.031,-0.060,0.036,0.000,-0.030,-0.241,-0.118,-0.005,0.010,0.016,-0.031,-0.009,-0.008,-0.085,-0.110,0.008,-0.084,0.080,-0.003,0.075,0.074,0.001,-0.148,0.016,0.030,0.014,0.033,0.053,0.041,0.038,0.034,0.103,0.027,0.029,0.042,0.156,0.090,0.082,0.035,0.016,0.024,0.024,-0.050,-0.028,-0.057,0.028,-0.008,0.034,-0.072,0.001,0.031,0.042,0.018,0.006,0.028,0.012,0.037,-0.008,0.009,0.047,0.014,0.070,-0.003,0.005
8.926,9.919,9.185,7.368,7.238,6.868,7.246,7.778,7.403,8.179,8.973,8.167,6.563,6.056,6.126,6.154,7.008,6.885,6.843,6.540,6.717,6.787,7.187,6.926,7.326,8.122,8.212,8.143,8.217,7.515,7.964,7.969,7.645,7.828,7.541,8.295,7.946,8.283,8.185,8.065,22.493,0.105,0.122,0.032,0.103,0.240,0.093,0.026,0.121,0.125,0.036,0.143,0.093,-0.019,-0.043,0.028,-0.131,-0.049,0.225,0.028,-0.152,-0.173,-0.179,0.096,-0.175,-0.040,-0.054,0.039,0.063,0.027,0.022,-0.041,-0.021,-0.021,0.072,-0.071,0.077,0.134,0.130,0.190,0.006,-0.073,0.055,0.032,0.030,0.044,0.022,0.059,0.124,0.092,0.114,0.059,0.018,0.026,0.117,0.070,0.072,0.073,-0.016,-0.064,0.010,0.009,-0.015,-0.009,0.048,0.068,0.049,-0.061,0.012,0.031,0.030,0.034,0.015,0.046,0.048,0.014,0.019,-0.016,0.020,-0.004,0.026,0.001,0.003
9.209,9.226,7.922,6.938,6.832,6.412,6.614,7.264,7.532,7.250,7.869,7.331,6.702,6.677,6.112,6.392,7.007,7.031,6.790,6.911,6.871,6.802,7.215,6.703,7.203,7.463,8.110,8.160,8.181,7.871,7.942,7.532,7.176,7.648,7.622,7.928,7.728,8.261,8.065,7.816,21.229,-0.006,0.037,0.033,0.020,0.009,0.117,0.180,0.033,0.125,0.055,0.081,0.084,0.352,0.182,0.201,0.045,-0.041,-0.119,0.027,-0.091,-0.014,-0.082,0.117,-0.023,0.052,-0.083,0.087,0.074,-0.045,0.025,-0.005,0.052,0.077,0.061,-0.010,0.094,0.044,0.033,0.095,-0.103,0.059,0.018,0.006,0.014,-0.003,-0.041,0.032,0.092,0.040,0.016,0.032,-0.004,0.008,0.051,0.030,0.015,0.055,-0.012,-0.074,-0.008,0.016,-0.020,0.022,0.047,0.108,0.041,0.013,0.008,0.007,0.008,0.011,0.014,0.035,0.047,-0.014,0.017,-0.047,-0.027,-0.052,-0.044,-0.001,0.072
10.178,10.102,8.909,8.086,7.629,7.560,8.168,8.519,8.299,8.485,9.197,8.875,7.257,6.449,6.753,6.523,6.925,7.266,6.900,6.825,6.856,7.202,8.255,7.803,8.410,8.298,9.165,8.935,8.850,8.295,8.412,8.518,8.077,8.143,7.847,8.935,8.881,9.069,9.035,8.251,22.561,0.168,0.073,0.056,0.057,0.024,0.155,0.273,0.113,0.098,0.134,0.164,0.102,0.169,0.096,0.110,0.012,-0.080,-0.162,-0.037,0.006,-0.027,0.025,0.163,0.087,0.026,-0.111,0.050,0.081,-0.046,0.031,-0.019,0.041,0.077,0.028,0.008,-0.005,-0.005,-0.040,-0.012,-0.016,-0.044,-0.008,-0.024,-0.012,-0.014,-0.071,-0.017,0.010,-0.005,-0.037,-0.033,-0.046,-0.045,-0.001,0.018,-0.093,0.045,0.049,-0.011,-0.012,0.038,-0.017,0.045,-0.007,0.055,-0.003,0.034,-0.034,-0.023,0.027,0.015,0.031,0.001,0.001,-0.039,0.011,-0.083,-0.070,-0.063,-0.061,0.028,0.032
9.562,10.356,9.707,8.349,7.687,7.493,8.181,7.961,8.194,8.946,9.568,8.709,8.052,7.392,7.386,7.097,7.376,6.262,7.036,6.757,7.043,7.066,8.108,7.631,7.816,7.968,9.085,8.784,8.234,7.879,8.296,8.357,7.988,8.340,7.832,8.891,8.318,8.863,8.784,8.247,22.654,0.054,0.042,0.005,-0.014,-0.074,0.073,0.155,0.039,-0.020,-0.004,0.029,0.029,0.150,0.117,-0.005,0.029,0.010,-0.011,-0.038,-0.059,-0.135,0.011,0.174,0.167,0.055,0.087,0.044,0.044,0.043,0.040,0.051,0.059,0.075,-0.040,-0.037,-0.112,-0.070,-0.100,-0.047,0.008,0.197,-0.017,-0.020,-0.017,-0.001,-0.008,-0.009,-0.024,0.023,-0.058,-0.060,-0.043,-0.041,-0.102,-0.053,-0.151,-0.007,0.053,0.093,-0.009,-0.000,-0.053,-0.011,-0.051,-0.008,-0.020,0.019,-0.035,-0.019,0.040,0.037,0.029,-0.025,-0.025,-0.047,0.002,-0.080,-0.051,-0.043,-0.040,0.052,0.010
9.590,9.719,8.571,6.946,6.932,7.101,7.830,7.995,7.562,8.003,8.942,7.985,6.734,6.179,6.038,5.860,6.423,6.460,6.536,6.647,6.498,6.779,7.553,6.900,7.148,7.313,7.975,8.238,7.959,7.668,7.690,7.764,7.624,7.624,7.477,7.787,7.627,7.781,7.767,7.767,21.560,0.034,-0.003,-0.011,0.050,-0.075,0.030,0.089,0.092,0.011,-0.102,-0.061,-0.102,0.078,0.082,-0.332,0.103,0.171,0.114,0.001,0.023,-0.197,-0.000,0.033,0.004,-0.058,0.029,-0.109,-0.034,0.118,0.092,0.085,-0.022,-0.016,-0.070,-0.004,-0.235,-0.161,-0.116,-0.044,0.093,0.016,-0.077,-0.042,-0.012,-0.015,0.006,-0.003,-0.026,0.001,-0.030,-0.046,-0.033,-0.021,-0.077,-0.056,-0.062,0.015,0.045,0.045,0.021,-0.021,-0.007,-0.025,-0.071,-0.036,-0.022,0.001,0.018,0.006,0.022,0.031,0.036,-0.013,-0.032,-0.018,0.018,-0.016,-0.018,-0.012,-0.012,0.023,0.006
9.774,9.628,8.118,7.435,6.811,7.006,7.558,7.721,7.801,7.473,8.141,7.919,7.712,7.398,6.445,6.867,7.310,7.380,6.782,6.705,6.374,7.066,8.436,7.993,8.107,8.393,8.923,8.726,8.841,8.382,8.555,8.203,7.780,7.707,7.621,7.940,8.003,8.405,8.464,8.099,22.713,-0.022,-0.025,-0.018,0.017,0.019,0.133,0.153,0.157,-0.123,-0.126,-0.023,-0.017,-0.110,-0.074,-0.331,-0.037,0.098,0.210,-0.036,-0.100,-0.194,-0.125,-0.073,-0.022,-0.007,-0.061,-0.009,0.039,0.074,0.181,0.089,-0.041,-0.002,-0.123,0.005,-0.189,-0.132,-0.142,-0.086,0.105,0.077,-0.038,-0.019,0.015,-0.005,0.034,0.015,-0.013,-0.016,0.025,0.038,0.010,0.022,-0.061,-0.051,0.052,0.000,-0.014,-0.057,0.022,0.004,0.065,-0.001,-0.084,-0.036,0.004,-0.019,0.041,0.032,-0.005,0.005,0.013,0.025,-0.018,0.032,0.045,0.036,-0.001,-0.007,-0.001,0.017,-0.062
10.244,10.453,9.647,8.792,7.692,7.956,8.927,9.097,8.552,8.712,9.608,8.758,7.817,6.854,5.564,7.151,7.813,7.276,7.033,6.964,6.208,7.201,8.254,7.644,7.972,8.231,8.699,8.796,9.136,8.503,8.707,8.487,8.100,8.108,7.934,8.235,8.233,8.716,8.976,8.789,22.613,-0.179,-0.103,0.007,-0.032,0.007,0.110,0.143,0.058,0.001,-0.032,0.025,0.021,-0.085,-0.087,-0.039,0.118,0.103,-0.048,0.068,-0.080,-0.034,-0.034,-0.069,0.003,-0.056,-0.030,0.164,0.115,0.047,0.117,0.143,0.025,-0.046,-0.018,0.077,-0.045,-0.066,-0.082,-0.053,0.050,0.044,-0.031,0.000,0.012,-0.009,0.020,-0.022,-0.129,-0.142,0.034,0.044,-0.007,0.050,0.027,0.042,0.177,-0.011,-0.072,-0.104,-0.001,0.017,0.111,0.026,-0.045,0.009,0.043,0.030,0.062,0.042,-0.012,-0.039,-0.010,0.066,0.010,0.045,0.014,0.043,0.022,0.012,0.018,-0.011,-0.029
9.124,9.863,9.077,7.513,7.404,7.731,8.399,8.195,7.084,7.963,9.118,8.240,6.958,6.687,5.966,6.264,7.170,6.903,6.606,6.098,6.216,6.230,7.391,7.146,7.369,7.205,8.679,8.698,8.018,8.364,8.233,7.792,7.742,7.484,7.627,7.722,7.353,7.686,7.748,8.263,22.515,-0.028,-0.002,0.073,0.001,0.056,0.108,0.065,-0.026,0.112,0.150,0.038,0.079,-0.072,-0.052,0.106,0.022,-0.026,-0.217,0.041,0.013,0.109,0.022,-0.193,-0.012,0.073,0.022,0.114,0.129,0.052,0.053,0.086,0.163,0.003,0.094,0.145,-0.028,-0.121,-0.152,-0.048,0.113,-0.129,0.027,0.017,-0.002,-0.018,-0.012,-0.074,-0.190,-0.194,0.028,0.017,-0.059,0.012,0.045,0.068,0.125,-0.002,-0.056,-0.060,-0.022,0.059,0.077,0.031,-0.025,0.003,0.024,0.058,-0.001,-0.013,-0.003,-0.071,-0.043,0.049,0.006,0.034,-0.010,0.028,0.051,0.049,0.038,-0.042,-0.055
9.020,9.086,8.124,6.746,6.669,7.287,8.123,8.046,7.926,7.596,8.577,7.929,6.686,6.101,6.084,6.749,7.005,6.457,6.964,6.553,6.405,7.027,7.731,7.340,7.238,7.757,8.916,8.829,8.607,8.264,8.568,8.093,7.414,7.643,7.861,7.673,7.624,7.730,7.862,7.937,21.878,-0.120,-0.014,0.001,0.015,0.007,-0.068,-0.510,-0.527,0.065,-0.020,-0.127,0.100,0.195,0.281,0.332,0.019,-0.126,-0.193,-0.042,0.050,0.208,0.057,-0.133,0.042,0.115,0.136,0.137,0.134,0.067,-0.039,0.038,0.205,0.034,0.047,-0.004,-0.103,-0.058,-0.053,0.025,0.034,-0.023,0.068,0.036,-0.011,-0.012,0.015,-0.053,-0.156,-0.105,-0.053,-0.033,-0.073,-0.025,0.026,0.031,0.005,-0.056,-0.021,0.075,-0.024,0.046,-0.003,-0.037,-0.038,-0.014,0.016,0.028,-0.045,-0.043,-0.027,-0.053,-0.068,-0.016,0.015,-0.025,-0.029,0.017,0.065,0.047,0.006,-0.074,-0.009
10.245,10.302,9.245,8.464,7.604,7.878,8.287,8.115,8.672,8.783,8.848,8.729,7.915,7.517,6.717,7.177,7.583,6.705,7.020,6.977,6.817,7.266,7.732,8.087,8.841,8.738,9.387,9.354,9.365,8.768,9.055,9.215,8.136,8.410,8.382,8.082,7.702,8.137,8.782,9.089,22.434,0.081,0.014,-0.024,-0.098,-0.039,-0.149,-0.468,-0.523,-0.016,-0.048,-0.245,0.006,-0.026,0.080,0.106,0.003,-0.066,-0.019,-0.090,0.132,0.069,-0.015,-0.166,-0.025,0.026,0.146,0.000,-0.035,0.051,-0.095,-0.074,0.112,-0.011,0.012,-0.005,-0.021,0.118,0.088,0.065,-0.097,-0.163,0.030,0.012,-0.013,-0.016,0.000,-0.000,0.001,0.067,-0.078,-0.070,-0.037,-0.061,-0.027,-0.053,-0.077,-0.055,0.005,0.114,0.009,0.007,-0.049,-0.045,-0.013,-0.027,-0.024,-0.014,-0.056,-0.051,-0.065,-0.031,-0.041,-0.075,0.002,-0.053,-0.015,0.036,0.078,0.048,-0.028,-0.124,0.029
9.084,10.165,9.569,8.394,7.627,7.544,6.431,6.501,8.082,8.204,9.106,9.015,8.312,7.842,6.847,6.789,6.978,6.412,6.618,6.776,6.946,6.969,7.417,7.383,7.811,8.143,9.031,9.136,8.799,8.108,8.486,8.800,8.072,7.883,7.536,7.539,7.766,8.226,8.583,8.543,22.538,0.104,0.070,0.001,-0.044,0.132,-0.028,-0.370,-0.218,-0.201,-0.096,-0.200,-0.068,0.024,0.002,-0.014,-0.152,0.016,0.225,0.013,0.091,-0.029,-0.201,-0.271,-0.060,0.048,0.049,-0.002,-0.018,-0.089,-0.076,-0.119,-0.028,0.036,-0.103,0.006,0.039,0.139,0.034,-0.078,-0.215,0.014,0.042,0.014,-0.002,-0.022,-0.012,0.058,0.206,0.257,-0.052,-0.032,0.013,-0.071,-0.063,-0.107,-0.117,-0.046,0.008,0.074,0.016,-0.039,-0.060,0.009,0.016,-0.030,-0.023,-0.037,-0.074,-0.056,-0.056,0.013,-0.013,-0.075,-0.020,-0.025,0.025,0.045,0.015,0.010,-0.056,-0.082,0.020
9.496,9.393,8.235,6.200,6.728,6.857,6.905,6.355,6.924,7.418,7.631,7.726,6.017,6.217,6.117,6.258,6.853,6.833,6.328,6.644,6.289,6.185,6.718,6.998,7.212,7.741,8.623,8.368,8.177,7.967,7.906,7.998,7.357,7.424,7.764,7.683,7.871,7.877,7.714,7.474,21.370,0.012,0.014,0.008,-0.051,-0.006,0.086,0.002,0.156,-0.144,-0.162,-0.112,-0.143,-0.120,-0.178,-0.107,-0.168,-0.071,0.145,0.059,0.030,-0.019,-0.072,-0.188,-0.093,-0.012,-0.004,-0.098,-0.049,-0.195,-0.083,-0.043,-0.097,0.012,-0.095,0.064,0.083,0.170,0.046,-0.138,-0.382,-0.005,-0.023,0.004,0.014,0.013,-0.022,0.040,0.173,0.214,0.022,0.006,0.028,-0.027,0.021,-0.007,-0.035,0.010,-0.012,-0.021,0.023,-0.040,-0.011,0.078,0.098,0.003,-0.007,-0.015,-0.051,-0.021,0.003,0.045,0.036,-0.005,-0.001,0.011,-0.004,0.009,-0.060,-0.021,-0.033,0.014,0.063
9.917,9.890,8.637,7.658,7.766,7.659,6.963,7.835,7.796,7.800,8.187,8.089,7.755,6.762,6.315,6.448,7.449,7.518,7.377,7.175,6.522,6.562,6.884,7.583,8.292,8.500,9.289,9.231,8.757,8.285,8.548,8.561,7.985,7.620,8.202,8.070,8.235,8.028,8.005,7.670,22.480,0.123,0.058,-0.023,-0.121,-0.067,0.103,0.284,0.417,-0.129,-0.121,-0.128,-0.180,-0.075,-0.126,-0.148,-0.126,-0.083,0.096,-0.035,-0.093,-0.048,0.133,-0.043,-0.074,0.016,0.028,-0.185,-0.138,-0.089,0.021,-0.042,-0.067,-0.080,-0.024,0.086,0.072,-0.011,0.017,-0.156,-0.235,0.000,-0.024,-0.004,0.017,0.007,-0.041,-0.004,0.093,0.017,0.055,0.014,-0.006,0.001,0.005,0.046,0.023,0.073,-0.023,-0.086,-0.024,-0.036,-0.026,0.091,0.151,0.040,-0.014,-0.024,-0.040,-0.026,0.068,0.052,0.063,0.054,0.014,0.042,-0.019,-0.005,-0.068,-0.005,0.007,0.085,0.014
9.890,10.511,9.753,8.578,7.505,8.249,8.032,8.226,8.096,8.174,8.749,8.477,7.596,7.168,6.451,6.507,6.992,6.879,6.936,6.927,6.935,7.108,7.058,7.522,8.543,8.538,8.769,9.063,8.413,8.263,8.807,8.847,8.238,8.065,8.368,8.231,8.317,8.464,8.378,7.617,22.436,-0.044,0.041,0.060,0.006,-0.049,-0.012,0.071,0.230,0.059,-0.006,-0.143,-0.071,0.128,0.109,-0.003,0.038,-0.076,-0.061,0.049,0.025,0.024,0.207,0.209,-0.002,0.005,0.081,-0.161,-0.079,0.067,0.084,0.067,0.106,0.040,0.029,-0.062,0.006,-0.109,-0.007,-0.062,-0.018,0.161,-0.026,-0.005,0.004,0.022,0.032,-0.028,-0.078,-0.162,0.016,-0.005,-0.031,0.021,0.033,0.050,0.058,0.072,-0.020,-0.071,-0.027,-0.008,-0.022,0.002,0.099,0.053,-0.017,-0.058,0.006,-0.002,0.076,0.027,0.040,0.054,0.027,0.028,-0.031,-0.003,-0.036,-0.018,0.014,0.107,0.017
9.501,9.894,8.694,6.602,6.902,7.361,7.288,7.649,6.852,7.220,7.909,7.737,7.146,6.737,5.941,6.035,6.494,6.868,6.139,6.169,6.383,7.170,7.031,6.750,7.226,7.882,8.033,8.097,8.237,8.068,7.824,8.040,7.234,7.441,7.662,7.624,7.489,8.018,7.472,7.299,22.007,0.014,0.039,0.059,-0.040,-0.049,0.001,0.062,-0.171,-0.029,-0.104,-0.213,-0.100,-0.075,0.087,0.048,0.111,-0.096,-0.103,-0.104,-0.088,-0.180,0.113,0.286,0.095,-0.032,-0.111,-0.171,-0.131,0.121,0.101,0.141,0.142,0.092,0.043,-0.027,0.052,-0.062,0.036,-0.081,0.027,-0.001,-0.037,-0.026,-0.002,0.043,0.013,-0.027,-0.115,-0.199,-0.024,-0.042,0.007,0.050,0.038,-0.007,0.051,0.033,-0.023,-0.064,0.001,0.015,0.019,-0.083,-0.017,0.036,-0.004,-0.058,0.058,0.042,0.014,-0.015,0.013,-0.000,0.024,0.006,-0.010,-0.002,0.030,-0.004,0.047,0.062,-0.009
9.484,9.597,8.508,6.756,6.915,6.944,7.097,7.598,7.691,7.680,7.055,7.545,6.962,6.772,6.287,6.657,6.949,6.854,7.195,7.273,6.477,6.917,7.691,7.403,7.768,8.454,8.446,8.540,8.770,8.494,8.602,8.787,7.934,7.661,7.724,7.935,7.700,7.847,7.673,7.567,22.410,-0.065,-0.002,-0.013,0.020,0.146,-0.005,-0.276,-0.358,-0.114,-0.197,-0.224,-0.079,0.046,-0.033,0.088,0.075,-0.164,-0.113,-0.041,-0.014,-0.065,-0.050,0.140,0.086,-0.074,-0.227,-0.074,-0.062,0.082,0.014,0.064,0.070,0.061,0.013,-0.036,0.077,0.015,-0.055,-0.104,0.020,0.082,0.014,-0.007,-0.005,0.024,0.013,0.009,-0.036,-0.061,-0.038,-0.037,0.093,0.072,0.054,-0.054,0.015,-0.030,-0.016,-0.026,-0.011,-0.009,0.070,-0.048,-0.082,0.017,0.017,-0.006,0.094,0.070,-0.026,0.018,0.009,-0.010,0.048,0.078,0.102,0.069,0.131,0.097,0.134,0.099,-0.030
10.191,10.543,9.554,8.372,7.815,8.317,7.740,7.294,7.854,7.528,7.969,8.054,7.695,7.395,6.637,6.928,6.990,7.017,6.728,6.563,5.853,7.225,7.995,8.115,8.521,7.986,8.596,8.840,9.183,8.672,9.354,9.300,8.598,8.039,8.389,8.477,8.232,8.515,7.951,7.828,22.486,-0.052,-0.052,0.006,0.090,-0.102,-0.035,-0.118,-0.282,-0.161,-0.235,-0.052,0.073,0.158,-0.092,0.061,0.022,-0.152,-0.200,0.016,0.001,0.092,-0.153,-0.096,0.064,0.036,-0.110,0.063,0.063,-0.028,-0.017,0.023,-0.051,0.029,0.015,0.025,0.026,0.079,0.023,0.098,0.055,-0.003,0.010,0.007,0.023,0.049,0.046,0.013,0.011,0.099,0.041,0.036,0.108,0.081,0.094,0.005,0.026,-0.004,0.010,0.011,0.074,0.074,0.158,0.093,-0.011,0.054,0.080,0.136,0.129,0.102,-0.008,0.087,0.048,0.047,0.108,0.161,0.164,0.124,0.186,0.172,0.217,0.168,0.012
9.222,10.177,9.257,7.795,7.778,7.745,6.425,6.612,7.025,7.033,7.598,7.924,7.551,6.672,6.543,6.437,5.926,6.240,6.438,6.661,6.874,6.830,7.277,7.269,7.525,7.351,8.117,8.383,8.352,8.031,8.361,8.565,7.860,7.829,7.824,8.189,8.022,7.938,7.619,7.453,22.608,0.061,0.054,0.064,0.063,0.045,0.049,-0.020,-0.021,-0.064,-0.126,0.241,0.200,0.280,-0.071,0.067,-0.069,-0.128,-0.144,-0.063,-0.064,0.236,0.100,-0.008,0.096,0.057,0.051,0.192,0.175,0.012,0.232,0.173,0.150,0.310,0.435,0.423,0.365,0.475,0.484,0.521,0.461,0.012,0.041,0.020,0.035,0.076,0.071,0.070,0.107,0.149,0.093,0.080,0.035,0.022,0.012,0.036,0.035,0.061,0.050,0.052,0.072,0.067,0.060,0.202,0.098,0.094,0.144,0.178,0.091,0.077,0.024,0.074,0.045,0.062,0.100,0.111,0.101,0.082,0.108,0.124,0.141,0.113,0.001
9.374,9.342,8.350,6.530,5.961,6.788,7.035,6.733,6.382,6.366,7.376,7.912,7.642,6.328,6.118,6.255,6.245,6.175,6.599,6.481,6.646,6.449,6.759,7.135,7.527,7.886,8.511,8.488,8.306,8.212,8.060,7.895,7.414,7.430,7.736,7.627,7.721,8.086,7.990,7.633,21.892,0.003,0.049,0.135,0.185,0.234,0.038,-0.012,0.157,0.149,0.042,0.096,0.166,0.279,0.128,0.188,0.163,-0.065,-0.033,0.279,0.307,0.462,0.503,0.304,0.361,0.305,0.431,0.339,0.261,0.117,0.426,0.325,0.335,0.507,0.638,0.566,0.525,0.636,0.625,0.693,0.646,0.091,0.029,0.036,0.037,0.130,0.176,0.102,0.065,0.103,0.076,0.095,-0.039,-0.054,-0.076,0.009,0.045,0.109,0.074,0.077,0.030,0.050,-0.018,0.183,0.154,0.091,0.133,0.128,0.034,0.033,0.037,-0.044,-0.039,0.024,-0.012,-0.031,-0.052,-0.015,-0.065,-0.063,-0.075,-0.051,0.034
10.197,10.465,9.428,7.990,8.065,7.955,7.349,7.775,8.108,7.628,8.557,8.615,8.390,6.951,6.881,6.647,6.682,6.556,6.943,6.995,7.263,7.803,8.270,8.372,8.550,8.759,9.450,9.589,9.269,9.885,10.113,10.242,10.076,10.141,10.164,10.187,10.328,10.479,10.257,9.968,22.767,0.115,0.046,0.096,0.355,0.332,0.310,0.207,0.167,0.198,0.063,-0.124,-0.016,0.046,0.037,0.200,0.310,0.042,0.066,0.190,0.169,0.052,0.634,0.429,0.406,0.509,0.390,0.241,0.226,0.131,0.162,0.135,0.189,0.321,0.256,0.201,0.237,0.274,0.264,0.304,0.288,0.042,-0.019,-0.000,0.024,0.123,0.116,0.063,0.037,-0.001,-0.054,0.011,-0.100,-0.103,-0.126,-0.020,0.024,0.104,0.089,0.032,-0.045,-0.022,-0.095,-0.028,0.032,0.001,0.066,0.042,-0.060,-0.057,-0.024,-0.237,-0.178,-0.099,-0.227,-0.273,-0.254,-0.208,-0.303,-0.301,-0.301,-0.272,0.004
9.716,10.642,10.146,9.197,8.839,8.404,7.220,7.496,8.059,7.443,7.971,8.537,8.669,7.896,7.407,7.636,6.287,6.694,7.873,7.928,7.966,9.256,9.018,9.367,9.533,9.437,9.623,9.544,9.312,9.876,10.103,10.135,10.023,10.072,10.048,10.105,10.257,10.372,10.094,9.799,22.863,0.065,0.133,0.176,0.592,0.634,0.344,0.093,0.142,0.087,0.145,-0.066,-0.090,-0.106,-0.100,0.219,0.377,0.135,0.079,0.040,0.136,0.094,0.496,0.457,0.365,0.474,0.363,0.209,0.201,0.099,-0.203,-0.154,0.050,-0.039,-0.052,-0.123,0.015,-0.147,-0.185,-0.170,-0.114,0.150,-0.020,-0.037,-0.016,0.026,-0.011,-0.013,0.006,-0.040,-0.137,-0.063,-0.047,-0.089,-0.111,-0.046,-0.053,-0.028,0.056,-0.013,-0.155,-0.136,-0.145,-0.245,-0.148,-0.137,-0.099,-0.089,-0.099,-0.089,-0.055,-0.255,-0.199,-0.139,-0.262,-0.290,-0.255,-0.223,-0.308,-0.308,-0.307,-0.272,-0.037
9.625,9.758,8.840,8.236,7.998,8.485,7.367,7.063,7.178,6.808,6.683,7.534,7.268,6.073,6.900,7.298,6.117,6.308,6.749,6.780,6.474,8.596,8.290,8.181,9.069,8.526,8.767,8.983,8.505,8.012,8.017,8.388,8.159,7.790,7.671,8.135,8.127,8.116,8.086,7.808,22.330,-0.066,0.010,0.164,0.476,0.423,0.214,0.114,-0.020,-0.302,-0.121,-0.179,-0.188,-0.155,-0.054,0.171,0.343,0.218,-0.038,-0.170,-0.089,-0.053,-0.035,0.077,0.100,0.303,0.297,-0.045,-0.081,-0.097,-0.636,-0.479,-0.204,-0.551,-0.587,-0.503,-0.419,-0.650,-0.614,-0.552,-0.520,0.001,-0.028,-0.040,-0.014,-0.068,-0.115,-0.083,-0.012,-0.033,-0.107,-0.078,0.018,-0.053,-0.035,0.053,-0.098,-0.123,-0.011,-0.002,-0.112,-0.097,-0.071,-0.297,-0.199,-0.129,-0.176,-0.081,-0.050,-0.063,-0.021,-0.070,-0.053,-0.052,-0.072,-0.066,-0.033,-0.058,-0.082,-0.099,-0.104,-0.065,-0.013
9.984,10.363,9.523,9.366,9.167,8.246,7.492,7.796,7.284,7.504,7.983,8.001,7.673,6.266,7.205,7.816,7.203,6.696,6.897,7.269,7.510,8.531,9.035,9.056,9.635,9.818,9.899,9.798,9.182,8.135,8.340,9.073,8.178,8.344,8.369,8.729,8.085,8.343,8.223,8.145,22.862,-0.006,-0.118,0.021,0.254,0.135,0.021,0.066,0.051,-0.287,-0.182,-0.112,-0.194,-0.176,-0.054,-0.062,0.009,0.129,-0.045,-0.314,-0.243,-0.212,-0.386,-0.263,-0.173,-0.086,0.034,-0.012,-0.029,-0.043,-0.448,-0.361,-0.165,-0.367,-0.390,-0.358,-0.260,-0.441,-0.474,-0.414,-0.312,-0.071,0.001,-0.024,-0.008,-0.110,-0.141,-0.026,0.025,-0.011,-0.004,-0.046,0.028,-0.016,0.015,0.129,-0.089,-0.178,-0.067,0.030,-0.032,-0.051,-0.078,-0.208,-0.160,-0.091,-0.151,-0.080,-0.014,-0.029,0.026,0.088,0.088,0.024,0.145,0.114,0.124,0.053,0.118,0.074,0.054,0.099,-0.009
9.734,10.656,10.558,10.285,10.015,9.102,7.783,7.525,6.988,6.994,7.657,7.941,8.111,7.495,7.837,8.271,7.313,6.367,6.580,6.877,7.227,7.991,8.645,9.029,10.016,10.055,9.084,9.057,8.849,7.573,8.600,9.754,8.246,8.071,8.489,8.782,8.166,8.424,8.431,8.195,22.772,0.008,-0.029,0.103,0.182,0.008,0.058,0.162,0.045,-0.149,-0.164,-0.009,-0.230,-0.094,0.277,-0.151,-0.121,-0.008,0.119,-0.195,-0.124,-0.151,-0.408,-0.208,0.032,-0.092,0.147,0.102,0.024,0.095,-0.065,-0.024,0.035,0.125,0.095,0.151,0.085,0.010,-0.087,-0.095,0.062,0.087,0.012,-0.005,-0.012,-0.088,-0.046,0.019,0.008,0.029,0.100,0.049,0.041,0.023,0.040,0.094,-0.039,-0.139,-0.063,0.051,0.049,0.025,-0.015,-0.056,-0.062,-0.043,-0.104,-0.099,0.026,0.027,0.056,0.170,0.133,0.055,0.218,0.190,0.157,0.087,0.202,0.151,0.111,0.138,0.040
9.631,9.601,9.393,9.443,8.505,8.198,7.343,7.522,6.721,6.441,6.924,7.365,7.367,6.915,6.628,7.192,6.335,6.442,6.385,6.663,6.529,7.628,7.526,8.076,8.631,8.843,9.405,9.361,8.926,7.855,8.008,8.625,8.143,7.980,7.849,8.479,8.033,7.846,7.854,8.046,22.286,0.032,0.031,0.166,0.191,0.138,0.292,0.194,0.055,-0.008,-0.063,-0.011,-0.152,-0.061,0.380,-0.063,-0.280,-0.087,0.151,-0.106,-0.104,-0.246,-0.360,-0.201,-0.054,-0.082,0.037,0.067,0.006,0.135,-0.048,0.060,0.051,0.349,0.176,0.172,0.030,0.112,-0.077,-0.127,0.092,0.064,-0.011,0.013,0.017,-0.033,0.044,0.047,-0.029,0.002,0.082,0.085,0.038,0.058,0.045,0.025,0.070,-0.012,0.004,0.001,0.124,0.064,0.056,0.048,0.022,0.007,0.007,-0.054,-0.001,0.015,0.005,0.092,0.082,0.052,0.099,0.077,0.045,-0.024,0.093,0.092,0.078,0.027,0.039
9.844,9.995,9.422,9.109,8.369,8.798,8.251,7.425,6.713,6.520,7.166,6.703,6.950,7.133,6.434,7.006,6.511,7.032,6.028,6.461,6.212,7.006,8.007,8.833,9.111,9.750,9.521,9.320,9.109,7.825,8.064,8.785,8.802,8.446,8.687,8.684,8.203,7.931,7.796,8.167,23.054,-0.025,-0.090,0.029,0.066,0.194,0.175,0.092,0.122,0.060,0.063,-0.024,-0.096,-0.015,0.196,-0.025,-0.210,0.010,0.119,-0.029,-0.034,-0.109,-0.327,-0.266,-0.173,-0.218,-0.199,0.045,0.035,0.095,0.013,-0.023,-0.036,0.179,0.079,0.017,-0.128,0.083,-0.058,-0.140,-0.030,0.133,-0.004,0.012,0.018,0.009,0.071,0.006,-0.079,-0.028,0.055,0.101,0.045,0.091,0.057,-0.058,0.109,0.090,0.026,-0.064,0.184,0.068,0.064,0.116,0.058,-0.015,0.023,-0.067,-0.018,0.017,-0.023,0.028,0.013,0.033,-0.033,-0.037,-0.083,-0.081,0.005,0.042,0.059,-0.055,-0.013
10.087,10.847,10.919,10.907,10.680,9.857,8.226,8.122,7.384,7.426,8.174,7.861,7.949,8.348,7.590,7.051,7.170,7.120,6.642,6.959,6.788,7.225,8.346,8.882,9.680,10.154,10.013,9.696,9.725,7.770,8.906,9.813,9.646,9.036,9.128,8.929,8.627,8.203,7.906,8.621,23.041,-0.044,-0.023,0.145,0.146,0.260,0.197,-0.045,0.024,0.020,0.128,0.088,0.028,0.011,0.113,0.225,-0.005,0.138,-0.038,0.224,0.030,0.048,-0.188,-0.122,-0.034,0.012,-0.064,0.012,0.041,-0.018,-0.028,0.048,0.129,0.101,0.001,-0.066,-0.275,-0.015,-0.028,-0.002,-0.132,0.102,-0.025,-0.012,-0.024,-0.005,-0.004,-0.049,-0.072,-0.069,0.019,0.044,0.023,0.030,0.022,-0.085,0.048,0.140,-0.023,-0.060,0.193,0.076,0.055,0.155,0.090,-0.006,-0.008,-0.045,-0.045,-0.009,-0.033,0.027,-0.029,-0.006,-0.105,-0.068,-0.086,-0.037,-0.026,0.038,0.070,-0.043,-0.016
9.381,9.582,9.942,9.885,9.896,9.150,7.804,7.834,6.958,6.816,6.914,7.213,7.744,7.758,7.233,7.291,6.945,6.620,6.308,6.559,6.554,6.558,6.903,7.759,8.399,8.405,9.007,9.067,8.924,7.680,8.037,8.983,8.390,7.937,7.935,7.916,8.285,7.955,7.704,7.755,23.061,0.025,0.058,0.201,0.248,0.301,0.137,-0.114,-0.079,0.114,0.245,0.167,0.137,0.156,0.120,0.249,0.193,0.012,-0.107,0.561,0.146,0.020,0.087,0.043,-0.054,-0.025,-0.138,0.036,0.090,0.056,0.067,0.049,0.158,0.082,-0.004,-0.143,-0.169,0.097,0.101,0.137,-0.103,0.001,-0.014,0.003,-0.027,-0.005,-0.036,-0.042,-0.024,-0.070,-0.002,-0.026,-0.009,-0.009,-0.019,-0.060,0.003,0.063,-0.072,-0.018,0.095,0.054,0.011,0.135,0.127,0.035,0.023,0.043,-0.032,-0.010,-0.021,0.019,-0.004,-0.018,-0.056,-0.028,-0.019,0.049,-0.020,0.033,0.052,0.020,-0.038
9.642,9.691,9.858,9.787,9.040,9.006,7.341,7.436,6.698,6.933,7.487,7.249,7.022,7.165,7.351,7.027,6.810,6.456,7.363,6.767,6.598,6.911,7.466,8.443,9.049,9.198,9.723,9.690,8.929,7.788,8.261,9.172,8.853,8.238,7.896,7.490,7.919,7.694,7.888,7.589,22.791,-0.117,-0.103,-0.038,0.074,0.064,0.067,-0.061,-0.191,0.059,0.068,0.006,-0.120,-0.035,-0.006,0.041,0.221,-0.203,-0.035,0.563,0.184,-0.036,0.207,0.093,-0.145,-0.217,-0.219,-0.153,-0.068,-0.013,0.059,-0.120,-0.077,-0.128,-0.120,-0.179,-0.132,-0.025,0.035,0.085,-0.089,0.050,0.006,0.009,-0.035,-0.022,-0.033,-0.045,0.059,-0.040,-0.016,-0.091,-0.085,-0.058,-0.029,-0.027,-0.035,0.013,-0.040,0.042,-0.050,0.028,-0.023,0.029,0.073,0.051,0.029,0.050,0.001,0.009,-0.034,0.015,0.006,-0.032,-0.015,0.017,0.035,0.098,0.045,0.066,0.027,0.054,-0.020
10.192,10.861,10.959,10.909,10.693,9.907,8.121,7.373,7.626,7.993,8.346,7.696,8.194,8.326,7.799,7.982,6.751,6.831,8.471,7.289,6.409,7.597,8.660,8.783,9.300,9.539,9.848,9.774,9.788,8.150,8.632,9.898,9.606,8.826,8.588,8.556,9.041,8.690,8.490,8.170,23.182,-0.058,-0.036,-0.015,0.075,0.113,0.029,-0.021,-0.119,0.031,-0.038,-0.027,-0.068,-0.089,-0.043,0.080,-0.006,-0.181,0.025,0.275,0.162,-0.013,0.149,0.262,0.058,0.012,0.092,-0.030,0.040,-0.014,0.062,0.044,-0.020,0.014,-0.000,-0.023,0.044,-0.012,0.075,0.075,0.046,-0.031,-0.010,-0.021,-0.045,-0.043,-0.048,-0.039,0.063,-0.002,-0.087,-0.156,-0.142,-0.103,-0.058,-0.025,-0.028,-0.025,0.027,0.028,-0.140,-0.000,0.003,-0.093,-0.039,0.056,0.056,0.055,0.015,0.003,-0.086,-0.017,0.015,-0.029,-0.020,0.010,0.052,0.039,0.042,0.038,-0.016,0.037,-0.006
9.095,9.693,10.221,10.765,10.600,9.811,7.764,7.398,7.346,7.180,7.490,7.017,7.550,8.034,7.514,7.810,6.254,6.839,8.374,7.514,6.684,7.743,7.932,7.644,8.146,8.492,8.828,9.004,9.230,7.832,8.009,8.970,8.400,7.991,7.909,7.950,8.126,8.010,7.939,7.968,23.229,0.029,0.071,0.076,0.120,0.189,0.027,0.205,-0.154,-0.019,-0.185,-0.239,-0.159,-0.010,0.060,0.132,0.160,0.036,0.105,0.115,0.160,-0.050,-0.072,0.131,0.163,0.140,0.073,0.049,0.112,-0.153,0.049,0.079,0.060,0.058,0.083,0.048,0.110,0.266,0.313,0.162,0.064,0.019,0.037,0.004,-0.012,-0.056,-0.066,-0.059,0.027,0.043,-0.055,-0.059,-0.066,-0.028,-0.024,0.007,-0.004,-0.011,0.085,0.007,-0.103,-0.011,0.020,-0.116,-0.092,0.047,0.071,0.046,0.055,0.009,-0.035,0.011,0.048,0.034,0.021,0.029,0.083,0.036,0.055,0.016,-0.005,0.024,-0.015
9.363,9.399,9.687,9.773,9.684,8.890,7.487,7.258,6.790,6.502,6.777,6.988,7.033,7.110,7.551,6.867,6.318,6.552,7.180,6.993,6.448,6.886,7.980,8.449,8.908,9.215,9.307,9.608,8.702,7.968,8.382,8.984,8.688,8.059,7.812,7.907,8.120,8.171,8.052,7.796,22.685,-0.096,-0.134,-0.079,0.008,-0.004,-0.039,0.067,-0.107,-0.284,-0.406,-0.422,-0.358,-0.146,-0.039,0.063,0.097,0.030,-0.035,0.084,0.158,0.043,-0.236,-0.173,0.074,0.075,-0.011,0.009,0.015,-0.303,-0.013,0.024,-0.056,-0.110,-0.057,0.002,-0.096,0.160,0.152,0.019,0.004,-0.013,0.045,0.023,0.006,-0.025,-0.049,-0.022,0.014,0.062,0.023,0.053,0.044,0.052,0.044,0.040,-0.022,0.028,0.054,0.026,0.024,0.019,0.021,-0.043,-0.088,-0.035,-0.016,-0.032,0.010,-0.052,0.060,0.047,0.034,0.070,0.014,0.018,0.067,0.027,0.028,-0.019,0.022,0.026,0.014
10.202,10.776,10.877,10.957,10.490,9.650,8.685,6.721,7.019,6.752,7.078,6.811,7.555,8.075,8.134,8.384,7.207,7.119,8.582,7.717,6.326,6.908,8.462,9.427,9.943,9.726,10.241,10.332,8.709,8.124,8.781,9.931,9.601,9.036,8.526,8.366,9.707,9.520,8.917,8.095,23.132,0.089,-0.033,-0.067,-0.172,-0.207,-0.195,0.032,0.016,-0.057,-0.041,-0.127,-0.118,-0.128,0.029,0.028,0.114,0.119,0.030,0.142,0.132,0.038,-0.182,-0.152,0.084,0.106,0.063,0.104,-0.009,-0.045,0.152,0.132,0.113,0.041,0.053,0.223,0.120,0.165,0.075,0.086,0.050,-0.033,-0.002,-0.025,-0.022,-0.021,-0.030,0.004,-0.032,0.057,0.065,0.107,0.110,0.102,0.077,0.017,-0.043,-0.076,-0.036,0.017,0.044,0.025,0.008,0.050,-0.036,-0.106,-0.085,-0.051,-0.038,-0.081,0.119,0.080,0.029,0.045,0.008,-0.011,0.007,0.021,-0.071,-0.080,0.007,0.030,0.005
9.157,9.652,10.239,10.853,10.726,9.795,7.994,7.176,6.371,6.176,6.443,6.010,7.463,8.111,7.803,8.181,6.423,6.514,8.785,7.976,6.801,6.833,7.529,8.261,8.774,8.866,9.188,9.184,8.532,7.937,8.365,9.137,8.458,8.017,8.288,7.866,9.051,8.697,8.098,8.126,23.165,0.136,0.130,0.089,0.098,0.066,0.032,0.137,0.107,0.163,0.153,0.137,0.171,0.191,0.172,0.023,0.157,0.048,0.190,0.382,0.272,0.048,-0.011,-0.038,-0.078,-0.053,-0.063,-0.009,-0.162,0.230,0.245,0.187,0.302,0.090,0.106,0.225,0.173,0.178,0.099,0.224,0.185,0.065,0.027,0.012,-0.015,-0.017,-0.013,0.019,-0.009,0.016,0.119,0.131,0.112,0.107,0.092,0.038,0.003,-0.075,-0.035,0.016,-0.021,-0.004,-0.013,0.086,0.054,-0.051,-0.044,0.006,-0.000,-0.004,0.110,0.064,0.034,0.036,0.037,0.046,-0.036,0.024,-0.052,-0.012,0.024,0.012,0.019
9.642,9.400,9.612,9.365,9.042,8.386,7.673,7.520,7.272,7.136,7.023,6.917,6.693,7.678,7.530,7.725,6.794,7.010,8.279,7.683,6.699,6.862,7.396,8.159,8.741,8.981,9.406,9.170,9.091,8.608,8.676,9.461,8.722,8.278,8.785,8.569,8.483,8.119,8.344,8.054,22.824,-0.096,-0.187,-0.117,-0.029,0.007,0.014,0.012,0.025,0.082,0.071,0.034,0.085,0.207,0.041,-0.064,-0.249,-0.155,0.076,0.184,0.228,-0.011,0.063,-0.116,-0.291,-0.223,-0.158,-0.131,-0.206,0.176,0.321,0.141,0.105,-0.003,-0.053,-0.030,0.079,-0.096,-0.058,0.093,0.122,0.005,0.002,0.025,0.013,0.051,0.067,0.101,0.041,-0.005,0.056,0.032,-0.003,-0.012,0.083,0.059,0.051,-0.013,-0.033,-0.045,-0.095,-0.064,0.003,0.064,0.083,0.036,0.028,0.056,0.040,0.077,0.032,-0.020,0.008,-0.042,0.014,0.055,-0.070,-0.033,-0.001,0.061,-0.000,0.010,0.028
10.324,10.734,10.765,11.059,10.736,9.681,8.679,7.394,7.479,7.076,7.489,7.792,8.419,8.171,7.965,7.983,6.764,7.556,9.239,8.373,6.500,6.854,8.324,8.693,9.245,9.272,9.680,9.381,9.662,8.949,9.369,10.730,9.579,8.970,8.806,8.671,9.621,9.367,9.460,8.741,23.162,0.129,0.003,-0.130,-0.150,-0.175,-0.050,0.030,-0.034,0.243,0.195,0.055,0.076,0.148,0.145,0.125,-0.096,-0.010,0.019,-0.041,0.092,0.003,0.072,0.080,0.005,0.020,0.129,0.124,0.092,0.137,0.224,0.189,0.126,0.098,0.224,-0.053,0.044,0.030,0.161,0.137,0.027,0.062,-0.034,-0.026,-0.018,-0.011,0.009,0.072,0.061,0.013,-0.007,-0.027,-0.083,-0.089,-0.041,0.011,0.029,0.056,0.008,-0.089,-0.168,-0.151,0.002,0.015,0.036,0.062,0.053,0.061,0.042,0.095,-0.051,-0.101,-0.067,-0.140,-0.044,0.005,-0.052,-0.058,-0.011,0.016,-0.072,-0.029,0.002
9.140,9.300,10.027,10.707,10.518,9.778,8.404,6.737,6.874,6.657,6.727,6.342,8.112,8.249,7.732,7.239,6.262,6.980,9.275,8.658,6.423,7.213,7.484,7.757,8.591,8.735,9.341,9.204,9.022,9.225,8.983,9.659,9.024,8.293,8.117,8.358,8.941,8.895,8.701,8.397,23.157,0.104,0.155,0.109,0.206,0.246,0.350,0.292,0.062,0.186,0.096,-0.101,-0.131,0.306,0.339,0.234,0.175,-0.019,-0.109,-0.122,-0.097,0.078,0.095,0.206,0.222,0.207,0.245,0.239,0.247,0.162,0.063,0.171,-0.009,0.108,0.268,0.011,0.019,0.236,0.349,0.127,0.181,0.110,0.020,0.050,0.035,0.013,0.025,0.071,0.117,0.073,-0.011,-0.014,-0.035,0.011,-0.055,-0.015,0.008,0.160,0.081,-0.021,-0.105,-0.146,-0.002,-0.040,0.035,0.095,0.088,0.036,0.026,0.070,-0.033,-0.094,-0.059,-0.055,-0.003,-0.003,0.016,-0.015,0.058,0.011,-0.036,-0.003,0.001
10.055,9.719,9.384,9.431,9.112,8.847,7.778,7.397,7.782,7.388,6.868,6.678,7.495,8.550,8.329,7.946,6.639,6.624,8.081,7.950,6.953,7.016,7.884,8.486,8.949,9.633,9.840,9.627,9.250,8.748,9.158,9.670,8.797,9.130,8.356,8.192,8.970,9.112,8.606,8.088,23.307,-0.133,-0.169,-0.114,-0.072,-0.011,0.222,0.301,0.154,0.078,0.005,-0.208,-0.166,-0.064,0.080,0.017,0.225,0.021,-0.161,-0.308,-0.321,0.016,0.048,-0.016,-0.026,-0.002,0.040,0.019,0.088,-0.020,-0.131,-0.163,-0.343,-0.186,-0.030,-0.053,-0.088,-0.042,-0.022,-0.155,0.009,0.020,-0.022,0.019,0.061,0.066,0.081,0.073,0.116,0.062,-0.061,-0.046,0.015,0.075,-0.026,-0.084,-0.049,0.070,0.049,0.029,0.021,-0.043,-0.034,-0.040,-0.014,0.026,0.049,-0.057,-0.047,0.009,-0.023,-0.005,-0.028,0.035,0.032,-0.088,0.027,0.022,0.041,-0.049,-0.014,0.018,-0.015
10.299,10.685,10.850,11.211,11.086,10.554,9.584,7.829,8.050,7.461,6.829,6.817,8.684,9.185,8.516,8.617,6.764,6.930,8.250,7.410,6.861,7.255,8.645,9.370,9.926,10.026,10.521,10.284,10.108,9.025,9.639,9.945,9.652,9.537,9.064,8.904,9.989,9.992,9.409,9.285,23.300,0.134,0.150,0.051,-0.002,0.050,0.233,0.463,0.294,0.111,0.096,-0.009,0.258,0.036,0.001,0.032,0.393,0.236,0.060,-0.207,-0.296,-0.027,-0.126,0.105,0.200,0.226,0.069,0.052,0.146,0.090,0.028,0.024,0.065,0.126,0.060,0.049,0.069,0.232,0.089,0.058,0.116,0.029,-0.022,-0.038,-0.034,-0.035,-0.032,-0.046,0.004,0.006,-0.046,-0.036,0.091,0.099,-0.049,-0.115,-0.037,-0.040,0.036,0.051,0.078,0.067,-0.034,-0.026,-0.046,-0.040,-0.026,-0.097,-0.092,-0.042,-0.038,0.055,-0.004,0.070,0.012,-0.089,-0.000,0.021,-0.032,-0.092,-0.026,-0.050,-0.026
9.080,9.196,9.784,10.445,10.396,10.404,9.596,7.617,7.284,6.701,6.397,6.726,7.812,8.103,7.657,8.417,6.620,6.778,8.214,7.391,6.359,7.072,7.662,7.754,8.566,8.828,9.182,9.283,9.019,8.395,8.227,8.873,8.333,8.199,8.065,7.957,8.887,8.709,8.331,8.344,23.191,0.003,0.103,0.203,0.282,0.331,0.374,0.525,0.158,-0.026,-0.035,0.085,0.259,0.151,-0.104,-0.020,0.146,0.106,0.079,0.108,-0.023,-0.116,-0.017,0.058,0.143,0.253,-0.070,-0.015,0.187,0.056,0.216,0.124,0.262,0.249,-0.111,0.063,0.128,0.235,0.045,0.103,0.150,0.028,0.044,0.041,0.014,0.010,0.012,-0.066,-0.066,0.002,0.037,0.029,0.141,0.043,0.060,0.019,0.078,-0.065,0.025,0.059,0.127,0.142,0.023,0.038,0.013,0.019,0.008,-0.027,-0.021,0.023,0.042,0.111,0.084,0.106,0.054,0.037,0.044,0.069,0.038,0.052,0.064,-0.010,-0.007
10.297,10.310,10.081,10.193,10.124,10.165,9.811,8.097,7.680,7.479,6.917,7.610,8.135,8.475,8.229,8.968,7.450,7.203,8.175,7.458,6.584,6.555,8.119,9.126,9.913,9.481,9.930,10.108,9.586,9.541,9.567,10.382,9.885,9.060,8.506,8.820,10.142,9.540,9.127,8.849,23.360,-0.074,-0.173,-0.220,-0.147,-0.084,0.045,0.200,0.093,0.008,-0.063,0.206,0.149,-0.045,-0.144,0.069,0.016,0.121,0.027,0.062,0.090,-0.028,-0.002,-0.061,-0.064,-0.051,-0.187,-0.204,-0.011,-0.066,0.165,0.006,0.037,-0.050,-0.139,-0.049,0.014,-0.063,-0.145,-0.130,-0.140,-0.024,-0.026,-0.042,-0.020,0.002,-0.001,-0.103,-0.128,-0.010,0.043,0.039,0.105,-0.050,0.058,0.091,0.103,-0.062,-0.013,0.016,0.105,0.129,0.023,0.093,-0.018,-0.056,-0.066,-0.009,-0.010,0.003,0.015,0.040,0.016,-0.033,-0.053,0.062,0.032,0.044,-0.008,0.080,0.048,-0.023,-0.008
10.069,10.421,10.783,11.351,11.246,10.910,10.289,8.050,7.838,7.203,7.250,7.576,8.526,8.386,8.373,8.500,6.828,6.884,8.657,7.810,6.513,7.283,8.439,9.323,10.223,9.557,10.059,10.648,9.789,9.569,9.815,10.763,9.928,8.815,8.951,8.874,10.070,9.562,9.261,9.059,23.418,0.189,0.195,0.093,0.052,0.113,-0.016,0.106,0.263,0.313,0.230,0.389,0.102,0.276,0.246,0.388,0.086,0.202,0.150,0.191,0.197,0.129,0.177,0.132,0.202,0.176,0.036,0.044,0.285,0.266,0.356,0.265,0.200,0.172,0.257,0.215,0.286,0.295,0.354,0.260,0.088,0.010,0.001,-0.030,-0.053,-0.071,-0.075,-0.142,-0.139,0.023,0.040,0.072,0.028,-0.020,0.040,0.111,0.081,0.039,0.028,0.012,0.014,0.031,0.018,0.034,-0.021,-0.061,-0.074,0.045,0.023,-0.035,0.000,-0.033,-0.012,-0.094,-0.041,0.078,-0.003,0.021,-0.020,0.048,0.019,-0.029,0.001
9.437,9.208,9.252,10.021,10.240,10.526,10.236,8.075,7.815,6.896,7.432,7.136,8.104,8.323,8.502,8.654,7.265,7.012,8.340,7.650,6.643,7.140,7.953,8.268,8.842,8.724,9.064,9.544,9.392,9.265,8.876,9.182,8.607,8.535,8.375,8.515,9.080,8.840,8.295,8.228,23.068,-0.089,-0.107,0.008,0.124,0.155,-0.087,0.034,0.191,0.155,0.158,0.362,0.087,0.262,0.280,0.342,0.111,0.121,0.106,0.275,0.239,-0.034,0.242,-0.022,-0.109,-0.066,-0.031,-0.028,0.113,0.058,0.158,0.034,-0.068,-0.099,0.186,0.130,0.208,0.160,0.335,0.219,0.030,0.000,0.026,0.048,0.055,0.031,0.010,-0.052,-0.103,-0.013,-0.005,0.060,-0.019,0.087,0.087,0.100,0.012,0.083,0.025,-0.002,-0.015,-0.027,-0.027,-0.021,0.012,-0.018,0.002,0.111,0.095,0.008,0.014,-0.028,0.038,-0.025,0.076,0.052,0.009,0.023,0.020,-0.003,-0.021,0.006,0.018
10.453,10.720,10.662,10.793,10.905,10.142,9.912,8.943,8.784,8.141,8.084,7.473,9.205,9.407,9.460,9.006,7.724,7.624,9.089,8.281,6.973,7.665,8.404,9.192,9.981,9.384,9.834,10.988,10.449,10.313,9.897,10.474,9.831,9.747,9.207,9.538,10.894,10.828,10.049,9.095,23.387,0.016,-0.080,-0.178,-0.211,-0.165,-0.268,-0.086,0.221,0.100,0.216,0.148,0.188,0.196,0.241,0.247,0.293,0.245,0.098,0.069,0.058,-0.022,0.033,-0.066,-0.140,-0.111,0.075,0.009,-0.050,-0.006,0.056,0.052,-0.156,0.068,0.118,-0.042,0.137,0.024,0.043,0.025,-0.081,0.023,-0.051,-0.068,-0.038,-0.019,-0.038,-0.019,-0.096,-0.058,-0.074,-0.049,-0.089,0.098,-0.007,-0.026,-0.100,0.020,0.002,-0.044,-0.101,-0.090,-0.041,-0.094,-0.020,-0.070,-0.078,0.035,0.023,-0.082,-0.074,-0.079,-0.020,-0.082,-0.003,-0.082,-0.072,-0.088,-0.122,-0.197,-0.195,-0.072,0.002
9.660,9.624,10.181,11.093,11.071,10.116,10.169,8.606,7.982,7.800,8.310,8.096,9.107,9.367,9.396,9.270,7.605,7.365,9.335,8.417,6.185,7.574,8.027,8.645,9.704,9.414,9.901,10.503,9.546,9.957,9.697,10.187,9.439,9.526,9.030,9.528,10.532,10.581,9.830,8.982,23.377,0.142,0.204,0.193,0.137,0.103,-0.089,-0.220,0.048,0.092,0.246,0.233,0.540,0.433,0.359,0.201,0.328,0.226,0.042,0.049,0.025,-0.085,-0.036,0.098,0.017,0.102,0.348,0.287,0.194,0.141,0.174,0.301,0.090,0.384,0.193,0.123,0.204,0.171,-0.004,-0.116,-0.023,0.060,0.014,0.014,0.007,-0.024,-0.036,0.032,-0.048,-0.006,-0.011,-0.029,-0.049,0.065,-0.010,-0.049,-0.106,-0.054,-0.014,-0.011,-0.099,-0.067,0.052,-0.054,0.028,0.007,-0.054,0.003,0.027,-0.031,-0.003,-0.010,0.034,0.005,0.007,-0.057,-0.025,-0.090,-0.120,-0.148,-0.136,-0.010,-0.008
10.036,9.815,9.431,9.762,10.007,9.774,9.892,8.890,8.254,7.830,7.550,8.037,9.002,9.069,9.162,9.656,7.885,7.198,8.506,7.716,6.630,7.230,8.071,8.436,9.239,9.588,9.688,9.921,9.682,9.502,9.664,9.479,9.853,8.908,8.411,9.052,9.466,8.908,8.621,8.278,23.379,-0.180,-0.303,-0.191,-0.049,-0.050,-0.112,-0.246,0.044,-0.025,-0.059,0.009,0.364,0.154,0.077,-0.042,0.078,0.158,-0.036,-0.199,-0.147,-0.048,-0.156,-0.030,-0.213,-0.300,0.021,0.003,-0.166,-0.146,-0.047,0.033,-0.290,-0.083,-0.158,-0.140,-0.151,-0.319,-0.460,-0.548,-0.246,-0.012,-0.014,0.008,0.052,0.055,0.037,0.061,0.028,0.035,-0.001,-0.025,0.032,0.012,-0.002,-0.035,-0.083,-0.104,-0.055,-0.010,0.012,0.050,0.065,0.034,0.029,0.020,-0.044,-0.064,-0.006,0.007,0.009,0.036,0.024,0.066,-0.077,-0.048,0.017,-0.072,-0.085,0.016,0.035,0.083,-0.018
10.354,10.681,10.832,11.222,11.204,10.263,9.146,8.342,8.540,8.283,8.862,9.553,10.369,10.287,9.657,9.971,8.316,7.435,8.878,8.058,6.388,7.177,8.611,8.729,9.723,10.362,10.571,11.047,10.481,10.539,10.495,10.128,10.514,9.917,9.388,9.776,10.647,9.779,8.428,8.521,23.370,0.077,0.077,0.052,-0.078,-0.082,-0.006,-0.125,0.250,0.164,0.149,0.186,0.323,0.235,0.115,-0.044,-0.052,0.096,0.116,-0.085,0.008,0.239,0.066,0.100,-0.039,-0.244,0.009,0.110,0.018,0.111,0.160,0.211,0.025,0.013,0.038,0.053,-0.096,-0.270,-0.153,-0.174,0.061,-0.021,-0.018,-0.028,-0.055,-0.059,-0.062,0.011,0.069,0.071,0.009,-0.019,-0.019,-0.103,-0.100,-0.109,-0.062,-0.066,-0.044,-0.003,0.033,0.075,0.080,0.048,0.007,0.035,-0.043,-0.115,-0.065,-0.050,-0.054,-0.018,-0.042,0.061,-0.135,-0.068,-0.031,-0.092,-0.079,0.057,0.167,0.088,-0.018
9.204,8.675,9.384,10.486,10.587,9.509,9.192,9.293,8.380,7.603,7.851,8.563,9.346,9.334,9.118,9.047,8.161,7.409,8.322,7.727,6.629,7.082,7.960,8.084,8.472,9.014,9.515,9.887,9.249,9.785,9.661,9.055,8.879,8.762,8.328,8.656,9.243,8.930,8.011,8.096,23.330,-0.023,0.022,0.155,0.174,0.113,-0.006,0.007,0.294,0.058,0.141,0.330,0.355,0.286,0.186,-0.044,-0.036,0.037,0.013,0.195,0.316,0.138,0.153,0.075,-0.012,-0.159,-0.076,0.067,0.076,0.056,0.245,0.214,0.207,-0.133,-0.045,0.076,-0.072,-0.179,0.200,0.230,0.293,-0.025,0.064,0.105,0.038,0.001,-0.011,0.036,0.072,0.046,0.060,0.031,0.029,-0.041,-0.047,-0.041,0.017,0.012,-0.023,0.013,0.083,0.105,0.054,0.063,0.082,0.138,0.090,-0.011,0.008,0.019,-0.007,0.004,0.000,0.139,0.004,0.028,0.019,-0.008,0.106,0.136,0.264,0.106,0.004
10.461,10.577,10.463,10.341,10.373,10.217,9.895,9.654,8.739,8.659,9.089,9.448,10.110,9.809,9.197,9.313,7.949,7.842,9.003,8.449,7.382,7.979,8.584,8.628,8.869,9.749,10.534,10.609,10.317,10.615,10.755,10.524,9.991,9.787,9.335,9.244,9.293,9.807,9.266,9.377,23.295,-0.027,-0.098,-0.256,-0.271,-0.290,-0.086,-0.004,0.279,0.098,0.052,-0.021,0.030,-0.134,-0.239,-0.108,0.057,0.067,0.000,0.017,0.170,0.221,0.050,0.080,0.092,-0.185,-0.178,-0.071,-0.180,-0.228,-0.063,-0.000,0.147,-0.268,-0.204,-0.140,-0.298,-0.293,-0.049,0.328,0.147,-0.021,-0.027,-0.047,-0.037,0.016,0.009,-0.023,0.006,-0.012,0.062,-0.034,-0.053,-0.057,-0.078,-0.052,0.050,0.002,-0.001,-0.022,0.027,0.015,-0.024,-0.023,0.022,0.081,0.094,-0.030,-0.042,-0.040,-0.074,-0.102,-0.108,-0.032,-0.025,-0.002,-0.051,-0.011,0.126,0.003,0.088,-0.029,0.012
9.869,9.978,10.391,11.072,10.990,9.767,9.552,9.702,8.445,8.345,9.085,9.862,10.563,10.236,9.171,9.802,8.255,7.061,9.417,9.100,6.822,7.593,8.462,8.427,8.872,9.513,10.039,10.520,10.042,10.689,10.605,10.314,9.451,8.750,8.819,8.956,9.246,9.895,9.353,9.317,23.289,0.190,0.309,0.153,0.053,0.001,0.107,0.053,0.258,0.310,0.144,0.255,0.306,0.103,0.048,0.075,0.084,0.059,0.088,0.166,0.298,0.231,0.167,0.390,0.409,0.122,0.059,0.136,0.030,-0.014,0.085,0.139,0.346,0.076,0.105,0.049,-0.089,0.221,0.167,0.521,0.239,0.008,0.002,-0.022,-0.013,-0.019,-0.015,-0.018,-0.005,-0.048,0.079,0.010,-0.049,-0.072,-0.089,-0.033,0.077,-0.027,0.018,0.026,-0.057,-0.088,0.023,-0.028,-0.023,0.053,0.121,0.033,-0.029,-0.013,0.014,-0.114,-0.117,-0.099,0.054,0.060,0.016,0.093,0.135,-0.047,-0.052,-0.070,0.009
9.885,9.540,9.049,9.571,9.551,9.702,8.947,9.531,8.997,8.173,8.141,9.055,9.092,8.641,9.088,9.877,8.606,7.610,8.415,8.223,7.397,7.174,8.761,9.019,8.597,9.220,9.953,9.833,8.945,9.773,10.022,10.231,8.890,8.904,8.441,8.135,9.180,9.052,9.398,8.644,23.284,-0.167,-0.303,-0.131,0.061,0.019,-0.176,-0.118,0.210,0.346,-0.020,-0.041,0.064,-0.062,-0.076,0.144,-0.100,0.082,-0.031,0.066,0.092,0.072,-0.057,0.055,0.157,0.086,-0.207,-0.134,-0.160,-0.227,-0.270,-0.292,-0.205,-0.214,-0.049,-0.190,-0.144,0.160,-0.122,0.120,-0.058,0.021,0.001,0.010,0.084,0.077,0.071,-0.035,-0.019,-0.067,0.028,0.053,0.041,-0.019,-0.002,0.054,0.061,-0.046,-0.015,-0.004,-0.031,-0.070,-0.005,-0.004,-0.081,-0.043,0.116,0.069,-0.019,0.046,0.118,-0.042,-0.082,-0.113,0.101,0.066,0.106,0.221,0.121,0.026,-0.110,-0.022,0.001
10.443,10.740,10.856,11.137,11.003,10.301,9.932,10.643,9.802,8.567,9.598,10.290,10.373,10.158,9.547,9.187,8.127,7.965,9.444,9.330,7.778,8.322,9.820,9.933,9.220,9.575,10.484,10.424,9.867,10.632,10.724,10.929,9.811,9.729,9.022,8.766,10.403,10.142,10.547,9.659,23.375,0.059,0.015,0.027,-0.087,-0.118,-0.051,0.041,0.087,0.330,0.229,0.095,-0.025,-0.193,-0.062,0.212,-0.095,0.119,0.158,-0.115,-0.083,0.327,0.064,-0.028,0.218,0.309,0.103,-0.046,0.002,0.126,-0.220,-0.223,-0.111,0.108,0.179,0.179,0.315,0.268,-0.001,0.072,0.048,-0.002,-0.025,-0.048,-0.057,-0.051,-0.044,-0.122,-0.113,-0.128,-0.077,0.014,-0.029,-0.078,-0.050,-0.065,-0.072,-0.000,0.001,-0.022,-0.076,-0.107,-0.058,-0.032,-0.131,-0.118,0.017,0.046,-0.049,-0.016,0.056,-0.038,-0.051,-0.093,0.031,0.012,0.092,0.178,-0.038,-0.038,-0.185,-0.056,-0.010
9.340,8.680,9.575,10.613,10.460,9.070,9.116,10.233,9.790,8.447,8.628,9.556,9.898,9.467,9.728,9.119,8.425,7.234,9.318,8.793,7.264,7.331,8.182,8.662,9.126,8.682,9.643,9.857,9.272,9.296,9.233,9.191,8.740,9.053,8.283,8.617,9.512,9.074,9.271,8.917,23.355,0.041,0.098,0.225,0.183,0.123,-0.184,-0.092,0.031,0.229,0.275,0.265,0.102,0.003,0.086,0.126,-0.082,-0.035,-0.055,0.000,0.012,0.149,0.080,-0.116,-0.027,0.303,0.146,-0.074,0.065,0.291,-0.119,-0.228,-0.189,0.223,0.087,0.324,0.605,0.288,0.167,0.001,0.134,-0.013,0.059,0.107,0.012,-0.030,-0.027,-0.042,-0.095,-0.096,-0.071,0.033,0.022,-0.016,0.043,-0.020,-0.102,0.057,0.024,0.043,0.019,0.020,-0.058,0.034,0.006,-0.009,0.033,0.108,0.055,0.025,0.037,0.066,0.150,0.124,0.066,0.099,0.155,0.130,-0.035,0.003,-0.085,-0.001,-0.007
10.438,10.483,10.264,10.117,9.944,9.830,9.671,9.783,9.698,9.351,9.314,9.487,9.195,9.513,9.912,9.707,8.942,8.039,8.389,8.399,8.524,7.835,8.613,9.697,10.152,10.296,9.963,10.520,10.510,9.830,9.885,10.280,10.068,9.571,9.793,10.290,10.419,9.881,9.777,9.421,23.245,-0.037,-0.132,-0.308,-0.264,-0.269,-0.497,-0.523,-0.294,-0.019,0.068,-0.045,-0.103,-0.177,-0.358,-0.278,0.074,0.121,-0.010,-0.183,-0.195,-0.096,-0.059,-0.180,-0.088,0.100,0.112,-0.138,-0.165,0.010,-0.181,-0.145,-0.126,0.012,0.097,0.253,0.426,-0.033,-0.168,-0.344,-0.137,-0.024,-0.025,-0.037,-0.033,0.013,0.011,-0.035,-0.099,-0.051,-0.020,-0.013,-0.048,-0.006,0.080,0.007,-0.073,0.024,0.010,0.025,0.131,0.113,-0.127,-0.014,-0.003,-0.022,-0.017,-0.014,0.054,-0.004,-0.096,0.049,0.173,0.119,-0.065,0.039,0.014,-0.081,-0.107,-0.070,-0.062,-0.052,0.004
10.092,10.159,10.468,10.998,10.693,9.016,8.617,10.118,10.195,9.158,9.606,9.968,9.696,9.395,9.535,9.207,8.023,7.297,8.944,8.748,7.771,7.819,8.785,9.001,9.646,9.588,9.845,10.109,10.080,9.577,9.302,9.609,9.874,9.419,9.673,10.396,10.614,10.020,9.786,9.434,23.284,0.179,0.303,0.099,-0.003,-0.043,-0.161,-0.309,-0.079,0.167,0.227,0.140,0.023,0.145,-0.026,-0.122,0.101,0.204,0.269,0.196,0.246,-0.007,0.173,0.164,0.265,0.354,0.330,0.186,0.048,0.017,0.039,0.421,0.423,0.165,0.485,0.550,0.450,0.134,-0.023,-0.098,0.028,-0.001,-0.013,-0.038,-0.024,-0.053,-0.051,0.066,0.025,-0.031,0.012,0.004,-0.053,-0.014,0.019,0.023,-0.013,-0.024,0.018,0.066,0.121,0.107,-0.049,-0.037,-0.007,0.014,-0.013,-0.033,0.069,0.027,-0.065,0.041,0.166,0.105,-0.063,0.014,-0.057,-0.162,-0.137,-0.066,-0.000,-0.058,0.004
9.882,9.339,8.868,9.625,9.540,7.843,7.566,9.232,9.506,8.550,8.884,9.570,9.589,8.402,8.255,9.513,8.933,7.883,8.715,8.379,7.045,7.784,8.619,9.323,9.463,9.682,9.692,9.473,9.511,9.585,9.962,10.088,9.302,10.030,9.594,10.005,9.689,8.829,8.571,8.718,23.290,-0.134,-0.274,-0.073,0.070,0.018,-0.236,-0.346,-0.114,0.261,0.189,-0.083,-0.016,0.136,0.031,-0.029,-0.066,0.049,0.119,0.443,0.363,-0.231,-0.052,-0.183,-0.036,0.200,-0.061,0.094,-0.011,-0.215,-0.055,0.318,0.178,-0.187,0.175,0.135,-0.014,-0.188,-0.254,-0.190,-0.159,0.014,0.003,0.026,0.100,0.038,0.021,0.142,0.122,-0.019,-0.008,0.025,0.034,0.049,0.004,0.058,0.041,-0.111,-0.084,-0.021,0.065,0.037,0.024,-0.054,0.002,-0.035,-0.036,-0.042,0.062,0.086,0.050,0.058,0.067,0.005,0.007,-0.059,-0.084,-0.106,-0.081,0.044,0.100,0.013,-0.002
10.512,10.767,10.769,10.844,10.448,9.259,8.623,10.115,10.723,9.982,9.542,9.632,10.428,9.890,9.945,9.721,9.449,8.658,10.136,10.034,7.969,8.220,8.997,10.174,11.241,10.638,10.710,10.621,9.857,9.616,11.300,11.403,9.947,11.248,11.133,11.010,10.550,9.485,9.386,9.408,23.325,0.025,-0.023,-0.015,-0.247,-0.275,0.013,-0.057,-0.213,0.149,0.236,0.018,-0.014,-0.060,0.009,-0.065,-0.132,0.092,0.211,0.294,0.267,-0.029,-0.111,-0.149,0.018,0.188,0.069,0.154,0.123,0.078,0.024,0.372,0.185,0.005,0.118,0.096,0.013,-0.316,-0.118,-0.078,-0.145,-0.012,-0.041,-0.076,-0.036,-0.054,-0.068,0.037,0.014,-0.129,-0.148,-0.074,-0.022,0.027,-0.093,-0.087,-0.072,-0.104,-0.125,-0.109,-0.143,-0.170,-0.010,-0.099,-0.022,-0.130,-0.172,-0.112,-0.056,-0.008,0.038,-0.001,-0.135,-0.176,-0.027,-0.170,-0.175,-0.135,-0.106,0.023,0.042,0.003,-0.020
9.558,8.810,9.750,10.542,10.155,8.529,7.939,9.217,10.741,9.886,8.933,9.575,9.507,9.422,9.562,9.122,8.473,7.952,10.008,9.573,7.269,7.377,7.593,8.930,10.353,9.463,10.002,10.207,9.548,9.537,10.477,10.273,9.099,9.533,9.740,9.915,9.510,8.876,9.027,8.636,23.293,0.055,0.163,0.251,0.047,-0.047,0.128,-0.040,-0.323,-0.048,0.186,0.188,0.160,-0.057,-0.086,-0.100,-0.363,-0.244,-0.086,0.093,-0.021,0.037,-0.188,-0.013,-0.140,0.005,0.031,0.189,0.226,0.228,0.119,0.216,0.015,0.124,-0.012,0.060,0.112,-0.213,0.099,0.146,0.013,-0.028,0.034,0.068,0.004,-0.042,-0.041,0.036,0.019,-0.084,-0.184,-0.074,0.036,0.036,-0.032,-0.064,-0.059,0.020,-0.014,-0.027,-0.189,-0.193,0.009,-0.015,0.101,-0.028,-0.102,-0.006,-0.035,-0.048,0.015,0.000,-0.127,-0.108,0.055,-0.042,-0.070,-0.044,0.028,0.068,0.067,0.094,-0.020
10.378,10.307,9.954,9.304,9.008,8.736,8.147,9.062,10.324,9.670,9.671,9.898,9.435,8.929,8.558,8.744,8.712,8.318,9.770,9.487,7.516,7.469,8.553,9.289,10.140,10.041,10.458,10.355,10.449,9.720,10.907,10.440,9.999,10.258,10.082,10.508,9.121,9.405,9.170,8.752,23.221,-0.123,-0.297,-0.240,-0.262,-0.350,-0.156,-0.391,-0.621,-0.416,-0.142,-0.103,0.070,-0.224,-0.401,-0.446,-0.270,-0.274,-0.175,-0.342,-0.413,-0.191,-0.253,-0.030,-0.335,-0.410,-0.274,-0.143,-0.109,-0.015,-0.052,-0.202,-0.377,-0.125,-0.269,-0.289,-0.290,-0.383,-0.083,-0.055,-0.044,-0.079,-0.019,-0.010,-0.007,0.055,0.047,-0.048,0.011,0.026,-0.131,-0.066,-0.005,-0.008,0.010,0.020,0.004,0.114,0.040,-0.012,-0.099,-0.100,-0.057,0.026,0.061,-0.007,-0.029,-0.006,-0.058,-0.119,-0.119,-0.042,-0.142,-0.093,-0.006,-0.022,-0.075,-0.073,0.095,0.005,0.033,0.084,-0.003
10.224,10.382,10.531,10.631,10.026,8.743,7.603,8.145,9.467,9.638,9.757,10.237,9.803,8.453,8.450,8.184,8.081,7.625,9.365,8.546,7.456,7.220,8.777,9.066,10.039,10.134,10.765,10.737,10.353,10.126,11.239,10.646,9.898,10.464,10.421,10.814,9.339,9.364,9.409,9.112,23.201,0.112,0.205,0.062,-0.133,-0.151,0.030,-0.085,-0.331,-0.379,0.010,0.159,0.124,0.057,-0.085,-0.134,0.103,0.163,0.176,-0.183,-0.259,-0.103,-0.057,0.263,0.001,-0.011,0.080,0.069,-0.137,-0.096,-0.015,-0.031,-0.080,0.154,0.156,-0.020,-0.082,-0.015,0.066,0.132,0.261,-0.051,-0.018,-0.023,-0.043,-0.030,-0.006,-0.098,0.068,0.141,0.009,-0.027,-0.041,-0.100,-0.028,0.066,0.039,0.167,0.107,0.024,-0.022,0.015,-0.054,0.042,-0.011,0.044,0.043,0.022,-0.044,-0.109,-0.153,-0.075,-0.101,-0.047,-0.036,-0.013,-0.039,-0.078,0.101,-0.026,-0.008,0.019,0.006
9.563,8.494,9.179,9.488,8.764,8.372,6.837,7.545,9.281,9.395,8.614,9.649,9.161,8.371,8.270,8.841,8.276,7.946,8.746,8.483,6.922,7.033,8.257,8.429,9.346,8.933,9.613,9.813,9.380,9.060,9.911,9.332,8.922,9.437,9.347,9.111,8.720,8.828,8.918,8.952,22.977,-0.099,-0.097,0.043,0.119,0.009,-0.177,0.021,-0.077,-0.338,-0.006,0.005,-0.037,-0.069,0.106,-0.026,0.203,0.086,0.020,-0.061,-0.114,-0.244,-0.046,0.018,-0.085,0.051,0.013,-0.077,-0.292,-0.355,-0.122,-0.216,-0.230,-0.039,-0.075,-0.236,-0.255,0.059,-0.076,0.096,0.153,-0.016,0.031,0.102,0.068,0.033,0.057,-0.034,0.121,0.237,0.165,0.033,0.007,-0.116,-0.042,0.077,0.083,0.096,0.059,-0.041,0.056,0.080,0.022,0.052,-0.004,0.112,0.109,0.085,0.036,0.036,-0.080,0.006,0.043,0.047,-0.002,0.006,0.077,0.049,0.174,0.068,0.022,-0.016,0.020
10.524,10.740,10.446,9.785,9.524,8.863,8.169,8.322,9.370,10.074,10.257,10.319,9.929,9.277,9.037,9.587,9.508,9.019,9.604,8.778,7.050,7.310,9.053,9.364,10.693,10.416,10.769,9.794,9.604,9.791,10.820,10.425,10.405,10.726,10.009,10.204,9.635,9.494,9.814,9.842,23.161,-0.047,-0.055,-0.105,-0.294,-0.258,-0.352,0.094,0.109,-0.040,-0.017,-0.070,-0.289,-0.273,-0.007,-0.117,0.235,0.112,-0.063,-0.158,-0.094,-0.208,-0.082,-0.091,-0.047,-0.011,-0.004,-0.064,-0.225,-0.368,-0.219,-0.281,-0.293,-0.101,-0.173,-0.163,-0.295,0.070,-0.034,0.030,0.012,-0.029,-0.038,-0.054,-0.013,0.004,-0.035,-0.067,-0.034,0.136,0.178,-0.038,-0.108,-0.150,-0.120,-0.055,-0.015,-0.065,-0.090,-0.149,-0.036,0.002,0.031,0.010,-0.046,0.029,-0.050,-0.044,-0.043,0.051,-0.039,-0.006,0.019,-0.027,-0.106,-0.130,0.042,0.013,0.095,0.060,-0.067,-0.120,0.006
9.732,9.644,10.212,10.320,9.305,7.792,7.971,8.587,8.683,9.424,9.446,9.670,9.028,9.046,8.134,9.056,8.429,7.720,9.345,8.799,6.498,7.192,8.506,8.717,10.069,9.965,10.073,9.369,9.048,9.279,10.035,9.399,9.549,9.754,9.108,9.538,9.269,8.958,9.448,9.151,23.164,0.113,0.342,0.183,-0.019,-0.010,-0.136,0.123,0.345,0.240,0.037,0.044,-0.302,-0.271,-0.056,-0.040,0.142,0.048,-0.263,-0.072,-0.094,-0.027,0.020,0.127,0.246,0.134,0.194,0.104,0.116,-0.278,0.079,0.140,-0.035,-0.006,-0.077,0.168,0.062,0.443,0.306,0.107,0.002,0.008,0.007,-0.008,-0.012,-0.016,-0.024,0.064,-0.021,0.043,0.108,-0.060,-0.078,-0.090,-0.059,-0.086,-0.014,-0.153,-0.091,-0.039,-0.080,-0.075,0.059,0.026,0.013,0.028,-0.092,-0.048,-0.020,0.064,0.072,0.023,0.059,0.049,-0.063,-0.062,0.081,0.036,0.033,0.061,-0.064,-0.076,-0.000
9.903,9.534,9.487,8.746,8.465,7.270,7.505,8.170,9.567,9.539,8.989,8.782,8.505,8.080,7.932,9.252,8.564,7.425,8.276,7.920,6.627,6.729,8.198,8.688,9.625,9.600,10.213,9.832,8.678,8.920,9.769,9.149,9.078,9.439,9.726,9.126,9.414,9.129,9.293,9.072,22.962,-0.184,-0.286,-0.071,-0.044,-0.318,-0.326,-0.305,0.137,0.225,-0.202,-0.399,-0.495,-0.440,-0.278,-0.202,-0.194,-0.265,-0.428,-0.355,-0.260,-0.056,-0.040,-0.021,-0.022,-0.300,-0.231,-0.234,-0.087,-0.331,-0.146,-0.114,-0.314,-0.393,-0.494,-0.010,-0.178,0.268,0.174,-0.210,-0.264,-0.033,0.008,0.007,0.026,0.092,0.075,0.111,0.057,0.002,-0.065,-0.064,-0.029,0.003,0.043,-0.026,0.002,-0.203,-0.100,0.059,-0.057,-0.097,0.014,0.041,0.018,-0.012,-0.072,-0.017,-0.000,0.020,0.138,0.047,0.052,0.103,-0.014,0.012,0.025,0.022,-0.053,-0.010,-0.020,-0.004,0.006
10.440,10.808,10.571,9.913,9.243,8.487,7.783,9.347,10.382,9.847,9.469,8.905,8.519,8.688,8.620,9.718,8.987,7.429,9.048,8.441,7.000,7.426,9.319,9.999,10.550,10.313,10.410,10.374,8.451,9.891,11.135,9.792,9.554,9.698,10.326,9.960,11.043,10.539,9.711,9.350,23.119,0.004,-0.023,-0.034,-0.087,-0.081,0.130,0.118,0.122,0.071,-0.212,-0.221,-0.386,-0.279,-0.187,-0.054,-0.349,-0.179,0.006,-0.362,-0.407,-0.023,0.062,0.050,0.043,-0.265,-0.115,-0.091,-0.042,-0.012,-0.044,-0.005,0.025,-0.209,-0.223,0.094,-0.135,0.123,0.124,-0.103,-0.090,-0.014,-0.027,-0.059,-0.035,0.010,-0.000,0.012,0.079,-0.082,-0.195,-0.087,-0.025,0.036,0.028,-0.045,-0.040,-0.188,-0.093,0.085,-0.081,-0.091,-0.032,-0.011,-0.090,-0.091,-0.083,-0.065,-0.027,-0.059,0.131,-0.016,-0.076,0.042,0.000,0.032,-0.075,-0.071,-0.201,-0.136,-0.015,0.013,-0.016
9.252,8.727,9.913,9.767,7.966,6.884,6.738,8.625,9.645,8.851,8.250,8.226,7.984,8.068,7.786,8.285,7.901,7.024,7.976,7.657,6.519,6.994,8.544,8.613,8.950,9.085,9.429,8.858,8.247,8.756,9.703,8.659,8.439,8.283,9.351,9.103,10.088,9.575,8.634,8.421,23.016,0.049,0.163,0.131,0.201,0.153,0.070,0.379,0.231,-0.281,-0.211,-0.081,-0.232,-0.056,-0.074,-0.102,-0.534,-0.276,0.096,-0.300,-0.422,-0.140,0.101,0.037,-0.003,-0.170,0.065,0.030,-0.048,0.188,0.076,0.050,0.194,-0.068,-0.038,0.001,-0.084,-0.037,0.008,0.037,0.036,0.011,0.025,0.063,0.000,-0.004,0.046,0.057,0.121,-0.055,-0.151,-0.029,0.048,0.053,0.016,-0.038,-0.028,-0.044,-0.007,0.034,-0.001,0.008,0.008,-0.032,-0.102,-0.048,0.036,-0.012,0.020,-0.020,0.065,0.018,-0.027,0.063,0.091,0.111,-0.032,-0.006,-0.153,-0.103,0.045,0.050,-0.029
10.079,9.933,9.830,9.375,9.147,8.634,8.944,8.971,9.001,8.706,8.713,8.020,7.892,8.117,7.937,7.794,7.865,7.950,7.687,6.898,6.436,7.369,8.582,8.968,9.082,9.648,10.011,9.645,9.203,9.140,10.041,9.770,8.825,9.216,9.766,8.873,9.547,9.357,9.262,9.026,23.066,-0.141,-0.179,-0.094,-0.091,-0.246,-0.276,0.175,-0.110,-0.484,-0.393,-0.239,-0.254,-0.325,-0.384,-0.291,-0.630,-0.411,-0.101,-0.505,-0.470,-0.142,-0.107,-0.354,-0.217,-0.346,-0.278,-0.166,-0.197,0.116,-0.110,-0.320,-0.078,-0.167,-0.143,-0.215,-0.338,-0.411,-0.292,-0.091,-0.083,-0.091,-0.015,0.005,-0.018,-0.023,-0.037,0.007,-0.018,-0.088,-0.056,-0.035,-0.020,-0.005,-0.072,-0.071,-0.055,0.039,-0.000,-0.106,0.034,0.109,0.036,-0.050,-0.084,-0.077,0.026,-0.080,-0.044,-0.059,-0.095,-0.001,-0.023,-0.055,0.052,0.028,-0.011,0.030,-0.052,-0.056,0.009,-0.008,-0.044
10.329,10.785,10.513,10.018,9.279,7.545,8.819,9.512,8.854,9.052,8.964,8.066,8.539,7.994,7.762,7.546,7.746,7.647,7.455,6.581,6.208,7.265,8.751,9.190,9.511,10.259,10.565,9.955,9.241,9.675,10.565,10.131,9.102,9.490,10.013,9.248,9.979,9.760,9.701,9.414,23.042,0.012,0.109,-0.040,-0.063,-0.006,0.161,0.270,-0.020,-0.253,-0.255,-0.150,-0.294,-0.336,-0.367,-0.223,-0.273,-0.185,-0.207,-0.288,-0.190,0.043,-0.116,-0.327,-0.130,-0.078,-0.212,-0.099,-0.111,-0.068,-0.021,-0.090,0.052,0.043,0.020,-0.016,-0.105,-0.232,-0.132,0.011,-0.020,-0.138,-0.035,-0.036,-0.069,-0.082,-0.063,0.090,-0.053,-0.139,0.013,-0.037,-0.064,-0.070,-0.139,-0.078,-0.040,0.087,0.020,-0.100,0.058,0.129,0.066,-0.009,-0.019,-0.081,-0.017,-0.111,-0.091,-0.080,-0.180,-0.028,-0.019,-0.127,0.005,-0.032,-0.019,0.018,-0.013,-0.036,-0.051,-0.059,-0.047
9.198,8.884,9.803,9.330,7.355,6.775,7.618,8.352,8.356,7.782,7.918,7.714,6.614,6.806,7.176,6.939,7.011,6.612,6.784,6.632,6.444,6.753,7.446,8.623,8.541,8.334,9.012,8.838,8.532,8.883,9.102,8.668,8.386,8.379,8.920,8.198,9.044,8.986,8.722,8.440,22.649,-0.052,0.030,-0.037,-0.070,-0.185,0.118,0.080,-0.193,-0.224,-0.366,-0.286,-0.378,-0.500,-0.396,-0.269,-0.286,-0.226,-0.372,-0.200,0.021,0.064,-0.078,-0.190,-0.277,-0.182,-0.375,-0.248,-0.306,-0.361,0.000,-0.048,-0.177,-0.003,-0.113,0.049,0.024,-0.041,-0.087,-0.047,-0.101,-0.161,-0.012,0.021,-0.053,-0.058,-0.013,0.078,-0.043,-0.098,-0.026,-0.027,-0.048,-0.050,-0.025,-0.002,-0.006,0.102,0.019,-0.027,0.089,0.096,0.026,0.044,0.068,-0.032,0.002,-0.006,-0.040,-0.006,-0.100,0.001,0.028,-0.096,-0.022,-0.044,-0.033,0.040,0.014,-0.014,-0.050,-0.055,-0.031
9.754,9.795,9.725,9.474,8.831,8.620,8.753,8.835,8.705,8.036,7.895,6.907,6.941,6.889,7.051,7.347,7.405,6.659,6.989,6.839,6.729,6.724,7.478,8.137,8.828,8.682,9.435,8.706,8.241,8.779,9.723,9.469,8.874,8.802,9.697,8.915,9.179,9.101,8.957,8.616,22.532,-0.170,-0.122,-0.241,-0.222,-0.194,0.324,0.162,-0.423,-0.344,-0.408,-0.376,-0.521,-0.666,-0.459,-0.313,-0.273,-0.268,-0.267,-0.164,-0.022,0.085,0.044,-0.140,-0.377,-0.335,-0.443,-0.384,-0.392,-0.475,-0.120,-0.179,-0.392,-0.125,-0.212,-0.225,-0.175,-0.288,-0.273,-0.243,-0.252,-0.188,-0.027,-0.027,-0.045,-0.075,-0.106,-0.095,-0.144,-0.153,-0.129,-0.036,-0.024,0.030,0.031,-0.005,0.008,0.043,-0.047,0.023,0.019,0.016,-0.041,0.039,0.061,0.011,-0.017,0.012,-0.059,0.019,0.033,-0.007,-0.027,-0.099,-0.098,-0.087,-0.105,-0.022,-0.051,-0.053,-0.074,-0.071,-0.024
10.107,10.576,10.037,9.299,8.444,8.687,9.378,8.343,7.956,7.382,7.817,6.709,6.192,6.690,6.946,6.465,6.904,6.581,6.919,6.875,6.498,7.247,8.269,8.110,8.512,8.562,9.338,8.739,7.898,9.589,10.222,9.215,8.921,8.995,10.170,9.158,9.743,9.252,9.400,8.918,22.515,-0.108,0.040,-0.258,-0.301,-0.220,0.033,0.015,-0.398,-0.568,-0.454,-0.365,-0.393,-0.287,-0.347,-0.274,-0.122,-0.274,-0.208,-0.122,-0.073,-0.032,0.035,-0.107,-0.254,-0.209,-0.190,-0.224,-0.089,-0.182,-0.053,-0.137,-0.334,-0.196,-0.248,-0.275,-0.102,-0.311,-0.292,-0.212,-0.239,-0.219,-0.021,-0.023,-0.016,-0.044,-0.052,-0.133,-0.178,-0.118,-0.087,0.011,0.033,0.100,0.103,0.049,0.043,0.043,-0.029,0.051,-0.009,-0.036,-0.053,-0.013,-0.004,0.050,0.019,0.051,-0.011,0.065,0.143,-0.043,-0.055,-0.011,-0.098,-0.066,-0.120,-0.053,-0.080,-0.053,-0.067,-0.039,-0.008
9.024,9.328,9.192,8.926,7.764,8.209,8.751,7.403,7.336,7.214,7.136,5.965,5.423,5.758,6.312,6.417,6.460,6.326,6.569,6.351,6.607,7.236,7.638,7.562,7.853,7.929,8.484,8.046,7.182,8.721,9.109,7.896,8.208,8.121,8.262,7.891,8.191,8.264,8.148,7.915,22.168,-0.093,-0.032,-0.153,-0.320,-0.518,-0.272,-0.419,-0.685,-0.726,-0.390,-0.232,-0.135,-0.290,-0.415,-0.180,-0.138,-0.395,-0.176,-0.234,-0.062,-0.112,0.023,-0.064,-0.086,-0.149,-0.246,-0.407,-0.124,0.009,-0.028,-0.180,-0.366,-0.353,-0.349,-0.377,-0.153,-0.351,-0.294,-0.275,-0.306,-0.231,-0.004,-0.009,0.010,-0.057,-0.039,-0.146,-0.201,-0.028,0.029,0.039,0.072,0.130,0.128,0.099,0.055,0.041,0.046,0.063,-0.001,-0.013,-0.029,-0.053,-0.007,0.060,0.032,0.059,0.060,0.081,0.165,-0.011,-0.028,0.063,-0.035,0.002,-0.020,-0.014,0.012,0.017,-0.006,0.039,0.005
9.023,9.317,8.777,8.101,6.788,7.147,7.692,7.080,6.198,5.920,6.472,6.218,5.940,5.637,6.174,6.795,6.113,5.741,6.384,6.510,6.345,6.673,6.829,7.641,7.986,7.758,8.366,8.722,8.150,8.645,8.723,7.785,7.740,7.480,8.261,8.198,7.983,7.945,8.065,7.593,21.734,-0.197,-0.132,-0.162,-0.238,-0.285,-0.249,-0.522,-0.652,-0.466,-0.321,-0.191,-0.073,-0.173,-0.175,-0.122,-0.138,-0.305,-0.161,-0.209,-0.137,-0.101,-0.131,-0.248,-0.170,-0.178,-0.220,-0.289,-0.114,0.114,-0.262,-0.322,-0.244,-0.380,-0.375,-0.473,-0.250,-0.411,-0.342,-0.367,-0.270,-0.182,0.017,-0.009,0.030,-0.006,0.018,-0.042,-0.081,0.077,0.165,0.090,0.098,0.101,0.064,0.106,0.024,0.011,0.128,0.100,0.001,0.012,0.038,-0.023,0.021,0.018,0.008,0.023,0.058,-0.006,0.048,-0.032,-0.022,0.077,0.047,0.083,0.040,-0.010,0.052,0.055,0.023,0.073,0.032
9.831,10.267,9.592,8.471,7.069,8.028,7.503,6.044,5.956,6.814,7.408,6.478,5.617,5.342,6.538,6.494,5.824,6.201,6.088,6.712,6.245,7.126,7.880,7.941,8.346,7.854,7.885,8.094,8.158,9.108,9.574,8.354,7.702,7.817,8.765,8.627,8.305,8.283,8.248,7.750,21.769,-0.146,-0.080,-0.237,-0.537,-0.356,-0.266,-0.576,-0.437,-0.250,-0.279,-0.101,-0.031,-0.085,-0.052,-0.116,-0.061,-0.024,0.026,-0.127,-0.057,-0.027,-0.140,-0.105,-0.121,-0.190,-0.132,-0.053,0.027,0.200,-0.069,-0.225,-0.121,-0.207,-0.137,-0.225,-0.170,-0.179,-0.165,-0.194,-0.043,-0.184,0.026,0.010,0.023,0.056,0.103,0.019,0.091,0.232,0.205,0.074,0.033,0.036,0.076,0.090,-0.008,0.004,0.121,0.078,0.030,0.017,0.070,0.005,0.021,-0.031,-0.020,0.034,0.073,-0.018,-0.035,-0.042,-0.023,0.056,0.107,0.119,0.066,0.015,0.076,0.071,0.063,0.080,0.046
8.718,9.448,9.027,8.335,7.367,7.531,7.392,5.762,6.315,5.976,6.725,6.089,5.231,6.024,6.224,5.735,5.695,5.837,6.116,6.011,6.175,6.647,6.906,7.068,7.373,7.501,8.191,8.147,7.979,8.087,8.378,7.766,7.275,7.271,7.552,7.538,7.631,7.535,7.513,7.652,21.806,0.004,0.021,-0.066,-0.223,-0.210,-0.181,-0.313,-0.138,0.018,-0.059,0.059,0.062,-0.070,-0.000,-0.185,-0.107,0.182,0.192,-0.169,-0.018,0.114,-0.000,0.019,-0.145,-0.150,-0.132,-0.112,-0.196,-0.040,-0.193,-0.222,-0.074,-0.035,0.061,-0.150,-0.142,-0.135,-0.080,-0.140,-0.005,-0.084,0.055,0.011,0.025,0.065,0.060,0.032,0.127,0.211,0.104,0.063,-0.008,0.003,0.084,0.028,0.003,-0.020,0.022,0.026,0.037,0.030,0.034,0.018,0.041,0.002,0.007,0.022,-0.012,-0.041,-0.083,-0.019,-0.005,0.034,0.100,0.096,0.086,0.052,0.069,0.073,0.096,0.053,0.007
8.446,8.860,7.884,6.122,5.692,6.686,6.022,5.878,6.029,5.789,6.503,5.877,5.354,5.304,5.708,6.644,6.551,6.406,6.067,6.316,6.556,6.550,7.074,7.245,7.210,7.398,8.307,8.468,8.265,8.655,8.156,7.300,7.408,7.542,7.491,7.371,7.472,7.642,7.455,7.673,21.214,-0.064,-0.057,-0.084,-0.046,-0.040,-0.210,-0.070,0.216,0.058,-0.154,-0.192,-0.020,0.037,-0.052,-0.188,-0.134,-0.034,0.036,-0.103,-0.038,0.129,-0.017,-0.092,-0.255,-0.264,-0.120,-0.129,-0.175,-0.092,-0.274,-0.343,-0.173,0.011,0.028,-0.208,-0.130,-0.109,-0.071,-0.075,-0.040,-0.048,0.051,0.010,0.048,0.140,0.128,0.052,0.136,0.097,0.029,0.050,-0.024,-0.019,0.052,0.012,0.030,-0.038,-0.075,-0.054,0.047,0.002,-0.047,0.006,-0.016,0.045,0.047,0.012,-0.062,-0.057,-0.089,-0.052,-0.005,0.030,0.042,0.025,0.060,0.071,0.029,0.028,0.069,-0.002,0.008
9.736,10.126,9.303,8.163,6.427,6.910,6.868,6.473,6.253,6.137,7.220,6.827,5.722,5.655,5.665,6.182,6.660,6.598,5.549,6.616,6.759,6.960,7.327,7.265,7.804,7.325,7.597,7.554,7.898,7.907,8.322,7.945,7.715,7.922,8.148,8.116,7.722,7.865,7.762,7.605,21.590,0.036,-0.088,-0.112,-0.157,-0.144,-0.118,-0.141,0.079,-0.101,-0.068,-0.187,-0.064,0.187,-0.037,-0.072,-0.202,-0.189,-0.037,-0.035,0.003,-0.010,-0.102,-0.049,-0.091,-0.108,-0.118,-0.309,-0.217,-0.154,-0.252,-0.290,-0.049,0.009,0.023,-0.054,-0.012,-0.100,-0.025,0.055,-0.005,-0.217,0.009,-0.012,0.003,0.033,0.074,0.043,0.015,-0.046,-0.044,0.021,0.009,-0.026,0.007,-0.006,0.043,0.023,-0.087,-0.076,0.056,-0.006,-0.102,-0.008,-0.016,0.097,0.075,0.016,-0.017,0.017,-0.014,0.025,0.031,0.031,-0.004,-0.018,0.053,0.059,0.014,0.004,0.046,-0.011,-0.001
9.001,9.643,9.032,8.326,7.339,7.288,7.413,6.770,6.278,5.966,6.203,6.006,5.555,5.266,5.877,5.603,5.174,6.001,5.856,6.218,6.597,6.884,7.210,6.565,6.813,7.341,7.536,7.514,7.738,7.827,7.885,7.402,7.536,7.633,7.425,7.686,7.716,7.763,7.748,7.573,21.635,0.096,0.025,0.026,0.129,0.250,-0.038,0.019,-0.059,-0.046,-0.025,-0.098,-0.062,0.047,0.025,-0.023,-0.204,-0.213,-0.131,0.039,-0.059,-0.202,-0.059,-0.152,0.079,0.023,-0.080,-0.267,-0.250,-0.188,-0.298,-0.216,0.019,-0.020,0.005,0.025,0.121,-0.052,-0.051,0.052,-0.055,-0.076,0.005,-0.013,-0.020,-0.045,-0.025,0.034,-0.069,-0.129,-0.041,0.038,0.095,0.023,-0.036,0.009,0.013,0.075,0.024,-0.013,0.015,0.005,-0.076,0.015,0.026,0.101,0.104,0.018,0.039,0.056,0.033,0.065,0.069,0.040,-0.017,-0.015,0.058,0.030,0.019,-0.001,-0.006,-0.016,0.002
8.619,8.614,7.895,6.446,5.825,6.639,5.993,5.709,5.685,5.547,5.939,5.703,6.066,5.860,5.780,5.246,5.436,5.853,6.044,6.075,6.105,5.970,6.591,6.954,7.032,6.942,7.030,7.538,7.474,7.238,7.063,7.470,7.257,7.341,7.316,7.320,7.006,7.349,7.642,7.679,20.512,-0.030,-0.080,-0.107,-0.147,0.014,-0.053,-0.282,-0.231,-0.151,-0.020,0.056,-0.047,-0.042,-0.070,-0.054,0.043,-0.164,-0.102,0.038,-0.037,-0.232,-0.021,-0.031,0.174,0.080,-0.070,-0.126,-0.074,-0.060,-0.055,-0.131,-0.014,-0.040,-0.019,-0.002,0.027,-0.094,-0.071,0.025,-0.053,-0.074,-0.012,0.005,-0.009,-0.021,-0.029,0.021,-0.016,-0.053,0.010,0.036,0.097,0.041,-0.087,-0.021,-0.026,0.082,0.081,0.028,-0.011,0.013,0.010,0.055,0.066,0.019,0.033,0.043,0.105,0.105,0.088,0.085,0.070,0.010,0.002,-0.015,0.039,-0.009,0.053,0.016,-0.040,-0.013,0.050
9.482,9.742,8.719,7.627,7.244,6.632,6.556,5.963,6.082,5.960,6.654,6.127,5.416,5.328,5.536,6.094,6.099,6.127,6.016,6.294,5.874,6.752,6.682,7.798,7.710,7.190,7.257,7.227,7.537,7.499,7.706,7.630,7.539,7.858,8.030,8.376,7.571,7.645,7.774,7.361,21.371,-0.006,-0.128,-0.186,-0.276,-0.242,-0.073,-0.345,-0.272,-0.123,0.010,0.160,0.086,-0.030,0.008,-0.133,0.117,0.074,0.002,-0.066,0.007,-0.142,0.016,0.029,0.119,0.160,-0.055,-0.028,0.032,0.024,-0.048,-0.076,0.012,-0.048,-0.027,0.056,0.002,-0.018,-0.052,-0.090,-0.094,-0.111,-0.019,-0.001,0.003,-0.023,-0.076,0.027,0.006,0.012,0.007,0.033,0.057,0.042,-0.043,0.002,-0.017,0.001,0.058,0.020,-0.009,0.029,0.087,0.029,0.095,-0.042,-0.046,0.037,0.082,0.129,0.110,0.082,0.046,-0.002,0.015,-0.012,0.030,-0.026,0.069,0.045,-0.020,0.033,0.014
9.344,9.675,8.924,7.779,6.545,6.974,5.885,5.720,5.596,6.041,7.277,6.531,5.583,5.276,5.568,6.151,5.379,6.024,5.661,6.393,5.959,6.921,7.436,7.518,7.758,7.048,7.107,7.327,7.701,7.796,7.757,7.760,7.515,7.716,7.836,7.904,7.324,7.566,7.873,7.448,21.351,0.028,0.013,-0.051,-0.059,-0.043,0.005,-0.040,-0.082,-0.011,0.093,0.170,0.064,-0.212,-0.135,-0.148,0.050,0.072,0.037,-0.035,0.032,0.012,0.138,0.188,-0.014,-0.011,0.087,0.097,0.167,0.178,0.046,-0.008,0.005,0.032,-0.037,0.123,0.003,0.148,0.054,-0.076,-0.050,0.050,-0.012,0.007,0.019,0.061,0.013,0.007,0.077,0.048,0.030,0.005,-0.040,0.018,0.022,0.051,0.011,-0.063,0.043,0.015,0.009,0.027,0.081,-0.004,0.013,-0.063,-0.082,0.018,0.036,0.043,0.049,0.031,0.028,-0.015,0.032,0.011,0.017,0.017,0.047,0.034,0.005,0.056,0.003
8.607,8.473,7.588,6.277,5.768,6.753,5.743,5.403,5.706,5.770,6.333,6.023,5.649,5.597,5.316,5.737,5.571,5.927,5.716,6.095,5.960,6.487,6.931,6.878,7.250,7.013,7.356,7.779,7.746,7.307,7.158,7.319,7.165,7.312,7.444,7.404,7.465,7.394,7.184,7.218,20.658,-0.029,-0.026,0.011,-0.028,-0.103,0.069,-0.074,-0.076,-0.081,0.082,0.129,0.091,-0.081,0.069,-0.060,-0.202,-0.040,-0.101,0.033,0.050,0.110,0.009,0.214,-0.039,-0.163,0.028,0.032,0.276,0.241,0.062,-0.047,-0.002,0.021,-0.044,0.114,0.001,0.170,0.113,0.004,0.111,-0.069,-0.001,0.028,0.042,0.097,0.073,-0.033,0.042,0.062,0.019,-0.027,-0.068,0.029,0.129,0.105,0.072,-0.007,0.019,0.032,0.049,0.022,0.058,-0.020,-0.015,-0.001,-0.033,0.006,0.020,-0.031,-0.004,0.065,0.070,0.006,0.069,0.056,-0.015,0.023,-0.020,0.004,0.053,0.080,0.033
9.197,9.312,8.208,6.828,6.347,6.603,6.202,5.577,5.819,6.107,6.947,6.076,4.890,5.051,5.151,5.674,6.059,6.136,6.018,6.336,6.122,6.793,7.409,7.342,7.210,7.465,7.464,8.099,8.259,7.564,7.298,7.652,7.604,7.427,8.226,7.823,7.798,7.743,7.555,7.499,21.118,-0.080,-0.097,-0.112,0.035,0.010,-0.087,-0.034,-0.089,-0.022,-0.032,-0.130,0.042,0.096,0.153,-0.036,-0.114,0.111,0.024,0.035,0.075,0.046,-0.037,-0.061,-0.060,-0.170,-0.024,0.026,0.021,0.077,0.047,-0.004,-0.080,0.084,0.047,0.057,0.111,0.049,0.015,0.004,0.124,-0.079,0.018,0.033,0.057,0.087,0.072,-0.027,-0.003,0.060,-0.002,-0.058,-0.063,0.052,0.193,0.159,0.098,0.090,0.028,0.043,0.045,-0.003,0.016,-0.035,-0.062,0.052,0.090,0.010,0.035,-0.066,-0.061,0.064,0.099,0.040,0.043,0.076,-0.027,0.005,-0.058,-0.034,0.041,0.040,0.040
9.413,9.796,9.132,7.961,6.828,7.162,6.028,5.653,5.568,6.336,7.461,6.810,5.358,5.784,5.444,5.321,5.558,5.565,6.003,6.573,6.341,6.860,7.764,7.692,7.169,7.122,7.236,8.219,8.465,7.925,7.702,7.675,7.599,7.783,8.403,8.421,8.187,8.122,7.953,7.891,21.141,0.042,0.069,0.054,0.164,0.098,-0.192,-0.138,0.039,-0.022,-0.062,-0.032,0.241,0.462,0.387,0.171,0.164,0.150,0.167,0.143,0.097,0.129,0.005,0.078,0.136,0.074,0.032,0.108,-0.052,0.053,0.278,0.272,0.086,0.271,0.214,0.013,0.064,-0.070,-0.015,0.137,0.219,0.120,0.021,0.042,0.071,0.090,0.100,-0.032,0.054,0.079,0.051,-0.019,-0.015,-0.010,0.098,0.082,0.102,0.154,0.050,0.043,0.031,-0.026,-0.022,-0.023,-0.073,0.036,0.129,0.034,0.057,-0.058,-0.080,0.016,0.078,0.053,0.015,0.028,-0.031,-0.040,-0.038,-0.039,0.000,-0.022,0.080
8.542,8.529,7.594,7.113,6.066,6.332,5.572,5.150,5.554,5.598,6.065,6.348,6.207,5.947,5.323,5.790,5.939,6.326,5.692,6.530,5.999,6.549,6.715,6.810,6.947,6.874,7.296,7.213,7.726,7.720,7.463,7.182,7.720,7.715,7.639,7.952,7.207,7.279,7.509,7.733,20.716,0.081,0.133,0.213,0.278,0.216,0.003,-0.023,0.161,-0.050,-0.124,-0.067,0.249,0.481,0.501,0.227,0.316,0.115,0.120,0.134,-0.006,0.085,-0.034,-0.055,0.159,0.322,0.134,0.232,0.002,-0.032,0.260,0.328,0.164,0.120,0.214,0.036,-0.002,-0.023,-0.050,0.063,0.096,0.153,0.031,0.048,0.089,0.051,0.085,0.056,0.121,0.104,0.093,0.073,0.067,-0.057,-0.037,-0.006,0.095,0.092,0.004,-0.031,0.054,-0.012,-0.025,-0.006,-0.005,0.026,0.108,0.036,0.050,0.042,-0.039,-0.038,0.023,0.062,-0.051,-0.050,-0.002,-0.052,0.018,0.017,-0.021,-0.057,0.086
9.143,9.210,8.165,6.956,6.400,5.930,5.366,5.811,5.728,5.715,6.614,7.095,7.299,7.083,6.085,6.498,6.383,6.666,6.593,6.484,6.666,6.631,7.670,7.822,7.752,7.467,7.980,7.964,8.275,8.619,8.434,7.985,8.463,8.235,7.805,7.660,7.410,7.550,7.893,8.198,21.461,-0.003,0.069,0.205,0.299,0.294,-0.135,0.192,0.194,0.188,0.033,0.022,-0.061,0.218,0.303,0.318,0.352,0.208,0.066,0.138,-0.041,-0.018,-0.110,-0.155,0.034,0.235,0.120,0.214,-0.007,-0.106,0.036,0.177,0.141,0.078,0.015,-0.029,-0.141,0.018,-0.047,-0.025,0.016,0.216,0.020,0.026,0.054,0.042,0.086,0.132,0.150,0.048,0.112,0.094,0.010,-0.103,-0.133,-0.134,0.025,-0.016,-0.041,-0.077,0.032,0.027,-0.034,0.006,-0.035,-0.029,0.037,0.023,0.024,0.053,-0.045,-0.079,-0.021,0.045,-0.084,-0.095,0.020,0.004,0.056,0.058,-0.021,-0.054,0.043
9.737,10.268,9.757,8.719,7.640,7.233,6.416,6.305,5.490,5.798,7.035,7.180,6.324,6.907,5.967,6.666,6.223,6.186,6.395,6.351,6.382,6.738,7.179,8.074,8.526,7.960,8.253,8.239,8.194,8.517,8.573,8.315,7.773,8.271,8.705,8.195,8.073,7.779,7.900,7.827,21.722,0.099,0.143,0.259,0.224,0.335,0.166,0.406,0.355,0.336,0.287,0.177,-0.093,0.030,0.167,0.367,0.251,0.102,-0.083,0.305,0.084,-0.006,-0.010,0.029,0.122,0.289,0.112,0.224,0.210,-0.040,-0.023,0.160,0.201,-0.073,-0.101,0.065,-0.048,0.095,0.114,-0.020,-0.058,0.305,0.000,0.006,0.007,-0.003,0.022,0.138,0.053,-0.031,0.058,0.045,-0.059,-0.064,-0.074,-0.156,-0.027,-0.083,-0.051,-0.052,0.012,0.048,0.002,0.022,-0.013,-0.038,-0.045,-0.013,-0.044,-0.005,-0.014,-0.044,-0.018,0.017,-0.027,-0.062,-0.016,0.027,0.035,0.072,0.027,-0.002,0.028
8.802,9.273,9.075,8.653,7.511,6.037,6.567,6.046,6.540,6.401,7.085,6.090,6.390,6.816,6.714,6.646,6.454,5.965,6.342,6.457,6.061,6.214,6.757,7.230,7.554,7.178,7.828,7.670,7.699,7.707,8.031,7.815,7.962,7.579,7.725,7.594,7.845,7.636,7.630,7.924,21.719,0.134,0.195,0.299,0.401,0.467,0.387,0.398,0.181,0.346,0.202,-0.104,-0.100,0.022,-0.118,0.225,0.114,-0.047,-0.118,0.215,0.189,0.005,0.023,-0.140,0.007,0.273,0.156,0.231,0.109,-0.169,0.024,0.250,0.292,-0.054,-0.106,0.101,0.106,0.152,0.192,0.073,0.029,0.257,0.017,0.001,0.006,-0.004,-0.009,0.177,-0.042,-0.042,-0.036,-0.044,-0.093,0.046,-0.014,-0.089,-0.094,-0.102,-0.052,0.022,-0.022,0.020,0.040,0.042,0.014,0.016,-0.028,0.023,-0.046,-0.014,0.066,0.051,0.029,0.016,0.018,0.043,0.023,0.062,0.016,0.052,0.060,0.026,0.005
9.208,9.215,8.432,7.382,7.187,7.109,7.001,6.808,6.829,6.690,6.716,6.384,6.812,6.916,6.845,6.969,6.412,6.262,7.343,6.964,6.274,6.706,7.318,7.717,8.490,7.577,8.490,8.413,7.813,8.062,8.467,8.271,7.607,7.536,8.006,7.746,7.466,7.805,7.538,7.580,22.113,0.015,0.100,0.200,0.213,0.240,0.434,0.140,0.014,0.160,0.016,-0.301,-0.053,0.207,-0.070,0.139,0.020,-0.015,-0.046,0.154,0.119,0.083,0.008,-0.126,-0.018,0.079,0.051,0.006,-0.083,-0.070,0.048,0.202,0.172,0.050,-0.034,-0.110,0.010,0.084,0.192,0.149,0.081,0.273,0.011,0.003,0.017,0.046,0.002,0.060,-0.083,-0.034,-0.051,-0.062,-0.036,0.094,0.034,-0.010,-0.105,-0.106,-0.003,0.097,-0.062,-0.021,0.037,0.052,0.045,0.038,-0.034,0.057,-0.009,0.014,0.145,0.101,0.045,0.006,0.105,0.113,0.038,0.076,0.014,0.006,0.062,0.046,-0.019
10.075,10.710,10.323,9.630,8.963,7.925,7.063,6.462,6.788,6.278,6.254,6.991,7.166,6.488,6.769,6.918,6.051,6.041,7.194,7.122,6.745,6.761,6.900,8.037,9.137,8.440,9.017,8.423,7.621,8.967,9.735,9.467,8.275,8.075,8.660,8.416,8.473,8.499,8.439,8.466,22.551,0.126,0.098,0.264,0.285,0.298,0.618,0.117,0.156,0.094,-0.051,-0.206,0.150,0.059,-0.025,-0.035,-0.042,0.006,0.158,0.102,0.040,0.137,0.089,-0.008,0.183,0.200,0.266,0.095,0.071,0.237,0.257,0.301,0.236,0.108,0.194,0.175,0.138,0.106,0.176,0.192,0.076,0.259,-0.022,-0.034,-0.025,-0.020,-0.027,-0.038,-0.065,0.012,-0.053,-0.016,0.093,0.090,0.036,0.081,-0.045,-0.060,0.023,0.093,-0.032,-0.035,-0.004,0.059,0.091,0.049,-0.041,0.012,0.021,0.082,0.165,0.073,-0.002,-0.055,0.071,0.093,0.022,0.047,-0.007,-0.040,-0.003,-0.004,-0.024
9.174,10.050,10.131,9.298,8.114,8.460,6.867,6.165,6.164,5.937,5.947,6.466,6.974,6.720,6.634,6.630,6.352,5.917,6.739,6.615,6.454,6.506,6.479,7.578,8.132,7.586,7.687,7.448,7.881,8.126,8.733,8.351,7.864,7.852,7.686,7.835,8.182,8.306,8.242,7.962,22.670,0.156,0.206,0.361,0.511,0.430,0.353,0.130,0.197,0.209,0.102,0.047,0.250,0.184,0.073,-0.026,-0.203,0.062,0.263,0.051,0.055,0.114,0.219,0.187,0.223,0.153,0.341,0.249,0.301,0.480,0.367,0.362,0.259,0.370,0.313,0.220,0.317,0.188,0.154,0.233,0.147,0.209,-0.008,-0.031,-0.033,-0.021,-0.000,-0.094,-0.023,0.024,-0.045,0.012,0.125,0.050,0.006,0.067,0.020,0.039,0.005,0.027,-0.002,0.013,-0.042,0.050,0.078,0.015,0.004,-0.029,0.053,0.093,0.058,0.017,-0.017,-0.032,0.024,0.026,0.014,0.033,-0.002,-0.064,-0.066,-0.041,-0.041
9.449,9.346,9.545,9.118,8.536,8.451,7.220,7.146,7.341,6.523,6.441,6.800,6.602,6.790,6.645,6.606,6.515,6.930,7.156,6.833,6.655,6.760,7.135,8.212,8.734,8.502,8.707,8.507,8.852,8.958,9.403,8.956,8.376,8.391,8.762,8.240,8.016,8.266,8.239,8.113,22.735,-0.049,-0.030,0.092,0.150,0.237,0.238,0.078,0.148,0.057,0.081,0.188,0.196,0.214,0.216,0.084,-0.076,0.031,0.190,0.104,0.046,-0.030,0.213,0.161,0.130,0.031,0.070,0.213,0.326,0.379,0.231,0.159,-0.027,0.143,0.185,0.044,0.187,0.066,0.010,0.018,-0.024,0.167,-0.012,0.002,-0.037,-0.035,-0.022,-0.116,0.016,-0.033,-0.096,-0.004,0.087,-0.012,0.039,0.075,0.062,0.145,0.030,-0.026,0.053,0.089,0.000,0.044,0.070,-0.023,-0.024,-0.113,-0.022,-0.003,-0.063,-0.067,-0.049,-0.032,-0.011,-0.044,-0.053,-0.010,0.010,-0.029,-0.072,-0.075,-0.039
10.299,10.929,10.628,10.192,9.550,8.609,7.573,7.452,7.595,7.078,6.857,7.732,8.012,7.128,6.778,6.112,6.491,7.134,7.619,7.382,6.889,7.799,8.134,8.742,9.458,9.250,9.892,9.877,9.599,9.904,10.443,9.822,9.405,8.944,9.053,9.419,8.636,8.691,8.801,8.491,23.067,0.063,0.011,0.122,0.177,0.269,0.156,0.044,0.140,-0.049,0.012,0.127,0.173,0.160,0.146,0.179,0.234,-0.002,0.072,0.145,0.183,-0.044,0.195,0.181,0.084,0.182,0.003,0.209,0.257,0.148,0.147,0.186,0.146,0.155,0.103,0.024,0.150,0.094,-0.045,-0.092,-0.072,0.113,-0.040,-0.038,-0.055,-0.061,-0.049,-0.056,-0.004,-0.059,-0.116,-0.040,0.011,-0.051,-0.009,0.053,0.050,0.192,0.027,-0.044,0.064,0.105,0.046,0.024,0.034,-0.024,-0.043,-0.128,-0.105,-0.125,-0.144,-0.123,-0.092,-0.053,-0.079,-0.097,-0.060,-0.077,-0.013,-0.009,-0.063,-0.086,-0.034
9.267,10.119,10.534,9.933,9.428,9.043,7.102,6.560,6.356,6.111,6.737,7.338,7.716,7.362,7.120,6.797,6.138,6.383,7.273,6.969,6.377,7.181,6.878,8.108,8.630,7.957,8.982,8.839,8.657,9.231,9.676,8.597,8.220,8.453,8.197,8.560,8.578,8.356,8.248,8.084,23.186,0.113,0.204,0.197,0.278,0.269,0.136,0.240,0.019,-0.256,-0.026,0.191,0.130,0.267,0.313,0.172,0.466,0.188,0.125,0.319,0.422,0.216,0.322,0.342,0.136,0.065,-0.128,0.005,0.080,0.090,0.031,0.145,0.134,0.160,0.080,0.009,0.172,0.205,0.132,-0.006,-0.188,0.110,-0.006,-0.013,-0.029,-0.024,-0.067,-0.061,-0.027,-0.061,-0.026,-0.017,-0.032,-0.031,-0.019,-0.018,-0.015,0.064,0.017,0.030,0.047,0.073,0.108,0.045,0.053,-0.023,-0.045,-0.016,-0.085,-0.101,-0.087,-0.102,-0.066,-0.010,-0.027,-0.079,-0.026,-0.068,-0.030,0.012,0.003,-0.013,-0.038
9.578,9.718,10.246,9.777,9.014,8.942,7.147,7.156,6.414,6.203,6.434,7.065,7.218,7.163,7.292,7.703,6.531,6.549,7.403,7.461,6.372,7.271,7.513,8.050,9.093,7.872,8.597,8.565,8.717,8.725,9.527,9.262,8.716,8.334,8.090,8.427,8.370,8.037,7.776,7.616,23.008,-0.126,-0.101,0.031,0.143,0.171,0.123,0.032,-0.032,-0.216,-0.045,0.102,0.027,0.115,0.289,0.182,0.488,0.121,0.078,0.262,0.394,0.222,0.284,0.266,0.098,-0.076,-0.201,-0.174,-0.201,-0.097,-0.150,-0.089,-0.086,-0.035,-0.120,-0.065,-0.059,0.053,0.049,-0.071,-0.199,0.067,-0.005,-0.001,-0.030,-0.030,-0.050,-0.035,-0.025,-0.050,0.022,0.015,-0.006,0.004,0.014,-0.040,-0.037,-0.143,-0.026,0.069,-0.021,-0.043,0.061,-0.007,-0.036,-0.032,-0.059,0.062,-0.010,-0.010,-0.000,-0.036,-0.032,-0.010,0.006,-0.025,0.013,-0.062,-0.031,0.032,0.044,0.064,-0.022
10.373,10.974,10.723,10.717,10.149,8.966,8.633,7.391,6.654,6.832,7.609,7.783,8.331,8.339,7.250,8.141,7.436,7.845,8.856,8.901,7.995,8.634,9.157,9.239,9.240,8.550,9.377,9.565,9.741,9.704,10.588,9.907,9.521,9.094,9.288,9.595,9.173,9.254,8.722,7.613,23.314,0.015,-0.041,-0.007,0.045,-0.049,-0.052,-0.050,-0.070,0.013,0.022,0.040,0.113,0.142,0.052,0.009,0.116,0.055,0.339,0.281,0.308,0.378,0.395,0.383,0.010,-0.063,0.093,-0.020,0.052,0.068,-0.131,-0.033,0.037,0.102,-0.101,-0.040,-0.048,-0.063,0.024,0.020,-0.023,-0.001,-0.027,-0.038,-0.031,-0.037,-0.020,0.007,-0.069,-0.023,0.027,0.020,-0.031,0.013,-0.007,-0.106,-0.045,-0.237,-0.079,-0.004,-0.125,-0.166,-0.056,-0.125,-0.145,-0.064,-0.015,0.068,0.035,0.026,-0.011,-0.007,-0.021,-0.005,0.020,0.013,0.025,-0.074,-0.056,-0.029,0.006,0.106,-0.013
9.116,9.997,10.691,10.514,10.042,9.261,6.965,6.879,6.364,6.491,6.934,7.644,8.277,8.084,7.622,7.880,6.446,6.792,8.139,8.384,7.190,8.493,8.324,8.666,8.771,7.947,8.824,8.507,8.571,8.918,9.540,8.736,8.579,8.024,8.181,8.607,8.602,8.486,8.210,7.732,23.338,0.089,0.128,0.072,0.144,0.177,0.072,0.065,-0.064,-0.075,0.064,0.170,0.203,0.292,0.076,0.074,-0.304,-0.064,0.308,0.058,0.024,0.179,0.122,-0.018,-0.015,-0.049,0.200,0.170,0.223,0.157,0.046,0.117,0.144,0.216,0.069,0.115,-0.050,0.071,0.171,0.117,0.164,0.059,0.022,0.009,-0.015,-0.034,0.001,0.033,0.017,0.016,0.027,0.030,-0.023,-0.010,-0.010,-0.086,-0.061,-0.168,-0.035,-0.062,-0.161,-0.173,-0.089,-0.168,-0.132,-0.033,0.025,0.051,0.064,0.043,0.013,0.036,0.012,0.023,0.044,0.053,0.027,-0.038,-0.023,-0.025,0.003,0.065,-0.002
9.573,9.776,10.276,9.791,8.668,8.625,6.944,6.351,6.445,6.078,6.688,7.614,7.895,7.161,7.001,7.289,6.456,7.956,8.312,8.046,7.856,8.547,8.387,7.852,8.476,8.386,8.770,9.129,9.069,8.478,9.507,9.046,8.798,8.103,7.953,8.232,8.147,8.254,8.129,7.910,23.014,-0.128,-0.100,0.022,0.091,0.165,0.197,-0.124,-0.082,-0.191,0.021,0.002,0.105,0.141,-0.109,0.003,-0.325,-0.114,-0.012,-0.204,-0.224,-0.042,-0.224,-0.240,-0.129,-0.023,0.011,0.009,-0.004,-0.093,-0.104,-0.063,-0.005,0.133,0.049,0.042,-0.204,-0.085,-0.074,-0.069,0.163,0.048,0.015,0.017,0.003,0.005,0.072,0.062,0.077,0.092,0.034,0.038,0.003,-0.063,-0.046,0.004,0.013,0.045,0.008,-0.155,-0.124,-0.105,-0.155,-0.119,-0.040,0.076,0.096,0.001,0.019,-0.017,-0.014,0.042,0.006,0.000,0.015,0.022,-0.013,-0.020,0.032,0.004,0.030,0.010,0.019
10.424,10.958,10.831,10.959,10.640,9.474,8.318,7.356,6.144,6.898,7.747,8.162,8.899,8.130,7.785,6.611,6.703,8.033,7.965,8.008,7.338,7.923,7.808,8.667,9.232,8.953,9.751,9.898,9.840,9.570,10.655,10.411,10.157,9.174,9.333,8.858,9.237,9.391,8.656,8.287,23.450,0.057,-0.028,-0.060,-0.049,0.070,0.162,0.154,0.055,0.019,0.106,0.009,-0.018,0.067,-0.061,-0.118,-0.130,0.028,-0.058,-0.299,-0.204,-0.016,-0.245,-0.082,0.004,0.027,0.093,0.131,0.043,0.048,0.014,-0.016,0.048,0.170,0.072,0.028,-0.172,-0.051,-0.027,-0.012,0.031,0.034,-0.019,-0.028,-0.009,-0.008,-0.005,0.015,0.049,0.078,0.074,0.010,-0.045,-0.096,-0.092,0.016,0.015,0.194,0.032,-0.145,-0.025,-0.016,-0.116,0.017,0.111,0.093,0.114,-0.014,-0.036,-0.053,-0.054,-0.020,-0.046,-0.057,-0.062,-0.064,-0.093,-0.027,-0.002,-0.019,0.038,-0.029,0.006
9.080,9.992,10.762,10.947,10.675,9.844,7.335,6.745,5.808,6.735,7.211,8.049,8.727,7.772,7.186,7.151,6.738,7.162,7.922,7.968,7.713,7.801,8.217,8.592,8.896,8.105,8.959,8.851,8.642,8.859,9.715,9.047,9.397,8.763,8.922,8.449,8.430,8.433,8.155,8.149,23.497,0.106,0.123,0.072,0.166,0.364,0.214,0.291,0.333,0.138,0.191,0.133,-0.090,0.024,0.138,0.172,0.252,0.049,-0.251,-0.161,-0.103,-0.301,-0.018,0.215,0.383,0.378,0.150,0.097,0.055,0.055,0.096,0.063,0.086,0.197,0.010,-0.059,-0.089,0.159,0.145,0.234,0.094,0.105,0.026,-0.000,-0.020,-0.048,-0.056,-0.028,0.090,0.057,0.093,0.001,-0.023,-0.083,-0.068,0.045,0.045,0.144,0.038,-0.040,0.056,0.018,-0.070,0.085,0.120,0.037,0.048,0.028,-0.010,0.002,-0.015,-0.010,-0.016,-0.010,-0.070,-0.065,-0.071,0.004,0.026,0.016,0.063,-0.005,-0.006
9.649,9.750,10.148,9.690,9.389,9.463,7.540,6.959,6.778,6.690,6.719,7.335,8.196,7.473,6.941,7.298,6.446,6.900,6.837,7.402,7.182,7.642,7.998,8.318,8.697,8.554,9.384,8.863,9.024,8.799,9.358,8.978,9.131,8.056,7.836,7.637,8.206,8.259,8.137,7.768,23.265,-0.124,-0.121,0.003,0.064,0.052,0.141,0.105,0.121,0.130,0.027,-0.120,-0.178,-0.108,0.032,0.065,0.376,0.013,-0.298,-0.088,-0.119,-0.269,0.104,0.312,0.192,0.320,0.060,-0.053,-0.072,-0.184,-0.153,-0.177,-0.184,-0.126,-0.230,-0.299,-0.243,-0.059,-0.035,0.157,0.053,0.060,0.008,0.009,0.004,-0.011,-0.038,-0.039,0.025,-0.000,0.016,-0.020,0.006,-0.008,-0.006,0.066,0.073,0.067,0.055,0.038,0.106,0.023,-0.012,0.065,0.049,-0.064,-0.039,0.042,-0.001,0.020,-0.035,-0.023,0.027,0.033,-0.039,0.008,-0.006,0.045,0.042,0.015,0.046,0.054,-0.013
10.491,10.993,10.979,11.256,11.114,9.702,8.787,8.213,6.816,7.138,7.869,7.576,8.365,8.181,8.283,8.206,6.829,7.269,8.072,7.835,6.428,8.598,9.370,9.941,10.636,9.333,9.438,9.924,9.749,9.345,10.472,10.192,10.298,8.712,8.404,8.398,9.456,9.543,9.558,8.638,23.634,0.090,-0.056,-0.109,-0.208,-0.109,0.067,0.351,0.170,0.217,0.065,-0.047,-0.229,-0.113,0.068,0.138,0.143,0.084,-0.091,-0.028,-0.178,-0.264,0.028,0.164,-0.039,0.070,0.169,0.052,0.061,-0.054,-0.070,-0.064,0.063,-0.067,-0.127,-0.150,-0.147,0.047,0.012,0.163,0.126,0.006,-0.028,-0.030,-0.027,-0.043,-0.098,-0.047,-0.048,-0.102,-0.030,-0.036,-0.008,0.019,0.026,0.040,-0.020,-0.039,0.065,0.093,0.043,0.060,0.144,-0.041,-0.076,-0.156,-0.176,0.018,0.022,-0.003,-0.032,-0.015,0.025,0.028,-0.020,0.063,0.040,0.059,0.003,-0.039,-0.046,0.017,-0.033
9.098,9.850,10.738,11.122,10.682,10.248,8.118,7.227,6.289,6.831,6.816,7.509,8.541,8.086,7.560,7.966,6.721,6.489,7.451,7.480,6.636,8.046,8.792,8.952,9.962,8.636,9.248,9.004,8.364,8.562,9.393,8.918,9.075,8.048,8.099,7.668,8.431,8.663,8.742,8.307,23.679,0.105,0.108,0.053,0.082,0.118,0.040,0.251,0.136,0.061,0.068,0.129,0.010,0.104,0.307,0.267,0.257,0.284,0.051,0.162,-0.051,-0.095,0.058,0.187,-0.107,-0.014,0.295,0.147,0.139,-0.073,-0.020,0.185,0.225,0.106,0.182,0.041,0.082,0.214,0.112,0.255,0.284,0.021,0.021,0.012,-0.030,-0.035,-0.049,-0.041,-0.026,-0.034,-0.023,0.001,0.035,0.053,0.001,0.033,-0.019,-0.071,0.034,0.096,0.036,0.116,0.180,-0.076,-0.107,-0.044,-0.104,0.004,0.040,0.031,0.057,0.047,0.038,0.055,0.046,0.084,0.075,0.108,0.030,-0.002,-0.045,-0.022,-0.027
9.808,9.662,9.920,9.191,9.485,9.788,8.800,7.462,7.136,6.991,6.927,6.817,7.991,7.803,7.565,7.533,7.019,6.913,7.474,7.040,6.667,7.740,8.641,8.082,8.615,8.910,9.286,9.088,8.704,8.626,9.376,9.392,9.090,8.132,8.041,7.700,8.553,8.292,8.669,8.510,23.320,-0.149,-0.143,-0.089,-0.059,-0.157,0.030,-0.022,-0.185,0.022,-0.009,-0.031,-0.089,0.048,0.202,-0.026,0.116,0.238,0.037,-0.072,0.165,0.330,-0.202,-0.102,-0.248,-0.334,0.124,0.107,-0.064,-0.159,-0.048,0.007,0.021,-0.019,0.119,-0.031,0.043,0.038,-0.123,-0.047,0.061,-0.038,-0.001,0.024,0.014,0.055,0.017,-0.019,-0.060,0.010,-0.016,0.004,0.012,0.090,-0.011,0.017,-0.025,-0.023,-0.030,0.038,0.053,0.135,0.111,-0.033,-0.042,0.089,0.054,-0.035,0.033,0.026,0.091,0.067,-0.009,-0.015,0.047,0.024,0.062,0.101,-0.009,0.042,-0.011,-0.048,-0.008
10.518,10.956,10.942,11.130,10.792,9.618,8.787,8.015,6.922,7.105,7.836,7.766,8.903,9.194,8.632,8.918,7.772,7.334,7.946,7.545,6.586,8.360,9.299,8.712,9.636,10.243,10.193,9.977,9.181,9.060,10.832,10.504,10.267,9.257,8.222,8.394,9.727,9.443,9.856,9.253,23.525,0.103,-0.019,-0.155,-0.185,-0.169,-0.046,0.163,0.131,0.111,0.068,0.049,0.017,-0.184,0.129,0.051,0.036,0.106,0.116,0.112,0.291,0.332,-0.159,-0.090,0.078,0.003,0.101,0.122,0.145,0.152,0.072,-0.023,0.110,0.081,0.066,0.016,0.202,0.095,0.023,0.039,-0.026,-0.053,-0.026,-0.026,-0.022,-0.004,-0.009,0.005,-0.014,0.027,-0.002,-0.004,-0.031,0.003,-0.056,-0.063,-0.031,-0.042,-0.085,-0.017,0.029,0.030,-0.018,-0.011,-0.031,0.074,0.056,-0.093,-0.030,-0.010,0.090,0.054,-0.079,-0.100,-0.027,-0.081,0.026,0.030,-0.081,0.020,-0.034,-0.083,-0.008
9.036,9.725,10.433,10.958,10.272,10.166,8.344,6.893,6.609,6.956,7.202,7.003,8.426,8.638,7.614,8.309,7.493,7.033,7.462,8.627,8.104,7.432,8.606,8.822,9.131,9.150,9.500,9.118,8.544,8.858,9.787,9.502,9.607,8.704,8.189,8.249,8.997,8.536,8.765,8.470,23.523,0.085,0.126,0.066,0.198,0.118,0.013,0.096,0.224,0.110,0.085,0.054,0.219,-0.025,0.241,0.118,0.136,0.024,0.066,0.259,0.326,0.078,-0.027,0.095,0.314,0.332,0.090,0.229,0.188,0.290,0.221,-0.006,0.045,0.180,0.051,0.172,0.297,0.064,0.265,0.214,0.043,0.002,0.031,0.023,-0.006,-0.006,0.027,-0.004,0.052,0.084,-0.009,0.001,-0.019,-0.030,-0.020,-0.101,0.025,0.023,-0.033,-0.025,0.045,-0.085,-0.177,0.052,0.018,0.035,0.072,-0.015,-0.039,0.002,0.068,0.027,-0.038,-0.053,-0.035,-0.066,0.006,-0.030,-0.048,0.035,0.004,-0.016,0.005
9.998,9.721,9.706,9.316,9.442,9.826,9.159,8.167,7.109,7.189,6.923,7.499,7.403,8.312,7.792,7.757,7.015,7.010,8.019,8.142,7.576,7.406,8.357,8.970,9.719,9.019,9.748,9.715,9.206,8.804,9.074,9.415,9.222,8.089,8.105,8.402,8.685,8.656,8.890,8.196,23.314,-0.141,-0.155,-0.133,-0.067,-0.066,0.075,0.120,0.064,0.006,0.001,-0.069,-0.130,-0.137,-0.027,0.039,0.037,-0.033,-0.051,0.141,0.021,-0.057,-0.082,-0.066,-0.018,-0.066,-0.151,-0.062,-0.036,0.154,0.118,-0.202,-0.287,-0.128,-0.189,0.068,0.103,-0.205,0.017,-0.046,-0.120,-0.039,-0.006,0.023,0.032,0.039,0.036,-0.018,0.022,0.010,-0.029,-0.042,-0.050,-0.072,0.057,-0.114,-0.004,0.044,0.015,-0.022,0.015,-0.050,-0.132,0.048,0.018,-0.029,0.012,0.056,-0.047,-0.034,-0.034,-0.009,0.020,0.007,-0.040,-0.005,-0.030,-0.085,-0.016,-0.011,-0.004,0.025,0.009
10.494,10.909,10.866,11.087,10.751,9.750,9.093,8.508,7.593,7.371,7.651,8.045,8.617,9.448,8.577,8.796,7.517,7.407,8.735,8.369,6.563,8.080,9.585,9.524,10.235,9.973,10.655,10.158,10.139,9.861,10.223,10.162,10.512,8.971,8.958,9.179,9.392,10.010,10.224,9.254,23.435,0.130,0.039,-0.130,-0.147,-0.076,-0.048,0.261,0.269,0.028,0.028,-0.069,-0.167,-0.076,-0.225,0.103,0.228,0.145,-0.002,0.137,-0.123,-0.362,0.022,-0.026,-0.023,0.059,0.176,0.005,0.034,0.178,0.063,-0.096,-0.044,-0.091,-0.083,-0.027,-0.055,-0.053,0.055,0.017,0.028,-0.021,-0.024,-0.022,-0.018,-0.041,-0.026,-0.048,0.017,-0.014,-0.001,-0.028,-0.039,-0.075,0.009,-0.125,-0.046,-0.012,-0.012,-0.023,-0.006,0.005,-0.012,-0.006,-0.039,-0.058,-0.030,0.034,-0.077,-0.053,-0.127,-0.083,0.004,0.021,-0.079,-0.007,-0.097,-0.121,-0.020,-0.093,-0.059,-0.017,-0.006
9.086,9.588,10.063,10.731,10.221,10.199,9.013,7.530,6.459,6.902,7.268,6.595,8.122,8.655,8.344,8.861,7.597,6.893,8.014,7.776,7.070,7.624,8.477,8.270,8.752,9.078,9.303,9.279,9.152,9.148,9.603,8.740,9.174,8.179,8.176,8.443,8.507,8.792,8.899,8.260,23.373,0.051,0.141,0.101,0.183,0.110,-0.106,0.188,0.158,0.010,-0.115,-0.142,-0.153,0.128,-0.207,0.037,0.210,0.121,0.042,0.247,0.263,-0.109,0.055,0.062,0.101,0.200,0.339,-0.003,0.052,0.040,0.106,0.120,0.189,0.015,0.110,-0.036,-0.045,0.072,0.074,0.119,0.105,0.004,0.029,0.030,0.013,-0.015,-0.010,-0.054,-0.013,0.024,0.089,0.026,-0.005,0.030,0.045,0.012,-0.027,-0.040,-0.047,0.003,0.007,0.074,0.036,0.000,0.029,0.050,0.061,0.052,0.010,0.008,-0.072,-0.062,0.042,0.051,-0.003,0.037,-0.052,-0.051,0.013,-0.033,-0.007,0.013,-0.000
10.140,9.986,9.607,9.516,9.503,9.739,9.724,8.559,7.076,7.240,6.682,6.619,7.684,7.341,7.852,8.898,7.926,7.082,8.150,8.194,6.546,7.432,8.415,9.056,9.911,10.001,9.750,9.508,9.459,9.000,9.045,9.618,9.177,8.244,8.019,7.954,8.820,8.741,8.844,8.578,23.390,-0.129,-0.134,-0.141,-0.134,-0.101,-0.136,0.148,0.110,0.105,0.001,-0.105,-0.143,-0.114,-0.296,-0.112,-0.009,-0.112,-0.095,0.178,0.230,0.046,-0.125,-0.163,-0.037,0.049,0.017,-0.186,-0.119,-0.288,-0.188,-0.150,-0.086,-0.288,-0.131,-0.260,-0.233,-0.175,-0.230,-0.163,-0.155,-0.050,-0.012,0.006,0.032,0.021,0.004,0.010,-0.047,-0.031,0.099,0.056,0.038,0.057,0.050,0.134,0.013,-0.075,-0.070,0.004,-0.001,0.050,0.062,0.001,0.066,0.053,0.007,-0.022,0.021,0.027,-0.005,-0.034,0.034,-0.054,0.020,0.017,0.007,0.027,-0.011,0.009,-0.007,0.014,-0.003
10.428,10.890,10.841,11.017,10.616,9.302,9.784,8.932,7.415,6.679,6.697,7.449,8.508,8.331,8.341,8.756,7.415,7.382,9.547,9.547,7.041,8.003,9.252,9.708,10.882,10.702,10.185,10.300,9.745,9.767,10.264,10.633,9.964,9.002,8.393,8.789,9.334,9.658,10.176,9.057,23.356,0.136,0.081,-0.061,-0.148,-0.105,-0.151,0.110,0.264,0.412,0.143,-0.076,0.009,0.107,0.069,0.010,-0.043,-0.140,0.009,0.156,0.214,-0.082,-0.008,0.145,0.238,0.246,0.190,0.085,0.080,0.027,-0.067,0.032,-0.012,-0.045,0.022,-0.074,-0.063,-0.078,-0.004,0.008,0.037,-0.027,-0.014,-0.031,-0.028,-0.062,-0.040,0.043,-0.036,-0.057,0.045,0.076,0.060,0.020,-0.002,0.114,0.017,-0.038,0.018,-0.001,-0.055,-0.068,-0.004,0.014,0.035,-0.014,-0.093,-0.072,0.013,0.006,0.029,-0.049,-0.038,-0.143,-0.024,-0.040,0.025,0.022,-0.029,0.003,-0.064,-0.013,-0.017
9.177,9.586,9.772,10.274,10.050,9.519,9.449,8.354,7.642,7.486,7.414,6.903,7.855,8.131,8.020,8.802,7.046,6.686,8.858,8.632,6.808,7.265,8.383,8.621,9.415,9.248,9.284,9.053,8.401,8.614,9.145,8.784,8.678,7.903,7.550,7.843,8.106,8.425,8.773,8.078,23.192,0.025,0.099,0.109,0.124,0.053,0.026,0.066,0.060,0.321,0.177,0.086,0.035,0.185,0.305,0.180,-0.018,-0.076,0.032,0.176,0.153,-0.067,0.058,0.260,0.171,0.072,0.142,0.067,0.156,0.161,-0.022,0.118,-0.213,0.040,0.046,0.026,0.087,-0.035,0.141,0.039,0.130,-0.023,0.030,0.024,0.014,-0.018,-0.007,0.051,-0.038,-0.071,-0.043,0.021,0.083,0.043,-0.012,0.046,0.013,0.012,0.117,0.034,-0.030,-0.054,-0.006,0.042,0.015,-0.013,-0.090,-0.035,0.046,0.033,0.074,0.019,0.004,-0.027,0.016,0.003,0.071,0.065,0.068,0.062,-0.018,0.015,-0.007
10.245,10.192,9.675,9.610,9.422,9.555,9.703,8.950,8.237,7.496,6.523,6.499,8.573,8.604,8.311,8.692,7.338,7.135,8.442,8.627,6.529,7.668,9.217,9.678,10.231,10.404,9.961,9.906,9.814,9.006,9.716,9.098,9.197,8.460,8.042,8.184,8.475,8.928,8.972,8.696,23.338,-0.095,-0.132,-0.163,-0.254,-0.165,0.029,0.051,-0.101,0.124,0.177,0.061,-0.140,-0.034,0.061,-0.022,0.022,0.195,-0.026,-0.027,-0.039,-0.073,0.034,0.024,-0.073,-0.274,-0.081,-0.062,-0.053,-0.042,-0.219,-0.203,-0.465,-0.267,-0.176,-0.052,-0.093,-0.141,-0.096,-0.301,-0.102,-0.097,-0.016,-0.005,0.012,0.004,0.008,0.051,-0.035,-0.122,-0.135,-0.028,0.135,0.060,-0.134,-0.074,-0.040,0.028,0.111,0.011,-0.015,-0.030,0.039,0.027,-0.073,-0.073,-0.127,-0.123,-0.013,-0.045,-0.054,0.005,-0.032,0.031,-0.025,-0.030,0.037,0.047,0.083,0.008,-0.045,-0.036,-0.005
10.355,10.829,10.735,10.839,10.364,9.743,10.096,8.851,8.270,7.717,7.198,7.269,8.574,8.733,8.765,8.841,7.582,7.366,9.582,9.419,6.465,7.887,9.733,9.927,10.598,10.860,10.200,10.483,10.229,9.272,9.911,9.321,9.759,8.744,8.327,8.692,9.073,9.810,9.640,9.410,23.285,0.135,0.092,-0.018,-0.170,-0.104,0.029,-0.014,-0.064,0.034,0.088,0.240,0.146,-0.104,-0.063,-0.028,0.016,0.305,0.092,0.120,0.089,0.009,0.064,-0.026,0.055,-0.143,-0.022,0.120,0.112,0.113,-0.014,-0.010,0.005,-0.096,-0.019,0.083,0.110,0.195,0.125,-0.101,-0.011,-0.049,-0.011,-0.028,-0.038,-0.060,-0.053,-0.014,-0.043,-0.086,-0.118,-0.054,0.081,0.030,-0.145,-0.135,-0.081,0.014,0.057,0.011,-0.089,-0.061,0.025,-0.018,-0.091,-0.062,-0.062,-0.128,-0.054,-0.095,-0.109,-0.016,-0.047,0.050,-0.050,-0.038,-0.006,0.008,0.043,-0.066,-0.056,-0.058,-0.018
9.364,9.607,9.543,9.464,9.633,9.335,9.717,8.181,7.723,7.447,7.110,6.565,7.979,8.335,7.858,8.847,8.123,6.912,9.048,8.957,6.851,7.864,8.696,8.690,8.920,9.492,9.415,9.319,8.622,8.341,8.866,8.041,8.091,7.700,7.743,7.898,8.143,8.488,8.239,7.882,22.825,-0.000,0.058,0.060,0.017,0.012,0.104,-0.025,-0.284,-0.120,0.049,0.522,0.252,-0.418,-0.118,-0.086,0.080,0.226,0.036,0.109,0.098,0.074,0.125,-0.077,-0.067,-0.282,-0.343,-0.008,-0.123,-0.220,-0.045,-0.064,0.034,-0.101,-0.094,0.085,0.163,0.223,0.045,-0.146,-0.071,-0.039,0.020,0.019,0.008,0.015,-0.038,-0.045,-0.053,-0.016,-0.033,-0.027,0.003,-0.001,-0.051,-0.091,-0.042,-0.031,-0.042,0.035,-0.091,-0.064,0.015,-0.021,0.007,0.003,0.069,-0.028,-0.049,-0.035,-0.020,0.010,0.025,0.069,0.023,0.016,-0.011,0.014,0.028,-0.041,0.041,0.022,0.007
10.292,10.337,9.750,9.499,9.424,9.775,9.373,8.421,8.068,7.950,8.322,7.602,7.631,7.952,8.105,8.807,8.178,7.259,9.153,8.911,6.693,7.489,8.513,9.390,9.358,9.594,10.156,9.905,9.562,8.875,9.520,9.336,8.749,8.186,8.116,8.534,9.247,9.273,8.635,8.428,23.203,-0.078,-0.134,-0.191,-0.312,-0.302,-0.084,-0.110,-0.277,-0.145,-0.029,0.259,-0.009,-0.346,-0.280,-0.195,0.025,0.192,0.054,-0.336,-0.223,-0.014,-0.079,-0.144,-0.144,-0.233,-0.368,-0.228,-0.282,-0.296,-0.188,-0.186,-0.215,-0.295,-0.187,-0.071,-0.001,-0.003,-0.260,-0.319,-0.176,-0.144,-0.018,-0.010,-0.004,0.011,-0.031,-0.058,-0.043,0.006,-0.007,-0.030,-0.156,-0.127,0.050,-0.031,-0.034,-0.067,-0.083,0.029,-0.072,-0.070,0.033,-0.003,0.051,-0.017,0.085,0.045,-0.062,-0.020,0.018,0.031,0.025,0.009,0.036,0.026,-0.017,-0.039,-0.064,-0.081,0.041,0.020,0.008
10.275,10.727,10.465,10.366,9.950,10.061,9.940,7.746,7.738,7.622,8.570,7.594,6.956,8.406,8.213,9.107,8.170,7.370,9.203,9.373,6.784,8.491,9.440,9.613,9.439,9.322,9.942,9.582,9.049,8.981,9.594,9.262,9.199,8.267,8.571,9.077,9.504,9.422,8.743,8.833,23.184,0.113,0.076,-0.038,-0.106,-0.256,-0.139,-0.165,-0.073,0.047,0.100,0.068,-0.069,-0.170,-0.284,-0.149,-0.140,0.042,0.166,-0.255,-0.201,0.013,-0.000,0.116,0.041,0.115,-0.046,-0.132,-0.031,0.063,-0.084,0.012,-0.010,-0.052,-0.015,-0.030,0.035,0.099,-0.109,0.015,0.092,-0.016,-0.010,-0.017,-0.029,-0.026,-0.043,-0.076,-0.073,0.045,-0.006,-0.034,-0.237,-0.110,0.164,0.017,-0.022,-0.106,-0.082,0.031,0.017,-0.029,0.060,-0.023,0.025,-0.025,0.075,0.130,0.008,0.066,0.130,0.128,0.076,0.090,0.103,0.075,0.016,-0.045,-0.095,-0.039,0.058,0.004,-0.005
9.510,9.602,9.317,8.830,8.696,8.961,9.432,7.682,7.538,7.482,7.762,6.710,7.354,7.298,7.614,8.838,8.518,7.408,7.823,8.095,6.426,7.180,8.639,8.747,9.171,9.104,8.794,8.940,8.535,8.015,8.616,7.636,7.731,7.524,7.556,8.096,8.376,8.042,7.791,8.055,22.385,-0.011,0.034,0.012,-0.051,-0.125,-0.139,-0.159,-0.139,-0.086,-0.088,-0.312,-0.326,0.024,-0.136,-0.166,-0.208,-0.019,0.170,-0.058,-0.113,0.206,0.112,0.130,-0.085,0.086,0.053,-0.127,-0.032,0.061,0.161,0.079,0.072,0.060,0.071,0.057,-0.023,-0.064,-0.200,0.022,0.008,-0.020,0.009,0.020,0.017,0.043,0.042,-0.017,-0.060,0.056,0.005,-0.007,-0.106,0.042,0.169,0.116,0.020,-0.075,-0.076,-0.012,0.107,0.022,0.044,0.001,-0.009,-0.025,0.006,0.099,0.088,0.103,0.117,0.163,0.072,0.155,0.157,0.109,0.075,0.011,-0.053,0.048,0.061,-0.004,0.023
10.321,10.353,9.568,9.270,8.717,9.048,8.864,8.183,8.223,8.181,7.730,6.666,7.267,7.243,7.357,8.133,8.165,7.667,8.438,8.358,7.050,8.017,9.212,9.216,9.588,9.507,9.435,9.648,9.450,8.351,9.379,8.843,8.342,7.957,7.875,8.290,9.074,8.559,8.735,8.530,23.151,-0.084,-0.112,-0.185,-0.243,-0.292,-0.249,-0.368,-0.127,-0.178,-0.090,-0.379,-0.140,0.218,-0.102,-0.211,-0.336,-0.080,0.132,0.053,-0.103,0.263,-0.084,-0.089,-0.221,-0.069,0.096,-0.020,0.083,0.252,0.420,0.185,0.339,0.235,0.150,0.101,-0.049,-0.220,-0.180,-0.028,-0.145,-0.124,-0.022,-0.010,0.004,0.002,0.032,0.008,-0.012,0.009,-0.035,-0.010,0.036,0.137,0.129,0.127,0.035,-0.019,-0.020,-0.063,0.018,-0.031,-0.043,-0.035,-0.071,-0.040,-0.065,0.010,0.060,0.038,-0.009,0.030,-0.031,0.024,0.038,0.059,0.067,0.043,-0.054,0.016,-0.029,-0.041,-0.003
10.216,10.694,10.261,9.790,9.417,9.588,9.119,7.508,7.395,7.230,7.184,6.439,7.597,7.851,7.705,8.255,8.083,7.962,9.246,8.851,7.593,8.284,9.276,9.162,9.712,9.766,9.772,9.712,9.668,9.996,10.024,9.908,9.475,8.698,8.752,8.810,9.144,8.702,8.749,8.622,23.119,0.063,0.061,-0.032,-0.026,-0.072,-0.113,-0.309,0.028,-0.009,0.031,-0.048,0.238,0.304,0.210,-0.065,-0.250,-0.128,0.010,0.043,-0.163,0.079,-0.032,-0.086,-0.137,-0.114,0.057,0.153,0.177,0.195,0.376,0.088,0.386,0.346,0.275,0.239,0.096,-0.111,0.014,0.007,-0.075,0.026,-0.014,-0.021,-0.025,-0.039,-0.050,-0.037,0.003,0.032,0.034,0.025,0.103,0.141,0.026,0.045,0.033,0.007,-0.017,-0.086,-0.100,-0.077,-0.133,-0.027,-0.056,0.015,-0.020,-0.035,-0.020,-0.036,-0.111,-0.194,-0.129,-0.159,-0.129,-0.045,-0.026,0.020,-0.013,-0.007,-0.032,-0.007,-0.021
9.502,9.621,9.069,8.672,8.128,8.502,8.256,7.196,6.920,7.297,6.964,7.030,7.926,7.619,7.114,7.717,7.987,7.752,8.755,8.481,7.518,7.522,8.677,8.300,8.824,9.473,9.355,9.612,9.743,10.091,9.815,9.822,9.503,8.431,8.477,8.475,8.019,8.194,8.124,7.827,22.198,-0.032,0.012,0.006,-0.109,-0.121,-0.114,-0.148,-0.110,-0.166,-0.010,0.116,0.335,0.337,0.176,-0.023,-0.212,-0.005,-0.067,-0.215,-0.330,-0.136,-0.106,-0.131,-0.135,-0.112,0.004,0.026,0.056,-0.047,-0.043,-0.145,-0.049,-0.005,0.180,0.216,0.191,-0.145,-0.138,-0.121,-0.071,-0.053,0.007,0.009,0.007,-0.013,-0.030,-0.017,0.054,0.024,0.065,-0.001,0.059,0.023,-0.061,-0.022,0.024,0.045,0.008,-0.038,-0.099,-0.043,-0.130,0.009,-0.029,0.040,0.030,-0.066,-0.097,-0.094,-0.152,-0.248,-0.110,-0.244,-0.196,-0.096,-0.077,-0.026,0.015,-0.019,-0.015,0.027,0.011
10.236,10.270,9.409,9.000,8.630,8.669,8.192,8.318,8.146,8.078,7.904,7.717,8.543,8.159,7.409,7.794,7.966,7.414,7.880,7.217,6.590,7.269,8.478,8.519,8.984,9.404,9.600,9.841,9.363,9.025,8.836,9.074,8.883,8.661,8.450,8.484,8.350,8.294,8.133,8.031,22.994,-0.109,-0.130,-0.208,-0.314,-0.460,-0.391,-0.255,0.014,0.078,-0.002,-0.043,0.141,0.093,-0.052,-0.094,-0.234,-0.140,-0.162,-0.425,-0.383,-0.260,-0.014,-0.130,-0.053,0.007,-0.077,-0.250,-0.200,-0.342,-0.579,-0.401,-0.528,-0.465,-0.170,-0.131,-0.044,-0.165,-0.256,-0.091,-0.061,-0.158,-0.008,-0.007,-0.002,-0.033,-0.057,-0.019,0.055,-0.034,-0.028,-0.055,-0.072,-0.066,-0.085,-0.092,-0.013,0.041,0.021,0.014,-0.039,0.049,-0.017,-0.018,-0.057,-0.017,-0.009,-0.076,-0.132,-0.104,-0.067,-0.106,0.015,-0.155,-0.130,-0.104,-0.095,-0.082,-0.009,-0.018,-0.016,0.007,-0.005
10.151,10.624,10.024,9.120,8.504,8.937,8.590,7.227,7.017,7.705,7.948,7.701,8.481,7.969,7.389,7.301,8.198,7.604,8.047,7.527,6.871,7.995,8.959,8.860,9.393,9.707,9.649,9.865,9.366,8.623,9.249,9.017,8.615,8.875,9.106,9.408,8.747,8.072,8.436,8.473,22.949,0.037,0.028,-0.064,-0.165,-0.248,-0.196,-0.124,-0.001,0.106,-0.081,-0.089,0.021,0.019,-0.082,-0.075,-0.118,-0.033,0.027,-0.209,-0.209,-0.215,-0.046,-0.213,-0.065,0.019,-0.169,-0.302,-0.197,-0.240,-0.344,-0.123,-0.426,-0.340,-0.107,-0.098,-0.108,-0.118,-0.141,-0.055,-0.017,0.023,0.002,-0.004,-0.016,-0.026,-0.039,-0.034,0.013,-0.011,-0.045,-0.037,-0.061,-0.069,-0.052,-0.021,-0.028,0.060,-0.009,-0.014,-0.006,0.073,0.062,-0.066,-0.088,-0.077,-0.081,-0.090,-0.071,-0.061,0.024,0.059,0.063,-0.014,0.001,-0.066,-0.092,-0.110,-0.004,0.030,-0.008,-0.012,0.004
9.348,9.542,8.741,7.998,6.930,7.417,7.678,7.564,7.735,7.014,6.479,6.807,7.786,7.417,7.096,7.292,7.280,7.226,7.473,7.414,6.618,7.979,8.485,8.618,9.462,9.263,8.375,8.586,8.145,7.835,8.299,7.671,7.594,7.628,7.784,8.122,7.955,7.483,8.139,7.993,21.952,-0.011,0.019,-0.005,-0.163,-0.295,-0.167,-0.048,-0.197,-0.283,-0.208,-0.306,0.066,0.039,-0.119,-0.103,-0.094,-0.009,0.034,-0.157,0.023,0.033,-0.151,-0.329,-0.259,-0.223,-0.236,-0.342,-0.218,-0.046,-0.005,0.151,-0.203,-0.134,-0.103,-0.077,-0.163,-0.170,-0.073,-0.105,-0.067,-0.038,0.021,0.022,0.027,0.010,0.042,0.012,0.019,-0.043,-0.105,0.031,0.081,0.001,0.009,0.067,0.034,0.080,-0.002,-0.029,0.030,0.064,0.129,-0.034,-0.038,-0.065,-0.090,-0.056,0.047,0.021,0.101,0.174,0.101,0.173,0.139,0.020,0.029,0.027,0.059,0.080,0.018,0.019,0.035
10.128,10.126,9.084,8.350,7.740,8.150,7.895,7.566,7.655,7.424,7.230,7.590,8.400,7.582,6.894,7.379,8.167,7.981,7.912,7.338,6.430,6.935,7.608,7.924,8.681,8.699,8.455,9.254,9.153,8.968,9.470,8.393,8.448,8.412,8.319,8.118,7.625,7.894,7.846,7.763,22.833,-0.073,-0.081,-0.175,-0.312,-0.397,-0.398,-0.188,-0.059,-0.212,-0.091,-0.056,0.029,0.104,0.106,-0.157,0.019,-0.116,-0.234,-0.381,-0.167,0.026,-0.369,-0.470,-0.416,-0.404,-0.368,-0.284,-0.241,-0.077,-0.035,-0.104,-0.279,-0.167,-0.182,-0.269,-0.300,-0.164,-0.081,-0.155,-0.127,-0.095,-0.000,0.002,0.020,0.016,0.032,-0.021,-0.002,-0.010,-0.046,0.050,0.131,-0.027,-0.032,0.070,0.070,0.063,-0.056,-0.077,0.013,0.034,0.106,0.076,0.062,0.050,0.016,0.011,0.096,0.042,0.058,0.080,0.030,0.188,0.112,0.019,0.065,0.105,0.112,0.074,0.067,0.049,0.002
10.192,10.617,9.852,8.573,7.537,8.227,8.300,7.164,6.411,7.177,6.733,8.104,8.780,7.757,7.139,7.284,7.938,7.396,7.165,7.425,6.975,7.044,7.510,7.694,8.226,8.729,8.486,9.055,9.241,8.830,9.480,8.373,8.297,8.380,8.456,8.316,8.059,8.020,7.903,8.053,22.861,0.049,0.034,-0.019,-0.188,-0.173,-0.227,-0.125,-0.171,-0.289,0.159,0.347,0.142,0.098,0.191,0.114,0.099,-0.109,-0.178,-0.188,-0.084,0.263,-0.023,-0.191,-0.203,-0.233,-0.260,-0.026,-0.074,0.082,0.138,0.095,0.261,0.142,-0.034,0.100,0.186,0.152,0.112,0.048,0.091,0.074,-0.012,-0.010,0.006,0.027,0.075,-0.017,-0.036,0.036,0.073,0.017,0.121,-0.081,-0.075,0.028,0.054,0.009,-0.069,-0.062,0.067,0.015,-0.016,0.124,0.117,0.119,0.099,0.054,0.090,0.046,-0.018,-0.019,-0.013,0.096,0.035,0.013,0.064,0.080,0.087,0.049,0.073,0.032,0.006
9.362,9.681,8.595,7.273,6.217,6.540,7.342,7.134,6.621,7.168,7.540,7.200,8.503,8.327,6.585,7.398,7.290,6.348,6.296,6.685,6.823,6.616,7.094,7.243,7.991,8.133,8.173,8.423,8.434,7.950,8.139,7.271,7.431,7.591,7.423,7.812,7.876,7.400,7.779,7.810,22.022,0.005,0.033,0.045,-0.074,-0.151,-0.269,-0.097,-0.063,-0.119,-0.014,0.240,-0.153,-0.171,0.112,0.166,0.101,-0.260,-0.253,-0.127,0.016,0.202,0.269,0.028,0.158,0.104,-0.102,0.021,-0.061,-0.012,-0.013,0.057,0.284,0.082,-0.048,0.138,0.244,0.281,0.137,0.202,0.149,-0.021,-0.005,-0.001,0.029,0.049,0.129,0.059,-0.009,0.047,0.101,-0.031,-0.011,-0.033,-0.050,-0.040,0.023,-0.062,-0.031,0.003,0.127,0.069,-0.082,0.094,0.107,0.118,0.120,0.103,0.048,0.051,-0.018,-0.023,0.024,0.038,0.013,0.035,0.070,0.005,0.004,0.025,0.037,0.000,0.017
9.976,9.937,8.890,7.598,6.825,7.086,7.329,6.925,6.807,7.939,8.058,7.712,8.224,7.999,7.823,7.776,7.173,7.154,7.340,7.321,7.737,8.025,7.787,7.945,8.641,8.249,8.387,8.630,8.916,9.033,9.442,9.539,8.814,7.869,8.734,9.204,8.590,8.288,8.410,8.424,22.730,-0.108,-0.086,-0.084,-0.148,-0.044,-0.319,-0.274,-0.015,0.036,-0.161,0.149,-0.249,-0.199,0.017,0.006,-0.093,-0.281,-0.264,0.050,0.008,-0.134,0.151,0.010,0.049,0.017,-0.100,-0.044,-0.081,-0.167,-0.110,0.008,-0.005,-0.081,-0.105,0.039,-0.035,0.043,0.065,0.083,-0.043,-0.044,-0.012,-0.006,0.007,0.037,0.092,0.061,0.014,0.080,0.100,-0.086,-0.113,0.007,0.031,-0.038,-0.030,-0.052,0.013,-0.018,0.058,0.065,-0.106,-0.035,0.026,0.053,0.082,0.113,0.001,0.025,-0.012,-0.031,-0.028,-0.112,-0.061,0.031,-0.024,-0.136,-0.111,-0.039,-0.051,-0.047,-0.018
10.260,10.631,9.789,8.465,7.340,7.374,7.897,7.371,6.865,6.974,7.769,7.023,7.824,8.022,7.382,7.638,7.250,6.836,7.190,7.472,7.060,7.788,7.609,8.588,8.991,8.431,8.612,9.162,9.253,8.799,9.775,9.232,8.597,8.426,8.871,8.896,8.764,8.448,8.601,8.321,22.794,-0.018,-0.025,0.002,-0.089,0.182,-0.059,-0.158,0.100,0.131,-0.084,-0.014,0.060,0.001,-0.010,0.012,-0.197,-0.184,-0.176,0.136,0.129,-0.185,0.012,-0.035,0.047,0.072,0.065,-0.037,0.015,-0.042,-0.027,0.061,0.044,0.013,0.030,0.110,-0.165,-0.090,0.066,0.014,-0.058,0.052,-0.014,-0.009,-0.005,0.005,0.046,0.089,0.054,0.040,0.022,-0.030,-0.105,0.102,0.085,-0.028,-0.016,0.004,0.061,0.023,0.001,0.031,-0.013,-0.071,0.005,-0.025,0.015,0.061,-0.001,-0.000,0.007,0.014,-0.029,-0.102,-0.033,0.029,-0.046,-0.112,-0.137,-0.062,-0.092,-0.041,-0.000
9.202,9.713,8.836,7.239,6.755,6.217,6.653,6.972,6.467,6.469,7.364,6.949,8.123,7.995,6.773,6.700,6.552,5.831,6.967,7.072,6.187,7.211,7.300,7.268,7.813,8.080,8.046,8.283,7.995,7.857,8.701,7.369,7.308,7.436,7.927,7.597,7.832,7.820,7.909,7.583,22.257,0.001,0.033,0.037,0.003,0.119,-0.026,-0.025,0.147,0.088,-0.235,-0.093,0.070,0.164,0.061,0.040,-0.014,-0.082,-0.306,-0.029,0.187,-0.075,-0.070,-0.029,0.119,0.192,0.220,0.011,0.015,0.036,-0.012,-0.048,-0.178,-0.127,0.082,-0.007,-0.291,-0.216,-0.048,-0.113,-0.040,-0.050,-0.005,-0.001,0.009,0.026,0.018,0.106,0.108,-0.024,-0.027,0.019,-0.078,0.069,0.015,-0.053,-0.012,0.069,0.068,0.090,-0.057,-0.018,0.077,-0.027,0.030,0.005,0.006,0.003,0.021,-0.002,0.033,0.033,-0.006,-0.017,0.001,0.028,-0.031,0.006,-0.055,-0.051,-0.046,0.002,-0.002
9.659,9.666,8.634,7.008,7.161,6.678,6.892,7.610,7.446,7.485,7.816,7.882,8.561,8.280,7.173,6.950,6.680,6.128,7.162,7.456,6.674,7.081,7.161,7.815,8.767,8.544,8.157,8.672,8.687,8.401,8.813,8.578,8.247,7.958,8.378,7.791,7.807,7.963,8.101,7.938,22.516,-0.119,-0.072,-0.041,-0.126,-0.004,0.028,0.049,0.057,-0.037,-0.125,-0.162,0.197,0.071,-0.048,0.072,0.081,-0.056,-0.120,-0.084,0.080,0.107,0.023,0.072,-0.002,0.093,0.043,-0.009,-0.110,-0.077,0.007,-0.062,-0.140,-0.060,0.001,-0.067,-0.188,-0.273,-0.115,-0.159,-0.058,-0.019,-0.009,-0.012,-0.025,0.051,0.004,0.019,0.038,-0.070,-0.013,0.060,0.004,0.001,-0.040,-0.067,-0.030,0.076,0.058,0.112,-0.073,-0.088,0.046,0.006,0.044,-0.026,-0.050,-0.054,0.033,0.004,-0.002,0.018,0.012,-0.025,-0.009,-0.011,-0.026,0.071,0.017,-0.031,-0.019,0.003,-0.030
10.279,10.583,9.654,8.343,7.508,7.305,7.708,7.542,6.958,6.506,7.571,7.631,8.677,8.177,8.127,8.051,7.046,5.980,7.209,8.262,7.554,8.029,7.866,8.927,9.714,9.293,8.669,8.949,9.379,9.172,9.681,8.977,8.355,8.516,8.946,8.300,7.990,8.289,8.095,8.415,22.620,-0.080,-0.069,-0.019,-0.000,0.139,0.169,0.160,-0.113,-0.014,-0.045,-0.169,0.029,-0.160,-0.229,-0.081,0.112,-0.004,0.160,-0.123,-0.058,0.105,0.008,0.106,0.101,0.040,-0.075,0.049,-0.028,0.014,0.036,0.039,0.003,-0.041,0.047,-0.029,0.003,-0.141,-0.100,-0.061,-0.030,-0.016,-0.028,-0.031,-0.036,0.028,0.011,-0.058,-0.067,-0.079,0.016,0.118,0.074,-0.028,-0.042,-0.050,-0.051,-0.023,0.024,0.112,-0.027,-0.116,-0.036,-0.019,0.021,-0.070,-0.111,-0.086,-0.009,0.002,-0.034,-0.020,-0.011,-0.007,0.021,-0.024,0.007,0.091,0.066,-0.002,0.010,0.004,-0.020
9.124,9.834,9.173,7.285,6.942,6.968,7.616,7.369,6.433,6.329,6.857,7.665,7.903,7.692,7.064,7.366,6.721,6.162,6.647,7.277,6.909,7.495,7.686,7.747,8.504,8.041,8.254,8.279,8.177,8.178,8.976,7.726,7.774,7.892,8.026,7.606,7.321,7.639,7.711,7.612,22.518,-0.020,-0.034,-0.092,0.167,0.190,-0.062,-0.062,-0.123,0.115,0.119,0.042,0.084,-0.038,-0.200,-0.077,0.122,0.066,0.151,-0.181,-0.190,-0.043,0.003,0.119,-0.072,-0.101,-0.056,0.106,0.056,-0.040,0.039,0.078,-0.172,-0.078,-0.009,-0.010,0.041,-0.041,-0.065,-0.105,-0.050,-0.114,-0.000,-0.018,-0.028,0.032,-0.013,-0.107,-0.103,-0.047,0.021,0.059,0.092,-0.079,0.012,0.019,-0.038,-0.071,0.006,0.008,0.012,-0.052,-0.064,-0.055,-0.040,-0.051,-0.083,-0.032,-0.038,0.010,-0.000,-0.039,-0.057,-0.009,0.026,-0.015,0.013,0.056,0.079,0.028,0.018,0.013,-0.058
9.069,9.284,8.471,7.098,7.558,6.918,7.092,6.526,6.905,6.824,6.998,7.201,7.654,7.142,6.423,7.051,6.510,6.613,6.607,6.873,6.595,7.044,7.570,7.807,8.143,7.958,8.244,8.339,8.319,8.150,8.812,7.809,7.341,7.705,7.957,7.706,7.368,7.480,7.798,7.595,22.176,-0.187,-0.143,-0.118,-0.001,0.078,-0.270,-0.303,-0.157,0.094,0.230,0.174,-0.013,0.011,-0.112,-0.140,-0.149,-0.022,0.119,-0.117,-0.259,-0.179,-0.155,0.052,-0.196,-0.268,-0.162,-0.092,-0.059,-0.153,-0.126,-0.172,-0.195,-0.012,-0.031,-0.003,0.051,-0.004,-0.081,-0.093,-0.025,-0.102,0.024,-0.003,-0.033,-0.006,-0.081,-0.095,-0.074,0.008,-0.043,-0.005,0.054,-0.031,0.056,0.077,0.008,-0.113,-0.010,-0.050,0.038,0.035,-0.002,-0.000,-0.032,-0.025,-0.022,0.012,-0.039,-0.005,0.012,-0.045,-0.081,0.006,0.048,-0.024,-0.003,-0.001,0.049,0.038,0.014,0.015,-0.033
10.163,10.145,8.763,8.466,8.086,6.562,6.892,7.504,8.048,7.923,8.313,8.516,8.882,7.795,7.639,8.059,7.277,6.565,6.560,7.199,6.938,7.591,7.904,8.016,9.045,8.930,8.901,9.259,9.019,9.108,9.636,8.302,8.366,8.321,8.821,8.294,7.913,8.044,7.727,8.100,22.167,-0.068,-0.127,-0.133,0.033,-0.038,-0.289,-0.236,-0.156,0.014,0.032,0.125,-0.175,0.047,-0.010,-0.087,-0.146,-0.017,-0.061,-0.029,-0.079,-0.072,-0.169,-0.101,-0.110,-0.168,-0.071,-0.129,-0.047,0.005,-0.108,-0.242,-0.084,0.058,-0.033,-0.017,0.068,0.054,0.017,-0.056,0.003,-0.267,0.029,0.005,0.006,-0.043,-0.110,0.015,0.038,0.016,-0.129,-0.088,-0.048,-0.052,0.005,0.070,-0.025,-0.144,-0.057,-0.042,0.043,0.085,0.058,0.059,0.010,0.058,0.031,0.020,-0.009,-0.003,0.029,-0.030,-0.041,0.055,0.043,-0.010,-0.015,-0.022,-0.000,0.029,0.041,0.012,0.023
8.826,9.715,9.267,7.746,7.325,6.156,6.557,6.691,6.621,6.862,7.711,7.138,8.243,7.564,7.142,6.959,6.658,6.372,6.670,7.004,6.645,7.205,8.018,7.813,8.105,8.038,7.883,8.164,8.195,8.077,8.489,7.714,8.001,8.147,8.536,8.213,7.675,7.680,7.623,8.044,22.287,0.066,-0.036,-0.163,0.037,-0.150,-0.193,-0.123,-0.056,-0.179,-0.027,0.058,0.003,0.077,0.058,-0.038,-0.321,-0.014,0.016,-0.011,0.059,0.112,0.092,0.055,-0.004,-0.035,-0.005,-0.026,-0.000,0.052,-0.115,-0.208,-0.012,0.134,-0.059,-0.039,-0.014,0.056,0.049,-0.014,0.017,-0.107,0.077,0.031,0.020,-0.014,-0.056,0.078,0.066,0.047,-0.094,-0.103,-0.085,-0.021,-0.040,0.020,-0.036,-0.054,-0.067,-0.036,-0.008,0.074,0.069,0.084,0.037,0.077,0.065,0.035,0.051,0.028,0.022,0.024,0.060,0.048,-0.006,0.002,-0.018,-0.031,-0.016,0.023,0.044,0.001,0.029
8.904,8.984,8.109,7.127,6.868,5.902,6.705,6.509,6.645,6.468,7.126,6.819,7.841,7.431,6.269,6.684,6.561,5.978,6.474,6.818,6.523,6.570,6.957,7.195,7.685,7.643,7.790,8.132,8.262,7.673,7.926,7.353,7.733,7.506,7.651,7.692,7.440,7.623,7.520,7.403,21.129,-0.002,-0.063,-0.038,-0.067,-0.244,-0.023,0.040,-0.094,-0.391,-0.192,-0.139,-0.185,-0.047,0.062,-0.252,-0.514,-0.224,-0.009,-0.017,0.076,0.103,0.176,0.170,0.124,-0.061,-0.033,0.027,0.012,0.003,-0.115,-0.108,0.010,0.063,-0.046,-0.066,-0.036,-0.073,0.017,0.062,-0.009,0.003,0.027,0.016,0.026,-0.042,0.003,0.077,0.020,0.024,-0.034,-0.079,-0.087,-0.005,-0.057,-0.021,-0.020,0.028,-0.051,-0.016,-0.053,0.000,0.026,0.027,0.039,0.040,0.035,-0.004,0.030,0.004,-0.039,0.013,0.072,0.011,-0.047,0.020,-0.007,-0.025,-0.013,-0.013,0.035,-0.001,0.070
10.027,9.682,7.985,7.953,7.415,6.281,6.568,6.746,6.711,7.414,7.883,8.065,8.561,7.616,6.918,6.133,6.796,6.987,6.596,7.360,7.362,8.016,8.317,8.198,8.648,8.577,8.669,8.902,8.958,8.290,8.626,8.224,8.326,7.817,8.348,7.936,7.887,7.934,7.833,8.031,22.162,0.166,-0.021,-0.066,-0.024,-0.097,-0.014,-0.108,0.047,-0.171,-0.172,-0.118,-0.115,-0.143,-0.047,-0.239,-0.236,-0.255,-0.088,-0.163,0.036,0.078,0.094,0.103,0.072,0.005,-0.008,0.085,0.051,-0.042,-0.004,0.061,-0.004,-0.042,-0.017,-0.070,-0.051,-0.019,0.035,0.068,-0.016,-0.091,-0.021,-0.009,0.030,-0.038,0.049,0.032,-0.017,0.008,0.063,-0.063,-0.103,-0.047,-0.042,-0.039,0.039,0.158,0.019,-0.032,-0.022,-0.039,-0.014,-0.083,-0.059,-0.005,0.017,-0.034,-0.037,-0.015,-0.029,0.011,0.036,-0.020,-0.063,0.018,-0.008,-0.010,-0.006,-0.039,-0.004,0.003,0.006
9.551,9.848,9.213,8.029,6.823,6.383,7.087,7.006,6.048,6.687,7.531,7.125,8.489,8.079,6.491,5.904,6.090,6.215,6.511,7.399,7.093,8.064,8.602,8.445,8.469,8.493,8.641,8.951,8.655,8.428,9.030,8.098,8.517,8.255,8.586,8.252,7.441,8.001,7.930,8.059,22.242,0.015,-0.056,-0.049,-0.145,-0.050,0.005,-0.143,-0.086,-0.161,-0.289,-0.221,-0.139,-0.129,-0.064,-0.086,-0.050,-0.151,-0.088,-0.220,-0.065,0.075,-0.033,0.068,0.053,-0.011,-0.089,-0.033,-0.054,-0.144,-0.097,-0.017,-0.035,-0.091,0.044,-0.038,-0.038,0.029,-0.041,0.078,0.012,0.077,-0.034,-0.014,-0.006,-0.018,0.079,0.005,-0.037,-0.002,0.113,-0.038,-0.094,-0.001,-0.001,-0.042,0.101,0.196,0.114,0.032,0.031,-0.043,-0.023,-0.098,-0.097,-0.040,0.027,-0.021,-0.057,-0.029,0.020,-0.003,-0.026,-0.007,-0.026,-0.008,0.001,-0.018,0.019,-0.033,-0.023,0.014,-0.005
9.331,9.179,8.384,7.175,6.860,5.843,5.824,6.679,6.064,5.895,6.917,6.410,7.202,7.007,5.838,6.167,5.620,5.816,5.838,6.894,6.749,6.930,7.710,7.547,7.736,7.575,7.880,8.009,7.789,7.679,8.243,7.321,7.399,7.688,7.720,7.676,7.578,7.668,7.756,7.634,21.276,-0.047,-0.085,-0.005,-0.116,-0.000,-0.046,-0.117,-0.018,0.019,-0.294,-0.415,-0.257,-0.092,-0.074,0.072,0.239,0.045,-0.102,-0.019,-0.067,0.055,-0.218,-0.189,0.005,0.025,-0.146,-0.181,-0.043,-0.020,-0.068,-0.074,-0.089,-0.107,-0.015,-0.091,-0.063,-0.025,-0.117,-0.042,0.021,-0.115,-0.058,-0.028,-0.015,0.012,0.057,0.065,0.086,0.028,0.116,0.089,0.021,0.066,0.071,0.057,0.180,0.188,0.234,0.194,0.201,0.061,0.025,0.006,-0.031,-0.002,0.032,0.041,-0.002,0.016,0.083,0.047,-0.015,0.056,0.062,0.026,0.072,0.042,0.041,0.032,0.019,0.059,0.016
9.327,8.958,7.663,6.788,6.898,6.146,6.360,6.114,6.161,5.782,6.502,6.950,7.874,7.417,6.378,6.418,6.395,6.122,5.754,6.727,7.204,6.946,7.599,7.787,8.084,7.699,8.020,8.306,8.126,7.496,8.030,7.630,7.741,7.790,7.773,7.631,7.737,7.549,7.946,7.663,21.958,-0.065,-0.100,-0.100,-0.113,0.104,0.015,-0.139,-0.073,0.081,-0.320,-0.459,-0.120,-0.077,-0.136,0.100,0.227,0.194,0.156,0.067,-0.088,-0.003,-0.160,-0.170,-0.041,0.062,-0.067,-0.128,-0.084,0.093,-0.099,-0.172,0.018,-0.036,-0.087,-0.050,-0.122,0.026,-0.074,0.002,0.041,-0.012,-0.016,-0.015,0.014,0.106,0.093,0.162,0.199,0.149,0.187,0.273,0.228,0.176,0.121,0.166,0.240,0.234,0.331,0.359,0.348,0.211,0.106,0.131,0.086,0.053,0.062,0.135,0.115,0.104,0.143,0.164,0.090,0.132,0.138,0.109,0.171,0.145,0.122,0.159,0.116,0.130,-0.015
9.903,9.701,8.735,7.995,7.376,6.169,6.345,7.100,6.748,6.397,6.323,6.868,8.409,7.577,7.333,7.070,6.870,6.524,6.882,7.363,7.582,7.484,7.874,8.551,8.965,8.247,8.074,9.007,9.121,8.414,8.756,8.012,8.181,7.975,8.300,7.934,7.612,7.575,7.617,8.334,21.729,-0.082,-0.137,-0.117,0.018,0.109,0.306,0.322,0.181,0.290,0.289,0.106,0.207,0.184,0.273,0.569,0.565,0.742,0.762,0.697,0.352,0.243,0.187,0.069,0.107,0.129,0.185,0.122,0.144,0.256,0.232,0.063,0.252,0.239,0.176,0.294,0.198,0.185,0.212,0.200,0.262,0.032,0.005,-0.026,-0.024,0.063,0.070,0.173,0.190,0.115,0.146,0.291,0.304,0.191,0.069,0.165,0.159,0.156,0.288,0.345,0.272,0.187,0.100,0.151,0.153,0.053,0.030,0.118,0.160,0.092,0.072,0.146,0.091,0.096,0.106,0.114,0.156,0.142,0.124,0.151,0.127,0.085,0.001
8.940,9.085,8.536,7.054,7.087,6.296,6.129,6.430,6.112,4.838,5.533,6.294,7.501,7.113,6.243,6.588,6.435,6.642,6.324,6.724,6.661,6.989,7.669,7.738,8.164,7.821,7.906,8.034,8.456,7.566,7.913,7.843,7.947,7.678,8.046,7.513,7.554,7.679,8.010,7.917,21.957,-0.048,-0.105,0.076,0.319,0.361,0.639,0.633,0.559,0.637,0.786,0.660,0.507,0.336,0.595,0.866,0.957,1.158,1.276,1.162,0.782,0.513,0.418,0.368,0.269,0.248,0.419,0.391,0.373,0.434,0.575,0.366,0.454,0.428,0.495,0.623,0.555,0.534,0.588,0.535,0.544,-0.072,0.034,-0.043,-0.089,-0.031,-0.027,0.035,0.042,-0.002,0.039,0.188,0.178,0.059,-0.021,0.049,0.056,0.048,0.095,0.134,0.112,0.110,0.083,0.109,0.101,0.050,0.039,0.084,0.135,0.099,0.013,0.081,0.083,0.025,0.033,0.081,0.050,0.081,0.030,-0.000,-0.014,-0.022,-0.018
9.113,8.428,7.361,7.135,7.312,7.300,7.547,7.424,7.537,7.811,7.931,7.775,8.310,8.522,8.751,8.908,9.308,9.367,9.040,8.657,8.234,7.842,8.022,8.105,8.343,8.439,8.549,8.866,8.903,8.804,8.619,8.473,8.491,8.627,9.054,8.727,8.596,8.665,8.726,8.817,21.436,-0.031,-0.212,-0.211,-0.018,0.223,0.505,0.449,0.241,0.473,0.608,0.548,0.385,0.047,0.384,0.482,0.653,1.002,1.065,0.792,0.432,0.298,0.247,0.306,0.116,0.084,0.201,0.360,0.186,0.170,0.325,0.113,0.171,0.192,0.265,0.352,0.311,0.343,0.305,0.325,0.194,-0.081,0.038,-0.038,-0.118,-0.123,-0.127,-0.162,-0.189,-0.196,-0.187,-0.148,-0.151,-0.157,-0.145,-0.158,-0.185,-0.180,-0.228,-0.209,-0.172,-0.078,-0.021,0.031,-0.001,0.017,0.051,0.048,0.063,0.039,-0.027,-0.046,0.023,-0.033,-0.026,-0.012,-0.082,-0.042,-0.093,-0.180,-0.152,-0.151,0.003
9.479,9.071,8.728,8.814,8.736,8.776,8.922,8.746,8.951,9.007,8.998,9.033,9.603,9.918,9.998,10.286,10.964,11.080,10.486,9.989,9.444,8.858,9.367,9.356,9.635,9.697,9.737,10.244,10.406,10.177,9.927,9.672,9.726,9.938,10.510,10.011,9.917,9.946,10.065,10.140,21.746,0.078,-0.276,-0.496,-0.251,-0.085,0.093,0.007,-0.111,0.185,0.460,0.209,0.084,-0.112,0.053,0.423,0.423,0.541,0.674,0.577,0.420,0.387,0.357,0.217,0.206,0.279,0.344,0.427,0.392,0.199,0.261,0.220,0.181,0.153,0.274,0.169,0.227,0.098,-0.121,-0.129,-0.037,-0.045,0.009,-0.036,-0.113,-0.160,-0.216,-0.271,-0.256,-0.258,-0.338,-0.333,-0.354,-0.257,-0.177,-0.239,-0.268,-0.288,-0.383,-0.374,-0.267,-0.130,-0.045,0.010,-0.046,0.021,0.042,0.064,0.009,-0.007,-0.026,-0.063,0.010,-0.033,-0.002,-0.018,-0.104,-0.077,-0.150,-0.226,-0.197,-0.171,0.033
9.478,8.649,7.582,7.023,7.666,7.451,7.193,7.146,7.692,7.353,7.329,7.426,7.594,8.094,7.865,8.484,9.615,9.628,8.761,7.892,7.680,7.783,8.555,8.324,8.648,8.316,8.957,8.833,8.997,8.733,8.315,7.954,8.253,8.171,8.829,8.238,8.143,7.966,8.213,8.190,21.431,0.043,-0.239,-0.421,-0.313,-0.301,-0.229,-0.312,-0.464,-0.420,-0.290,-0.423,-0.368,-0.318,-0.249,-0.133,-0.069,-0.088,0.016,0.129,0.145,0.201,0.370,0.141,0.221,0.368,0.463,0.420,0.331,0.238,0.158,0.252,0.222,0.248,0.227,0.110,0.153,-0.063,-0.332,-0.227,-0.202,0.033,-0.004,0.047,0.064,0.001,-0.130,-0.161,-0.103,-0.082,-0.213,-0.217,-0.209,-0.131,-0.027,-0.096,-0.131,-0.131,-0.219,-0.229,-0.084,0.036,0.054,0.061,0.042,0.096,0.074,0.132,0.044,0.069,0.087,0.081,0.115,0.092,0.120,0.112,0.044,0.069,-0.005,-0.025,-0.015,0.015,0.020
9.147,7.596,5.944,5.854,6.485,6.685,6.341,6.015,6.959,7.369,6.878,6.889,7.297,7.594,8.803,8.912,8.987,9.880,9.350,9.207,8.871,8.802,8.489,8.659,9.405,9.600,9.836,10.009,9.406,8.907,9.165,9.009,8.832,9.274,9.005,8.894,8.270,7.423,7.621,8.046,21.732,-0.042,-0.271,-0.385,-0.332,-0.458,-0.347,-0.266,-0.379,-0.608,-0.430,-0.627,-0.401,-0.366,-0.286,-0.166,-0.123,-0.214,-0.069,0.160,0.277,0.335,0.405,0.222,0.319,0.314,0.607,0.404,0.265,0.270,0.344,0.349,0.266,0.388,0.424,0.225,0.248,-0.014,-0.225,-0.177,-0.112,0.035,-0.021,0.105,0.212,0.117,-0.006,-0.018,0.043,0.090,0.008,-0.064,0.051,0.043,0.087,0.055,-0.065,-0.010,0.027,-0.043,0.001,0.053,0.055,0.007,0.089,0.074,0.005,0.041,0.032,0.044,0.082,0.102,0.063,0.068,0.107,0.096,0.100,0.095,0.093,0.158,0.154,0.128,-0.003
9.492,7.969,6.647,7.052,6.931,7.201,7.278,6.468,6.433,7.181,6.877,7.007,7.874,8.440,8.683,9.251,9.856,10.048,10.255,9.771,9.527,9.722,9.168,9.560,10.298,10.804,10.600,10.638,10.593,10.228,10.258,9.914,10.177,10.093,10.354,10.049,9.103,8.266,8.815,8.854,21.608,0.009,0.023,0.052,0.028,-0.241,-0.082,0.073,-0.034,-0.196,-0.029,-0.079,-0.029,0.039,0.075,0.123,0.269,0.283,0.292,0.579,0.686,0.595,0.528,0.511,0.541,0.437,0.731,0.590,0.593,0.571,0.687,0.623,0.590,0.676,0.752,0.546,0.643,0.375,0.231,0.271,0.308,-0.021,-0.014,0.065,0.156,0.109,0.054,0.042,0.074,0.152,0.188,0.108,0.262,0.157,0.131,0.092,0.058,0.079,0.159,0.099,0.047,0.058,0.014,-0.028,0.061,0.033,-0.046,-0.072,0.006,0.045,0.026,0.021,-0.009,0.019,0.006,0.013,0.041,0.035,0.094,0.183,0.147,0.136,-0.014
9.261,8.056,7.272,7.138,6.816,7.167,7.547,7.190,6.539,6.940,6.089,7.236,7.633,8.314,8.757,9.289,9.775,10.524,10.541,10.433,10.196,9.912,10.168,10.334,10.379,11.488,10.935,10.665,10.959,11.151,10.699,10.023,10.706,11.097,10.870,10.345,9.367,8.671,8.880,9.250,21.831,-0.010,0.118,0.327,0.162,-0.145,-0.069,0.030,0.124,0.112,0.008,0.291,0.130,0.142,0.166,-0.029,0.202,0.493,0.319,0.356,0.415,0.465,0.314,0.476,0.418,0.267,0.413,0.503,0.483,0.442,0.506,0.348,0.337,0.476,0.494,0.451,0.457,0.344,0.385,0.393,0.350,-0.034,0.002,0.033,0.037,0.028,0.092,0.047,0.028,0.099,0.207,0.137,0.264,0.127,0.130,0.090,0.073,0.051,0.099,0.047,-0.031,-0.050,-0.075,-0.035,-0.015,-0.026,-0.042,-0.149,-0.034,0.012,-0.033,-0.100,-0.066,-0.030,-0.087,-0.107,-0.045,-0.069,0.012,0.088,0.087,0.055,0.001
9.465,8.532,7.179,6.519,6.298,6.801,6.952,6.386,6.922,7.422,7.328,7.107,7.620,8.110,8.500,9.639,10.633,10.765,11.059,10.711,9.990,9.866,10.273,10.192,10.347,11.025,11.360,11.470,11.074,11.049,10.663,10.399,10.696,11.018,10.628,10.728,9.470,8.495,8.940,9.127,21.277,-0.041,-0.109,0.003,-0.013,-0.186,-0.159,-0.093,0.045,0.158,0.032,0.430,0.149,0.082,-0.016,0.090,0.161,0.353,0.315,0.269,0.366,0.207,0.274,0.321,0.336,0.162,0.198,0.401,0.445,0.284,0.184,0.205,0.279,0.232,0.258,0.199,0.225,0.228,0.278,0.222,0.246,-0.001,-0.010,-0.025,-0.102,-0.084,0.079,0.032,-0.008,0.037,0.101,0.055,0.032,0.032,0.071,0.064,0.066,-0.027,-0.042,-0.033,-0.128,-0.130,-0.106,-0.049,-0.080,-0.070,-0.021,-0.118,-0.095,-0.094,-0.109,-0.142,-0.095,-0.081,-0.129,-0.161,-0.098,-0.145,-0.086,-0.014,-0.008,-0.027,0.010
9.110,7.906,7.314,6.929,6.078,6.538,6.654,6.675,7.274,7.291,8.107,7.491,8.134,8.591,8.749,9.731,11.061,11.118,10.729,10.813,10.966,10.301,10.319,10.434,10.715,11.555,11.973,12.006,11.377,11.028,10.702,10.451,10.953,11.281,11.122,10.842,9.805,9.235,9.523,9.661,21.728,-0.006,-0.040,-0.173,-0.172,-0.024,-0.074,-0.042,0.077,0.252,0.224,0.437,0.144,0.262,0.210,0.214,0.185,0.247,0.156,0.159,0.188,0.153,0.357,0.240,0.292,0.243,0.128,0.327,0.401,0.247,0.095,0.226,0.271,0.174,0.136,0.175,0.114,0.121,0.189,0.283,0.194,0.028,-0.014,-0.019,-0.124,-0.119,0.060,0.026,0.013,0.023,0.009,0.022,-0.110,-0.012,0.046,0.066,0.069,0.021,-0.068,-0.047,-0.087,-0.099,-0.085,-0.035,-0.061,-0.054,0.002,-0.041,-0.107,-0.134,-0.101,-0.083,-0.042,-0.038,-0.073,-0.092,-0.063,-0.080,-0.084,-0.045,-0.036,-0.046,-0.010
9.362,7.498,6.643,7.092,6.372,6.722,7.261,6.950,6.856,7.165,8.015,7.625,8.035,8.221,9.135,9.837,10.976,11.326,11.505,11.411,10.177,10.898,10.697,11.188,10.938,11.759,12.087,12.194,11.803,11.209,11.280,11.097,11.213,11.293,11.224,10.926,10.026,9.376,9.604,9.875,21.655,-0.045,-0.026,-0.208,-0.225,0.092,0.079,0.068,0.174,0.238,0.136,0.009,0.124,0.333,0.374,0.331,0.142,0.197,0.209,0.039,0.152,0.219,0.263,0.230,0.253,0.345,0.281,0.201,0.164,0.121,0.183,0.211,0.218,0.184,0.126,0.194,0.088,0.055,0.257,0.286,0.249,-0.003,-0.015,0.031,0.003,-0.025,0.030,0.013,0.010,0.048,-0.022,-0.015,-0.128,-0.020,-0.011,0.045,0.010,0.053,-0.027,-0.047,-0.083,-0.114,-0.031,-0.073,-0.046,-0.072,-0.019,-0.016,-0.089,-0.143,-0.099,-0.032,-0.054,-0.049,-0.031,-0.034,-0.023,-0.017,-0.046,-0.021,-0.022,-0.039,-0.026
9.283,8.372,6.674,5.993,6.660,6.839,7.182,7.293,7.830,8.189,7.932,7.699,8.735,9.310,9.509,10.116,10.839,11.025,11.112,11.025,10.866,11.181,11.157,11.296,11.300,11.759,12.208,12.306,11.831,11.544,11.523,11.028,11.318,11.641,11.448,10.816,9.696,9.176,9.965,9.846,21.781,-0.076,-0.020,-0.188,-0.329,0.018,-0.060,0.017,0.175,0.115,0.065,-0.048,0.083,0.245,0.301,0.195,0.317,0.232,0.135,0.036,0.025,0.032,0.145,0.217,0.191,0.187,0.168,0.066,-0.049,0.021,0.091,0.134,0.179,0.135,0.098,0.137,0.125,0.009,0.172,0.182,0.118,-0.085,-0.022,-0.024,0.055,0.072,-0.005,-0.021,-0.045,0.014,-0.068,-0.072,-0.086,-0.040,-0.108,-0.084,-0.042,0.012,-0.009,-0.006,-0.014,-0.067,-0.073,-0.105,-0.044,-0.057,-0.054,-0.040,-0.052,-0.119,-0.095,-0.034,-0.077,-0.052,-0.031,-0.026,-0.042,0.007,-0.015,-0.003,-0.051,-0.032,-0.019
9.155,8.170,6.457,5.862,6.467,7.045,7.028,6.950,7.833,7.651,7.459,7.623,8.983,9.622,9.777,10.155,11.729,11.857,11.061,11.367,11.137,10.741,11.005,11.028,11.781,12.330,12.248,12.142,11.453,11.707,11.308,11.199,11.432,11.467,11.433,11.180,9.801,9.810,10.150,10.281,21.238,-0.081,0.034,0.024,-0.058,-0.055,-0.100,-0.071,0.234,0.114,0.035,0.032,0.082,0.033,0.166,0.150,0.359,0.224,0.092,-0.086,-0.124,0.113,0.017,0.103,0.024,0.094,0.097,0.088,-0.045,-0.097,0.027,-0.021,0.078,0.096,0.108,0.104,0.133,0.053,0.183,0.161,0.090,-0.073,-0.012,-0.041,0.085,0.148,0.003,-0.036,-0.082,-0.053,-0.085,-0.035,0.007,-0.053,-0.103,-0.134,-0.062,-0.032,-0.045,-0.016,0.048,-0.024,-0.078,-0.067,-0.049,-0.045,-0.058,-0.072,-0.016,-0.044,-0.045,-0.053,-0.063,-0.055,-0.047,-0.029,-0.068,-0.017,-0.015,-0.034,-0.055,-0.020,0.009
8.833,7.472,6.469,5.900,6.123,6.076,6.853,7.550,7.360,7.375,8.144,7.906,8.886,9.394,9.402,11.157,11.844,11.529,11.132,10.960,10.647,11.104,11.252,11.471,11.226,12.108,12.222,11.786,11.655,11.232,11.360,11.296,11.517,11.685,11.703,11.340,9.962,9.875,10.158,10.048,21.510,-0.100,-0.192,-0.017,0.103,0.025,-0.089,-0.196,0.115,-0.025,-0.085,-0.006,-0.034,-0.126,-0.103,0.092,0.137,0.191,0.187,0.149,-0.009,-0.160,-0.045,0.085,0.120,0.100,0.021,0.123,-0.091,-0.119,0.001,-0.043,0.082,0.064,0.016,0.008,0.125,0.049,0.213,0.093,0.112,-0.030,-0.014,-0.027,0.083,0.157,0.029,0.014,-0.043,-0.120,-0.058,-0.026,0.002,-0.035,-0.012,-0.071,-0.028,-0.111,-0.062,-0.006,0.058,0.042,-0.003,-0.051,-0.061,-0.028,-0.009,-0.036,0.004,0.047,0.015,-0.027,-0.040,-0.051,-0.049,-0.040,-0.058,-0.054,-0.035,-0.025,-0.035,0.020,0.012
9.181,8.117,6.864,6.850,6.367,6.604,7.072,7.992,7.663,7.746,8.071,7.932,8.124,9.007,9.938,11.111,11.592,11.533,11.066,10.825,10.853,11.020,11.162,11.219,11.443,12.070,12.520,12.227,11.407,11.498,11.258,11.355,11.596,11.809,11.617,11.331,10.160,9.941,10.310,10.226,21.428,-0.092,-0.145,0.130,0.298,0.104,-0.085,-0.235,-0.060,-0.117,0.033,0.025,-0.081,0.005,-0.093,0.074,0.071,-0.005,0.105,0.225,0.049,-0.076,0.021,0.051,0.064,0.097,-0.007,0.090,-0.035,-0.036,-0.037,-0.017,-0.007,-0.018,0.021,-0.082,0.003,-0.037,0.067,0.055,0.153,0.013,-0.027,-0.023,0.049,0.067,0.006,0.030,0.021,-0.152,-0.060,-0.016,-0.016,0.002,0.084,0.011,-0.033,-0.091,-0.049,-0.006,0.053,0.061,0.053,-0.023,-0.037,-0.012,-0.007,-0.022,-0.038,0.051,0.060,-0.025,-0.010,-0.036,-0.044,-0.046,-0.022,-0.078,-0.047,-0.037,-0.030,0.003,-0.009
8.770,7.440,6.387,6.014,6.833,6.613,6.179,7.346,7.788,7.715,7.596,7.374,8.532,9.102,9.890,10.320,11.863,12.123,11.856,11.250,10.208,10.816,11.505,11.800,11.971,11.993,12.688,11.809,11.261,11.652,11.334,11.358,11.558,11.552,11.395,11.365,9.760,10.175,10.349,10.434,21.535,-0.141,-0.065,0.175,0.276,0.086,0.005,-0.114,-0.276,-0.059,-0.065,-0.035,-0.013,0.201,0.074,0.091,-0.094,0.038,0.099,0.170,0.150,0.112,-0.110,-0.064,0.030,0.140,0.041,0.087,0.183,0.065,-0.012,-0.067,-0.031,-0.055,-0.060,-0.058,-0.080,-0.120,0.104,0.058,0.189,-0.066,-0.021,0.020,0.031,-0.013,-0.050,0.035,0.088,-0.085,-0.019,0.018,-0.024,0.064,0.084,0.080,-0.030,-0.006,-0.032,-0.058,-0.044,0.008,0.110,0.002,-0.032,-0.033,-0.017,-0.001,-0.060,0.057,0.043,-0.033,0.001,-0.019,-0.025,-0.018,0.029,-0.059,-0.005,-0.054,-0.024,-0.044,-0.025
8.727,7.461,7.147,7.296,6.634,6.351,6.191,6.754,7.033,7.648,7.856,7.486,9.188,9.303,9.903,10.927,11.692,12.086,11.822,11.467,10.975,10.993,11.132,11.184,11.895,12.351,12.467,11.953,11.472,11.310,11.236,11.135,11.322,11.638,11.179,11.181,9.715,9.996,10.331,10.854,21.291,-0.197,-0.144,0.171,0.189,-0.055,0.003,-0.008,-0.328,-0.170,-0.057,-0.033,0.084,0.288,0.133,-0.015,0.018,0.054,0.106,0.171,0.103,0.240,-0.067,-0.010,0.008,0.039,-0.021,-0.082,0.075,0.114,-0.093,-0.060,-0.046,-0.065,-0.083,0.028,-0.153,-0.097,0.053,0.028,0.068,-0.102,-0.007,-0.009,-0.059,-0.121,-0.043,0.056,0.099,0.022,0.028,0.012,-0.067,0.045,-0.025,0.057,-0.038,0.006,0.005,-0.046,-0.077,-0.020,0.044,0.029,0.008,0.000,-0.021,-0.007,-0.033,0.010,-0.023,-0.031,-0.005,0.002,0.017,0.011,0.057,-0.014,0.036,-0.039,-0.033,-0.086,-0.017
8.356,7.472,7.201,7.057,6.420,6.226,6.721,6.787,7.381,7.098,8.075,8.063,9.359,9.614,9.875,10.780,11.983,11.749,11.606,11.389,11.147,10.570,10.949,11.637,11.698,12.173,12.684,12.837,11.946,11.267,11.038,11.249,11.380,11.469,11.631,11.015,9.583,10.369,10.438,10.677,21.248,-0.152,-0.091,0.119,0.091,-0.145,0.042,0.128,-0.174,-0.093,0.050,-0.098,0.202,0.152,0.182,-0.012,0.134,0.001,-0.102,-0.042,0.004,0.233,0.009,-0.042,-0.014,0.045,0.022,-0.091,0.141,0.022,-0.137,-0.017,0.006,-0.034,-0.020,0.098,-0.094,0.053,-0.051,-0.015,-0.066,-0.099,0.021,-0.014,-0.137,-0.155,-0.001,0.054,0.046,0.119,0.072,0.041,-0.076,-0.026,-0.121,-0.042,-0.030,0.032,-0.005,-0.033,-0.059,-0.027,-0.061,0.054,0.025,-0.010,-0.044,0.002,0.007,-0.063,-0.081,-0.023,0.005,0.002,0.029,0.053,0.012,0.018,0.045,-0.050,-0.035,-0.080,0.011
8.404,7.379,7.314,7.273,6.297,6.813,6.763,6.632,7.015,7.768,7.669,8.008,9.150,9.414,9.869,10.972,11.801,12.251,12.046,11.271,11.584,10.808,11.389,11.339,11.773,11.874,12.112,12.089,11.633,11.225,11.106,11.177,11.360,11.436,11.638,10.742,9.764,10.108,10.404,10.443,21.060,-0.120,-0.175,-0.137,-0.213,0.004,0.177,0.140,-0.004,0.042,0.037,-0.278,0.037,-0.096,0.139,-0.062,-0.015,0.036,-0.024,-0.055,0.020,0.081,0.104,0.078,0.088,0.039,-0.031,0.016,0.036,-0.131,-0.128,-0.065,-0.013,0.059,0.058,0.123,-0.059,0.056,-0.052,-0.075,-0.149,-0.054,0.037,0.004,-0.165,-0.135,0.054,0.028,0.004,0.136,0.090,0.003,-0.039,-0.074,-0.127,-0.090,0.000,-0.015,-0.009,-0.041,-0.058,-0.006,-0.118,0.003,0.003,-0.009,-0.018,0.026,0.066,-0.046,-0.065,0.021,-0.003,-0.008,0.036,0.054,-0.015,0.044,0.013,-0.012,-0.000,-0.018,0.020
8.173,7.023,6.897,6.480,6.276,6.593,6.535,6.540,7.332,7.905,7.200,8.123,9.313,9.955,9.846,10.966,11.815,11.529,11.535,11.370,11.070,10.955,11.165,11.651,12.255,12.342,12.410,12.445,11.288,11.012,11.316,11.369,11.367,11.552,11.655,11.113,10.002,9.865,10.235,10.308,21.153,-0.073,-0.118,-0.357,-0.300,0.052,0.187,0.044,0.158,0.194,0.093,-0.293,-0.119,-0.213,-0.140,-0.034,0.083,0.022,0.001,-0.012,0.054,-0.116,0.074,0.015,-0.058,-0.081,0.057,0.074,-0.112,-0.218,-0.109,-0.040,-0.036,0.030,0.132,-0.048,-0.038,0.030,-0.092,-0.066,-0.101,-0.037,0.006,0.018,-0.096,-0.018,0.061,-0.007,-0.019,0.089,0.022,-0.059,0.031,-0.066,-0.057,-0.097,0.020,-0.029,-0.027,0.002,-0.022,-0.001,-0.102,-0.049,-0.007,-0.038,-0.002,0.014,0.068,-0.060,0.007,0.053,-0.016,-0.020,0.021,0.019,-0.027,0.030,-0.026,0.017,0.023,0.025,0.011
8.218,6.810,6.613,6.519,6.729,7.053,6.982,6.859,7.270,7.431,6.902,7.640,8.732,9.830,9.606,10.757,11.955,12.077,11.585,11.576,11.420,11.322,11.413,11.618,11.810,12.110,12.682,12.328,11.148,10.798,10.774,11.009,11.621,11.885,11.782,10.837,9.784,9.986,10.058,10.295,21.067,-0.051,-0.110,-0.414,-0.291,0.114,0.068,0.055,0.188,0.135,-0.062,-0.132,-0.124,-0.162,-0.157,-0.003,-0.030,-0.000,-0.150,-0.135,0.048,-0.175,-0.087,-0.024,-0.014,0.011,0.093,0.164,-0.030,-0.094,-0.001,-0.062,-0.065,0.081,0.110,0.027,0.040,-0.021,0.013,0.050,-0.004,-0.032,-0.021,0.009,-0.020,0.057,-0.016,-0.077,-0.052,0.017,-0.054,-0.062,0.092,0.009,0.021,-0.026,0.058,0.005,-0.047,-0.025,-0.032,-0.027,-0.026,-0.060,-0.043,-0.063,0.024,0.019,0.030,-0.024,0.059,0.068,0.014,-0.007,-0.012,-0.033,-0.022,0.016,-0.022,0.006,0.026,0.026,0.000
8.083,7.165,5.766,5.931,6.466,7.043,6.833,7.464,8.223,7.730,6.995,7.652,8.501,8.706,9.838,11.301,12.017,11.839,11.774,11.508,10.651,10.682,11.013,11.206,11.273,12.339,12.766,12.158,11.098,10.936,11.002,11.153,11.399,11.904,11.321,10.777,9.723,9.972,10.283,10.246,21.060,-0.154,-0.032,-0.224,0.038,0.103,0.063,0.074,0.173,-0.029,-0.197,-0.014,-0.047,-0.099,-0.153,0.057,-0.005,-0.117,-0.031,-0.111,-0.014,-0.148,-0.142,-0.028,-0.154,0.049,0.028,0.176,-0.124,0.036,0.066,-0.099,-0.070,0.058,0.047,0.013,0.005,-0.037,0.004,0.039,-0.014,-0.056,-0.038,-0.014,0.077,0.068,-0.072,-0.085,-0.049,-0.047,-0.106,-0.050,0.083,0.063,0.056,0.081,0.050,-0.023,-0.048,-0.023,-0.027,-0.025,0.060,-0.001,-0.033,-0.012,0.042,-0.027,-0.007,0.020,0.055,0.026,0.011,0.009,-0.032,-0.069,0.003,-0.012,-0.011,-0.011,-0.013,-0.009,-0.012
8.193,6.756,5.810,6.090,6.773,6.929,6.889,7.109,7.245,7.546,7.110,7.626,8.744,9.252,9.859,10.655,11.698,11.348,11.254,11.441,10.916,10.512,11.347,11.491,12.321,12.340,12.754,12.080,11.260,11.258,10.953,10.961,11.748,11.811,11.940,11.110,9.799,10.120,10.633,10.451,20.949,-0.187,-0.171,-0.304,-0.095,-0.102,-0.148,-0.134,0.074,-0.119,-0.129,0.040,0.047,-0.048,0.018,0.181,0.054,-0.127,-0.131,-0.164,-0.081,-0.033,-0.088,-0.113,-0.180,0.095,0.077,0.115,-0.078,0.039,0.127,0.034,-0.029,-0.018,-0.064,-0.018,-0.003,-0.022,-0.069,0.003,-0.060,-0.044,-0.041,-0.014,0.104,0.037,-0.091,-0.057,-0.037,-0.075,-0.024,0.029,0.070,0.081,0.060,0.091,0.021,-0.000,-0.011,-0.001,0.003,-0.034,0.059,0.028,-0.017,0.023,-0.010,-0.054,-0.076,0.005,0.015,-0.024,0.023,0.021,-0.072,-0.053,-0.029,-0.058,-0.011,-0.029,-0.056,-0.042,-0.032
7.417,6.892,6.178,6.885,6.769,6.970,6.953,7.281,7.200,6.864,7.025,7.896,8.811,9.481,10.003,10.991,11.360,11.737,11.147,11.367,10.583,10.649,11.057,10.942,12.246,12.365,13.252,11.949,11.410,11.114,10.734,11.041,11.596,11.825,11.641,11.002,9.810,9.818,10.145,10.158,20.932,-0.198,-0.160,-0.027,-0.060,-0.199,-0.128,-0.108,-0.022,-0.212,-0.123,0.035,0.109,0.012,0.179,0.124,-0.073,-0.155,-0.126,-0.130,-0.009,0.114,0.071,-0.103,-0.035,0.089,-0.069,0.062,0.012,-0.009,-0.045,-0.035,-0.006,-0.080,-0.125,-0.010,-0.078,-0.024,-0.103,-0.108,-0.119,-0.092,0.015,-0.004,0.103,-0.002,-0.025,-0.042,-0.024,-0.053,0.087,0.108,0.063,0.053,0.079,0.069,-0.016,-0.009,0.025,-0.018,0.020,-0.035,0.023,0.004,0.004,0.074,-0.042,-0.059,-0.112,0.023,0.004,-0.038,0.020,0.011,-0.039,-0.002,-0.035,-0.062,-0.017,0.004,-0.035,-0.025,-0.043
7.618,6.089,4.885,5.566,6.069,6.349,6.254,7.322,7.188,7.218,7.089,7.755,8.335,9.533,10.431,11.181,11.647,11.475,11.079,11.244,11.290,10.899,10.823,10.849,11.797,12.480,13.014,12.041,11.188,11.343,11.079,10.919,11.433,11.607,11.534,10.710,9.630,9.716,10.140,10.039,20.911,-0.237,-0.118,0.005,-0.059,-0.188,-0.122,-0.039,-0.091,0.106,0.045,0.194,0.205,0.081,0.132,0.070,0.001,-0.034,-0.109,-0.111,-0.123,-0.011,-0.053,-0.073,0.043,-0.058,-0.130,-0.159,-0.072,0.002,-0.066,0.023,0.006,-0.209,-0.071,-0.106,-0.206,-0.083,-0.078,-0.158,-0.160,-0.176,0.064,0.045,0.141,0.068,0.081,0.036,0.046,0.014,0.105,0.075,0.015,0.003,0.073,0.020,-0.055,-0.026,0.034,0.025,0.033,-0.041,-0.040,-0.026,0.024,0.065,-0.049,-0.047,-0.087,0.001,0.015,-0.027,-0.010,-0.010,-0.008,0.024,-0.039,-0.049,-0.024,0.045,0.001,0.012,-0.036
7.381,6.699,6.093,5.891,5.825,6.693,6.612,7.249,7.193,7.279,7.179,8.130,8.766,9.461,10.171,10.675,11.268,11.145,11.209,11.560,11.033,10.842,10.761,11.351,11.980,11.923,12.947,12.236,11.089,10.669,10.763,11.142,11.158,11.381,11.475,10.585,9.690,9.658,9.988,9.857,20.621,-0.054,-0.077,0.136,0.008,0.020,-0.160,-0.091,-0.008,0.291,0.255,0.225,0.141,0.232,0.136,0.032,-0.025,-0.040,-0.132,-0.036,-0.168,-0.044,-0.139,-0.030,0.106,-0.084,-0.163,-0.246,-0.012,0.074,-0.027,0.005,-0.033,-0.040,0.043,-0.119,-0.202,-0.092,0.026,-0.053,-0.089,-0.206,0.086,0.036,0.050,0.055,0.104,0.064,0.049,0.040,0.062,0.022,-0.033,-0.060,0.024,-0.033,-0.055,-0.032,0.042,0.036,0.023,-0.042,-0.054,-0.024,0.019,-0.007,-0.053,0.005,-0.049,-0.015,-0.000,0.016,-0.001,-0.033,0.014,0.018,-0.029,-0.006,-0.019,0.047,0.027,0.036,0.003
7.028,6.264,5.879,6.292,6.305,6.458,6.862,6.670,7.778,7.561,8.003,8.535,9.171,9.920,10.125,10.820,11.574,11.098,10.669,10.728,10.638,10.150,11.128,11.505,12.165,11.909,12.109,11.577,11.432,11.152,11.055,10.943,10.922,11.679,11.494,10.289,9.446,9.809,9.920,9.800,20.225,0.059,0.011,0.318,0.209,0.192,0.048,0.089,0.136,0.152,0.056,0.019,0.046,0.204,0.141,-0.048,-0.101,-0.016,-0.004,-0.044,-0.206,-0.155,-0.111,-0.030,0.072,-0.062,-0.113,-0.165,-0.060,0.075,-0.019,-0.037,-0.065,-0.080,-0.027,-0.160,-0.185,-0.110,0.091,-0.019,-0.016,-0.168,0.060,0.013,-0.001,0.007,0.042,0.103,0.074,0.044,-0.053,-0.054,-0.091,-0.086,-0.036,-0.044,-0.057,-0.045,0.013,0.011,0.019,0.022,0.003,0.071,0.021,-0.054,-0.033,0.020,0.027,0.027,-0.031,0.008,-0.013,-0.020,0.021,-0.028,-0.002,0.042,0.002,0.003,0.024,0.045,0.039
7.444,6.419,6.363,6.562,6.750,6.115,6.192,7.567,8.363,7.968,7.696,8.210,9.555,9.967,10.318,11.049,11.196,11.265,11.174,10.787,10.689,10.330,10.753,11.144,11.644,11.835,12.475,12.119,11.656,11.072,10.772,10.861,11.652,12.004,11.068,10.201,9.444,9.901,9.988,9.834,20.247,0.085,-0.045,0.068,0.079,0.129,0.108,0.071,0.065,0.075,-0.020,-0.042,-0.114,0.068,0.009,-0.094,-0.184,0.047,0.002,-0.047,-0.180,-0.084,-0.018,-0.032,-0.085,-0.173,-0.053,-0.181,-0.068,-0.048,0.014,-0.008,-0.137,-0.074,-0.057,-0.125,-0.117,-0.106,0.050,-0.044,-0.012,-0.082,0.008,0.001,-0.061,-0.020,-0.054,0.098,0.099,0.010,-0.085,-0.075,-0.060,-0.029,-0.075,-0.055,-0.034,-0.012,0.008,-0.017,-0.009,0.048,0.024,0.091,0.007,-0.063,-0.010,0.045,0.042,0.016,-0.052,-0.013,-0.012,-0.008,-0.020,-0.049,0.015,0.050,0.015,-0.051,-0.008,0.011,0.050
7.881,6.282,6.340,6.276,6.568,6.879,6.909,7.845,7.366,7.154,6.926,7.947,8.961,9.986,10.118,10.488,11.604,11.396,10.874,10.600,10.685,10.600,10.677,11.311,11.655,11.958,12.424,11.799,11.278,11.047,10.891,10.736,10.785,11.158,10.937,9.977,9.205,10.048,10.046,9.970,20.256,-0.004,-0.069,0.032,-0.059,-0.034,0.259,0.247,0.091,-0.053,-0.086,-0.125,-0.096,-0.016,-0.026,-0.150,-0.142,-0.012,-0.121,-0.011,-0.008,0.024,0.240,0.033,-0.130,-0.179,-0.083,-0.059,0.091,-0.094,-0.046,-0.035,-0.043,-0.085,-0.160,-0.112,-0.039,-0.064,-0.075,-0.043,0.024,-0.043,0.007,0.007,-0.098,-0.009,-0.074,-0.017,-0.010,0.002,0.022,0.017,0.041,0.038,-0.052,-0.052,0.020,0.071,-0.038,-0.042,0.003,0.054,0.022,0.044,-0.011,-0.035,0.003,0.036,0.024,0.012,-0.046,-0.023,-0.011,0.002,0.016,0.006,0.018,0.040,0.040,-0.079,-0.023,-0.028,0.046
7.382,6.463,6.204,6.293,6.339,7.023,6.944,6.989,7.775,7.381,7.508,7.856,9.213,9.471,9.704,9.923,11.487,11.008,10.870,10.725,10.588,10.527,10.827,11.025,11.372,11.634,11.884,11.786,10.927,10.792,10.804,10.560,10.859,11.357,11.128,10.155,9.279,9.788,9.706,9.712,20.195,0.017,-0.032,-0.026,0.044,-0.135,0.225,0.323,0.065,-0.032,-0.049,-0.005,0.065,-0.032,-0.054,-0.087,-0.067,-0.001,-0.158,-0.097,-0.027,-0.012,0.141,-0.029,-0.106,-0.076,0.047,-0.090,-0.007,-0.102,-0.078,-0.058,-0.082,-0.138,-0.134,-0.069,-0.026,-0.038,-0.145,-0.083,-0.054,-0.020,0.042,0.036,-0.026,0.042,0.004,-0.058,-0.039,0.044,0.067,0.055,0.062,0.059,-0.020,-0.013,0.036,0.117,-0.034,-0.003,-0.005,0.015,-0.022,-0.028,-0.040,0.002,0.038,0.016,0.021,-0.014,-0.014,-0.015,-0.009,0.018,0.010,0.002,-0.015,0.013,0.031,-0.059,-0.027,-0.044,0.031
7.040,5.898,6.119,6.133,6.343,7.297,7.724,7.416,7.807,7.423,7.472,8.233,9.264,10.036,9.683,10.672,11.367,10.620,10.768,10.718,10.807,11.254,11.254,10.916,11.404,11.593,12.110,12.196,11.324,11.065,10.864,10.876,10.894,11.203,10.905,10.118,9.210,9.491,9.845,9.982,20.036,0.126,0.039,-0.127,0.183,-0.047,-0.094,-0.086,0.149,0.316,0.157,0.206,0.146,-0.008,-0.088,0.048,0.195,-0.183,-0.131,-0.007,-0.010,-0.083,0.028,-0.085,-0.092,-0.094,0.016,-0.093,-0.033,-0.126,-0.086,-0.067,-0.082,0.033,0.041,-0.098,-0.029,0.056,-0.209,-0.115,-0.134,0.032,0.030,0.032,-0.011,0.040,0.072,-0.077,-0.084,-0.006,0.070,0.076,0.075,0.030,0.008,-0.008,0.057,0.077,0.002,0.061,0.007,-0.011,-0.031,-0.095,-0.069,0.019,0.032,-0.010,-0.025,-0.064,-0.025,-0.002,0.004,-0.005,-0.007,-0.002,-0.022,-0.029,-0.003,-0.028,-0.040,-0.054,0.009
7.949,6.453,6.344,6.854,6.188,7.031,7.401,8.105,7.984,7.589,7.399,8.394,9.246,9.670,10.102,10.624,11.308,10.863,10.741,10.592,10.567,10.707,10.321,10.811,11.387,12.253,12.184,11.887,11.122,10.672,10.497,10.381,10.908,11.310,10.737,9.999,9.253,9.454,9.671,9.558,20.256,0.231,0.083,0.020,0.170,0.155,-0.008,0.045,0.257,0.227,0.135,0.105,0.059,-0.036,-0.024,-0.013,0.234,-0.035,-0.010,-0.072,-0.102,-0.141,-0.050,-0.173,-0.096,-0.026,-0.021,-0.059,-0.075,-0.099,-0.041,-0.038,-0.029,-0.082,-0.146,-0.206,-0.058,-0.013,-0.180,-0.144,-0.153,0.036,-0.065,-0.024,0.005,-0.055,0.055,-0.048,-0.087,-0.087,-0.006,0.064,0.043,0.002,0.059,0.022,0.027,0.009,0.017,0.057,0.033,0.011,0.001,-0.064,-0.038,0.014,0.008,-0.080,-0.039,-0.044,-0.007,0.006,-0.002,-0.018,-0.042,-0.037,-0.020,-0.058,-0.046,-0.017,-0.059,-0.032,-0.037
8.227,6.482,5.636,6.909,6.408,6.405,6.249,8.032,8.842,7.833,8.013,8.407,8.904,9.449,10.158,11.113,10.779,10.811,10.905,10.614,10.280,10.648,10.507,10.958,11.180,11.729,11.812,11.584,10.549,10.675,10.710,10.417,10.927,11.386,10.645,9.908,9.499,9.170,9.491,9.377,20.384,0.038,0.036,-0.047,0.076,0.182,-0.008,-0.034,-0.032,0.166,0.203,0.195,0.056,0.024,-0.082,0.098,0.090,0.015,0.109,0.011,-0.026,-0.066,-0.142,-0.242,-0.041,-0.043,-0.098,-0.199,-0.196,-0.220,-0.076,-0.026,-0.096,-0.146,-0.164,-0.156,-0.170,-0.093,-0.199,-0.215,-0.195,-0.025,-0.117,-0.056,0.034,-0.095,-0.005,-0.001,-0.017,-0.119,-0.117,0.000,-0.029,0.025,0.111,0.064,0.001,-0.081,0.022,0.007,0.017,0.021,0.022,-0.049,-0.011,-0.013,-0.019,-0.077,-0.066,-0.058,0.011,-0.026,-0.037,-0.057,-0.082,-0.076,-0.027,-0.076,-0.091,-0.021,-0.066,-0.030,-0.078
7.945,6.584,6.545,6.756,7.081,7.428,7.904,7.967,8.393,7.852,7.761,8.063,9.215,9.647,9.403,10.874,11.605,10.863,10.444,10.269,10.146,10.578,10.335,10.525,11.352,11.463,11.737,11.719,10.817,10.783,10.692,10.644,10.430,10.533,10.227,9.972,9.072,9.048,9.164,9.250,20.201,-0.265,-0.148,-0.042,-0.175,0.026,-0.057,-0.136,-0.282,0.013,0.248,0.214,0.118,0.245,0.054,0.022,0.032,-0.014,0.005,0.057,0.036,-0.017,-0.093,-0.138,-0.063,-0.061,-0.298,-0.231,-0.144,-0.093,-0.052,-0.088,-0.166,-0.260,-0.218,-0.141,-0.244,-0.192,-0.237,-0.330,-0.185,-0.178,-0.118,-0.024,0.030,-0.048,-0.050,-0.022,-0.038,-0.070,-0.101,-0.031,-0.055,0.033,0.100,0.057,0.029,-0.068,-0.035,-0.053,0.028,0.019,0.013,-0.038,0.036,-0.022,-0.070,-0.042,-0.060,-0.047,-0.003,-0.060,-0.069,-0.080,-0.063,-0.033,-0.021,-0.079,-0.078,-0.033,-0.048,-0.035,-0.073
7.230,6.014,5.783,6.563,6.808,7.060,7.300,7.323,8.434,8.307,8.264,8.678,9.399,9.635,10.521,10.999,11.294,11.165,10.974,10.750,10.690,10.611,10.037,10.853,11.208,11.499,11.338,11.298,10.376,10.629,10.638,10.262,10.401,10.770,10.382,9.281,8.835,8.701,9.024,9.159,19.941,-0.209,-0.123,0.072,-0.122,-0.007,-0.073,-0.083,-0.177,-0.161,0.101,0.007,0.242,0.404,0.193,0.037,-0.111,-0.083,-0.106,0.014,0.028,-0.034,-0.197,-0.156,-0.172,-0.169,-0.232,-0.337,-0.288,-0.074,-0.211,-0.225,-0.301,-0.290,-0.303,-0.263,-0.318,-0.308,-0.287,-0.354,-0.266,-0.252,-0.086,0.025,0.090,0.044,-0.025,0.006,0.026,0.046,-0.052,-0.064,-0.067,-0.007,0.018,0.030,-0.016,-0.017,-0.032,-0.086,-0.036,-0.066,-0.059,-0.034,0.074,-0.046,-0.082,0.002,-0.017,-0.038,-0.014,-0.070,-0.087,-0.062,-0.050,-0.040,-0.044,-0.038,-0.039,-0.000,0.008,-0.023,-0.038
7.122,5.945,6.062,6.152,6.119,6.420,6.193,7.051,8.253,8.591,8.342,8.850,10.223,9.849,10.031,10.841,10.980,10.709,10.989,10.703,10.278,10.262,9.865,10.548,11.068,10.880,11.265,11.310,10.746,10.433,10.094,9.629,9.871,10.529,10.162,9.093,8.623,8.504,8.255,8.742,19.587,-0.237,0.041,0.111,0.027,0.001,-0.083,-0.122,-0.021,-0.115,0.032,-0.078,0.129,0.276,0.122,0.163,-0.006,-0.163,-0.168,0.068,-0.033,-0.094,-0.213,-0.035,-0.140,-0.314,-0.163,-0.291,-0.262,-0.187,-0.274,-0.285,-0.328,-0.325,-0.242,-0.255,-0.380,-0.294,-0.303,-0.312,-0.294,-0.216,0.019,0.127,0.129,0.128,0.053,0.087,0.106,0.081,0.013,-0.058,-0.045,-0.056,-0.096,-0.048,-0.026,0.003,-0.025,-0.083,-0.120,-0.126,-0.092,-0.056,0.033,-0.048,-0.069,0.011,0.004,-0.037,-0.066,-0.071,-0.075,-0.013,0.017,-0.035,-0.034,-0.003,0.021,0.078,0.098,0.015,-0.000
7.594,6.185,6.239,6.602,6.856,6.544,6.690,7.605,8.108,7.970,7.756,9.223,10.420,10.314,10.027,10.575,10.676,10.357,10.701,10.538,10.044,9.821,9.962,10.088,10.474,10.862,10.362,10.348,10.214,9.795,9.883,9.421,9.756,9.873,9.363,8.760,8.184,8.009,8.176,8.302,19.432,-0.406,0.068,0.327,0.193,0.069,0.038,0.088,0.068,-0.028,-0.009,0.005,0.018,0.097,0.033,-0.051,0.027,-0.069,-0.233,-0.174,-0.320,-0.324,-0.250,0.075,-0.234,-0.327,-0.153,-0.255,-0.325,-0.242,-0.318,-0.364,-0.324,-0.363,-0.355,-0.318,-0.292,-0.240,-0.167,-0.182,-0.257,-0.196,0.077,0.118,0.098,0.111,0.035,0.068,0.077,0.013,-0.009,-0.035,-0.007,-0.094,-0.162,-0.134,-0.099,-0.027,-0.034,-0.070,-0.171,-0.123,-0.100,-0.058,-0.024,-0.051,-0.042,-0.045,0.068,0.020,-0.048,-0.038,-0.045,0.037,0.036,-0.028,-0.017,0.030,0.067,0.102,0.102,0.048,0.013
6.576,6.703,6.874,6.873,7.064,7.271,7.597,7.720,7.981,8.178,7.623,8.437,10.083,9.915,10.467,11.057,11.099,10.425,10.918,10.211,10.000,9.906,10.200,10.206,10.147,10.964,10.769,10.883,9.966,9.831,9.646,9.426,9.130,9.772,9.460,8.335,7.927,7.877,8.028,8.207,19.373,-0.074,0.391,0.476,0.305,0.253,0.323,0.308,0.004,0.010,0.011,-0.013,-0.048,-0.081,-0.104,-0.063,-0.023,-0.145,-0.347,-0.448,-0.420,-0.330,-0.349,-0.087,-0.273,-0.325,-0.283,-0.253,-0.308,-0.339,-0.352,-0.392,-0.222,-0.137,-0.365,-0.286,-0.271,-0.122,0.095,0.075,-0.113,-0.207,0.158,0.030,-0.005,0.027,-0.029,-0.051,-0.010,-0.034,-0.032,-0.051,-0.058,-0.051,-0.134,-0.110,-0.116,-0.112,-0.069,-0.069,-0.163,-0.076,-0.075,-0.077,-0.126,-0.086,-0.017,-0.054,0.083,0.033,0.024,-0.018,0.005,0.085,0.049,-0.039,-0.020,0.048,0.076,0.076,0.057,0.042,0.004
5.475,5.977,7.014,7.166,6.681,6.824,7.036,7.326,8.429,8.470,8.647,8.975,9.955,9.766,10.050,11.024,10.887,10.144,10.138,9.395,9.209,9.538,10.246,9.857,10.033,10.692,10.312,9.885,9.558,9.341,9.043,8.746,8.959,9.375,9.143,8.198,7.984,8.182,8.225,8.141,19.068,0.094,0.289,0.382,0.295,0.040,0.064,0.089,-0.124,-0.270,-0.065,-0.059,-0.137,-0.226,-0.362,-0.345,-0.236,-0.264,-0.366,-0.583,-0.391,-0.418,-0.418,-0.248,-0.360,-0.375,-0.397,-0.016,-0.163,-0.238,-0.360,-0.397,-0.170,-0.205,-0.379,-0.332,-0.221,-0.057,0.024,-0.037,-0.119,-0.194,0.175,-0.041,-0.111,-0.061,-0.094,-0.115,-0.086,-0.010,-0.006,-0.040,-0.088,-0.044,-0.072,-0.065,-0.038,-0.138,-0.083,-0.034,-0.073,-0.005,-0.005,-0.084,-0.177,-0.081,-0.022,0.014,0.111,0.092,0.091,0.027,0.075,0.118,0.037,-0.002,-0.004,0.052,0.043,-0.015,-0.022,0.029,0.020
7.813,8.007,8.057,7.395,7.472,7.896,7.558,7.209,8.144,8.397,7.833,8.734,10.049,9.601,9.703,10.501,10.149,9.081,9.032,9.173,9.044,8.661,9.286,9.300,9.665,9.550,10.027,9.999,9.377,8.899,8.553,8.857,9.586,8.951,8.843,8.019,8.112,8.891,8.603,8.258,18.733,0.304,0.079,0.058,0.109,-0.130,-0.350,-0.172,-0.093,-0.157,-0.197,-0.336,-0.046,-0.232,-0.230,-0.269,-0.436,-0.413,-0.449,-0.545,-0.375,-0.422,-0.515,-0.501,-0.508,-0.374,-0.312,0.006,-0.176,-0.069,-0.343,-0.245,0.022,-0.158,-0.423,-0.348,-0.173,-0.006,-0.020,-0.102,-0.151,-0.196,0.019,-0.176,-0.181,-0.133,-0.092,-0.106,-0.125,0.054,0.110,0.009,-0.015,-0.023,-0.004,0.013,0.008,-0.081,-0.053,0.025,0.024,0.007,0.015,-0.026,-0.091,-0.034,0.010,0.123,0.098,0.094,0.130,0.074,0.144,0.118,-0.001,0.043,0.007,0.063,0.009,-0.071,-0.062,0.039,0.051
7.444,6.979,7.555,7.818,6.850,6.550,7.153,7.239,6.677,7.537,7.354,8.387,9.308,8.659,8.685,9.674,9.831,9.201,8.731,9.100,8.434,8.353,9.181,8.743,8.842,9.586,10.653,9.973,9.321,8.462,8.445,8.857,8.502,8.387,8.009,7.812,7.806,7.623,7.702,7.682,18.785,0.282,0.018,-0.016,-0.014,-0.211,-0.201,-0.102,0.065,0.026,-0.105,-0.276,-0.202,-0.190,-0.231,-0.140,-0.457,-0.349,-0.350,-0.489,-0.366,-0.304,-0.586,-0.602,-0.522,-0.415,-0.067,0.170,0.068,0.076,-0.189,-0.064,0.145,-0.169,-0.335,-0.307,-0.081,-0.081,-0.183,-0.205,-0.094,-0.102,-0.045,-0.153,-0.168,-0.127,0.038,0.062,-0.052,0.085,0.237,0.094,0.086,-0.024,0.023,0.088,0.054,0.012,-0.037,0.040,0.057,0.019,0.047,0.038,0.021,0.071,0.067,0.139,0.031,0.068,0.087,0.105,0.173,0.075,0.033,0.083,0.059,0.057,-0.008,-0.005,0.013,0.063,0.062
7.112,6.595,6.894,7.090,6.329,5.658,6.678,7.297,8.074,7.659,6.592,8.502,9.249,9.321,9.804,9.551,9.565,8.648,8.896,8.481,8.279,7.921,8.228,8.223,8.872,9.957,10.628,9.962,9.737,8.557,8.722,9.482,8.569,8.153,8.287,7.661,7.987,8.055,7.781,7.680,18.535,-0.075,-0.352,-0.231,-0.207,-0.080,-0.073,-0.221,0.179,0.412,0.078,0.020,-0.130,-0.120,-0.106,-0.125,-0.317,-0.369,-0.230,-0.377,-0.399,-0.314,-0.393,-0.364,-0.364,-0.254,0.169,0.145,0.048,0.153,-0.067,0.161,0.211,-0.162,-0.175,-0.264,-0.027,-0.065,-0.156,-0.150,0.069,0.000,-0.070,-0.071,-0.082,-0.045,0.108,0.162,-0.020,0.031,0.146,0.120,0.157,0.008,0.007,0.035,-0.033,0.033,-0.036,0.052,0.044,0.053,0.037,0.113,0.141,0.152,0.105,0.073,-0.008,0.062,0.012,0.093,0.139,0.001,0.044,0.115,0.098,0.054,-0.004,0.055,0.068,0.051,0.050
7.234,6.772,7.516,7.250,6.200,6.937,6.965,7.608,8.594,8.313,7.886,8.080,9.405,8.751,9.299,9.214,9.433,8.612,7.763,7.909,8.072,6.976,7.767,7.787,8.355,10.153,10.863,10.244,9.759,8.569,8.636,9.161,8.624,8.102,7.886,7.973,7.640,7.686,7.610,7.958,18.659,0.060,-0.262,-0.313,-0.181,0.204,0.237,-0.147,0.166,0.629,0.270,0.191,-0.217,-0.164,0.018,-0.149,-0.234,-0.469,-0.274,-0.383,-0.285,-0.236,-0.290,-0.211,-0.078,-0.098,0.056,0.071,0.063,0.088,0.028,0.265,0.109,-0.038,-0.088,-0.080,-0.009,-0.066,0.066,0.051,0.086,0.017,-0.034,0.027,-0.030,0.022,0.063,0.060,-0.009,-0.030,0.010,0.066,0.079,0.103,0.010,0.014,-0.070,0.032,-0.012,0.044,0.055,0.061,0.032,0.143,0.151,0.150,0.136,-0.020,-0.063,-0.003,-0.039,0.065,0.089,-0.029,0.054,0.096,0.124,0.030,0.026,0.100,0.080,0.008,-0.007
7.545,6.351,6.924,6.642,7.395,7.340,6.547,7.921,9.244,8.401,7.665,8.238,9.403,9.025,8.771,9.144,8.505,8.225,7.630,7.774,7.653,7.383,8.171,7.957,8.639,10.110,10.647,10.104,9.922,8.513,9.260,9.759,8.713,8.221,7.584,7.803,7.873,8.079,7.899,8.464,18.798,0.063,-0.134,-0.206,-0.030,0.202,0.239,-0.249,0.011,0.273,0.213,0.213,0.003,-0.207,-0.180,-0.431,-0.380,-0.533,-0.228,-0.377,-0.151,-0.272,-0.097,0.008,0.028,-0.006,-0.010,0.014,0.137,-0.014,0.011,0.287,0.046,-0.003,0.028,0.028,0.059,-0.032,0.130,0.112,0.012,-0.004,-0.022,0.147,0.094,0.065,-0.052,-0.027,0.067,-0.082,-0.152,-0.006,-0.020,0.136,0.034,-0.025,-0.024,0.023,0.091,0.064,0.081,0.046,0.048,0.083,0.044,0.055,0.080,-0.026,-0.028,0.012,-0.073,0.037,-0.001,-0.030,0.053,0.058,0.118,0.007,0.032,0.054,0.040,-0.018,-0.048
7.528,5.791,5.977,7.136,7.340,6.894,6.483,7.756,9.238,8.515,7.774,7.437,8.409,8.895,8.456,8.706,8.017,8.042,7.446,8.027,7.566,7.175,8.155,8.485,8.467,9.787,11.000,10.218,9.668,8.626,9.502,9.266,8.239,7.912,7.961,7.696,7.533,7.940,7.900,7.718,18.740,0.043,0.043,-0.178,0.008,-0.037,-0.058,-0.134,-0.000,0.145,0.156,0.020,0.249,-0.095,-0.123,-0.337,-0.266,-0.328,-0.132,-0.212,-0.184,-0.163,-0.020,-0.035,0.031,0.140,-0.078,-0.080,0.011,-0.038,0.097,0.315,0.084,0.021,0.043,0.165,0.025,0.034,0.174,0.066,-0.025,-0.132,-0.039,0.168,0.185,0.032,-0.123,-0.095,0.099,-0.050,-0.216,-0.073,-0.067,0.165,0.109,-0.009,0.090,0.083,0.186,0.069,0.103,0.011,0.023,0.026,-0.023,-0.033,0.047,0.044,0.010,0.009,-0.057,0.023,-0.050,0.027,0.063,0.045,0.050,-0.031,0.030,0.000,0.004,0.026,-0.015
7.282,6.415,6.635,6.996,6.767,6.876,5.673,7.277,9.116,8.623,7.713,8.840,8.709,8.351,8.071,7.904,7.609,7.791,7.170,7.666,7.173,7.336,8.072,8.015,8.788,10.090,10.632,10.660,9.715,8.585,9.725,9.660,8.746,8.390,8.391,8.091,7.878,8.579,8.195,7.857,18.476,-0.175,0.233,0.174,0.022,-0.219,-0.061,0.107,-0.145,-0.105,0.104,0.006,0.318,0.015,-0.159,-0.153,-0.189,0.017,0.021,-0.057,-0.221,-0.111,-0.111,-0.232,-0.142,0.025,0.105,0.081,0.135,-0.149,0.086,0.131,0.073,0.074,0.052,0.205,-0.007,0.044,0.061,0.045,0.035,-0.165,0.029,0.112,0.137,0.010,-0.044,-0.062,0.131,0.015,-0.163,-0.101,-0.038,0.047,0.093,0.055,0.165,0.114,0.182,0.046,0.099,0.033,0.021,-0.022,-0.031,-0.047,0.013,0.052,0.029,-0.012,-0.023,0.022,-0.080,0.033,0.036,0.002,-0.023,-0.073,0.002,-0.042,-0.009,0.038,0.065
7.579,6.953,6.771,7.111,6.329,6.879,6.731,7.928,9.383,8.983,7.961,9.023,9.277,8.471,7.963,8.506,8.244,8.168,6.932,7.042,7.498,6.901,7.641,7.912,8.980,9.775,10.468,10.020,9.672,9.015,9.978,9.630,8.713,8.235,8.308,7.952,7.808,8.304,7.791,8.136,18.159,-0.014,0.394,0.423,-0.046,-0.200,-0.087,0.172,-0.007,-0.261,-0.042,-0.038,0.454,0.269,-0.038,0.164,0.085,0.186,-0.055,-0.028,-0.194,-0.203,-0.151,-0.208,-0.160,0.121,0.220,0.088,0.109,-0.130,0.105,0.093,0.230,0.236,0.123,0.081,-0.133,0.045,0.103,0.107,0.205,0.025,0.097,0.033,0.013,-0.054,0.074,0.044,0.067,0.037,-0.100,-0.125,0.001,-0.065,0.015,0.055,0.101,0.040,0.048,-0.005,0.055,0.091,-0.006,-0.002,0.039,-0.023,-0.024,0.016,-0.002,-0.010,0.025,-0.004,-0.072,0.015,0.008,-0.020,-0.076,-0.036,-0.009,-0.035,0.006,0.007,0.138
6.645,6.934,7.397,6.765,6.806,7.040,6.955,7.107,8.647,8.684,7.604,9.034,9.046,8.444,8.250,8.301,8.476,8.265,7.601,7.161,7.134,6.966,7.268,7.533,8.507,10.640,11.319,10.877,9.174,8.749,9.676,9.940,8.844,8.320,8.435,7.642,7.954,8.202,8.178,8.431,18.265,0.239,0.249,0.177,0.046,0.064,-0.057,0.252,0.091,-0.338,-0.191,0.051,0.137,0.077,0.052,0.145,0.014,0.120,-0.038,0.025,0.017,-0.145,-0.141,-0.061,-0.110,0.069,0.102,0.076,0.029,-0.081,0.119,-0.001,0.139,0.069,-0.000,-0.044,-0.228,-0.029,-0.045,0.045,0.087,0.245,0.172,0.004,-0.115,-0.046,0.109,0.070,-0.030,0.033,0.029,-0.063,0.029,-0.098,-0.056,0.046,-0.020,-0.026,-0.075,-0.048,0.002,0.092,0.034,0.044,0.101,0.050,-0.016,-0.105,-0.075,-0.056,0.073,-0.002,-0.031,-0.023,-0.027,-0.027,-0.073,0.041,0.002,-0.006,-0.006,-0.041,0.164
7.775,7.500,7.709,7.023,6.318,6.378,6.701,7.804,8.170,8.274,7.638,9.608,9.588,8.658,9.186,8.932,8.513,7.529,7.089,7.312,6.572,6.607,7.515,7.925,9.211,10.614,11.095,10.652,9.289,9.069,9.994,10.277,9.373,8.563,8.343,7.256,7.721,8.643,8.443,8.456,18.972,0.321,0.201,-0.114,-0.273,0.190,0.161,0.129,0.065,-0.240,-0.323,0.001,0.015,-0.053,0.045,0.020,-0.165,-0.139,-0.130,0.022,0.152,-0.177,-0.014,0.074,-0.099,-0.002,0.003,-0.090,0.012,0.055,0.058,0.022,0.125,0.063,-0.031,-0.090,-0.044,0.026,0.051,0.098,-0.016,0.353,0.101,0.002,-0.114,0.003,0.066,0.025,-0.068,-0.058,0.116,0.054,0.035,-0.119,-0.144,-0.038,-0.133,-0.097,-0.109,-0.030,-0.026,0.023,0.075,0.039,0.067,0.062,-0.087,-0.169,-0.103,-0.067,0.021,-0.041,-0.042,-0.089,-0.084,-0.041,-0.037,0.097,0.012,-0.030,-0.037,-0.076,0.123
8.377,7.387,7.050,7.269,7.090,6.842,6.946,7.794,8.032,8.025,8.128,9.234,8.939,8.518,8.186,7.762,8.075,7.919,7.219,7.618,6.911,6.779,7.829,7.460,9.017,10.180,10.697,10.486,9.500,9.155,9.711,10.032,8.760,8.226,8.154,7.300,7.775,8.183,8.094,8.134,19.292,0.515,0.349,-0.133,-0.092,0.131,0.164,-0.023,-0.019,0.030,-0.072,0.131,0.049,-0.106,0.030,-0.180,-0.195,-0.197,-0.182,-0.073,0.068,0.045,0.039,0.131,0.075,0.006,-0.310,-0.207,-0.096,0.125,0.098,0.013,0.012,0.026,-0.005,-0.072,0.153,0.064,0.059,0.020,-0.061,0.490,0.017,0.036,0.059,0.090,-0.016,-0.054,-0.077,-0.083,0.166,0.169,0.016,-0.060,-0.072,-0.073,-0.062,0.004,-0.031,-0.002,-0.017,-0.032,0.074,0.012,0.002,0.072,-0.079,-0.098,-0.046,-0.030,-0.020,-0.044,-0.002,-0.065,-0.025,0.017,0.007,0.105,0.040,0.008,-0.013,-0.023,0.088
8.320,7.731,6.374,5.494,7.137,7.782,7.381,7.908,8.488,7.699,7.701,8.996,9.067,8.657,8.093,7.948,7.749,7.691,7.231,7.575,6.725,6.926,7.728,7.454,8.716,10.020,10.331,10.274,9.784,9.101,10.070,10.210,9.072,8.126,7.999,7.905,8.025,8.569,8.322,8.208,19.410,0.352,0.352,0.009,0.036,0.096,-0.072,-0.033,-0.241,0.135,0.168,0.095,-0.095,-0.360,-0.215,-0.339,-0.296,-0.200,-0.132,-0.108,-0.102,0.077,-0.044,0.030,0.058,-0.283,-0.418,-0.287,-0.164,-0.130,-0.091,-0.124,-0.150,-0.161,-0.081,-0.088,0.163,0.061,-0.100,-0.067,-0.101,0.517,-0.026,0.028,0.214,0.237,-0.053,-0.129,-0.032,-0.023,0.140,0.206,0.038,-0.062,-0.035,-0.064,0.036,0.075,0.043,0.037,0.022,-0.018,0.057,-0.015,-0.049,0.046,-0.048,0.010,0.039,0.004,-0.059,-0.025,0.002,-0.041,0.010,0.051,0.031,0.038,0.036,0.019,-0.014,0.010,0.059
8.946,8.565,7.400,7.068,7.050,7.156,6.503,6.962,8.639,8.612,8.227,9.583,8.777,8.596,7.894,7.817,7.875,7.273,7.167,7.369,7.280,7.003,7.818,8.146,8.785,9.386,10.666,10.584,9.549,9.226,9.704,10.031,9.127,8.511,8.245,8.080,8.121,8.531,8.337,8.252,20.496,0.308,0.354,0.411,0.342,0.029,-0.211,-0.052,-0.173,0.304,0.410,0.084,-0.109,-0.131,-0.185,0.014,0.101,-0.005,-0.049,0.007,-0.017,0.096,-0.068,-0.032,0.170,-0.186,-0.177,-0.053,-0.036,-0.088,-0.025,0.060,-0.046,0.057,0.109,-0.011,0.196,0.154,0.069,0.062,0.015,0.601,-0.082,-0.044,0.168,0.148,-0.026,-0.048,0.015,0.057,0.017,0.070,0.015,-0.077,0.003,-0.017,0.100,0.075,0.025,0.030,0.037,0.027,-0.054,-0.014,-0.075,-0.045,-0.022,0.113,0.045,-0.009,-0.054,-0.057,-0.027,-0.037,-0.007,0.015,-0.005,-0.064,-0.018,0.007,-0.028,-0.008,-0.035
9.249,8.672,7.577,7.305,6.818,5.860,6.757,7.017,8.543,8.823,8.062,8.957,7.867,7.542,7.636,7.426,7.612,7.192,6.575,6.924,6.773,6.275,7.670,7.873,7.914,8.920,9.676,9.781,8.616,8.576,9.377,9.528,8.384,8.016,7.858,7.681,7.854,7.967,7.986,7.894,20.956,0.293,0.339,0.684,0.697,-0.025,-0.298,-0.015,0.027,0.321,0.464,0.212,-0.217,-0.217,-0.170,0.103,0.059,-0.021,-0.010,0.093,0.108,0.083,-0.037,-0.088,0.084,-0.146,-0.014,0.030,0.003,-0.133,-0.006,0.006,-0.049,0.096,0.166,0.035,0.126,0.161,0.141,0.008,-0.003,0.591,-0.065,-0.054,0.048,0.013,0.012,0.114,0.012,0.109,-0.077,-0.068,0.019,0.000,0.093,0.079,0.091,0.059,-0.013,0.027,0.041,0.045,-0.071,0.020,-0.048,-0.040,0.107,0.144,0.074,0.008,0.015,-0.023,-0.039,-0.012,0.011,-0.015,-0.005,-0.071,-0.042,0.006,-0.037,-0.015,-0.091
9.452,8.688,8.501,8.072,7.396,6.750,6.996,7.374,9.525,9.511,8.370,8.708,8.885,8.153,8.486,8.529,8.118,7.922,7.583,7.856,7.366,6.767,7.701,8.100,8.489,9.845,10.757,10.553,9.646,9.291,10.360,10.145,9.391,8.828,8.169,8.391,8.633,8.831,8.572,8.364,21.526,0.135,0.135,0.367,0.319,0.062,0.037,0.044,0.134,0.023,0.131,0.149,-0.276,-0.163,-0.079,0.098,0.001,-0.159,-0.093,0.011,0.098,-0.227,-0.033,-0.186,-0.161,-0.170,0.055,-0.143,-0.225,-0.144,-0.228,-0.186,-0.224,-0.137,-0.055,-0.157,-0.149,-0.074,-0.026,-0.159,-0.148,0.279,-0.080,-0.029,-0.078,-0.106,0.016,0.161,0.023,0.059,-0.141,-0.167,-0.023,0.046,0.075,0.078,-0.039,-0.053,-0.069,0.028,0.010,-0.003,-0.083,0.015,-0.002,-0.026,0.122,0.074,0.035,-0.009,-0.000,-0.036,-0.088,-0.028,-0.042,-0.081,-0.004,-0.049,-0.063,-0.052,-0.061,-0.032,-0.134
9.532,9.365,9.242,8.477,6.842,6.494,7.058,7.835,9.650,9.569,8.688,8.347,7.930,8.027,8.314,7.887,7.522,7.315,7.489,7.870,7.096,6.858,7.346,7.896,8.133,9.720,10.437,10.306,9.071,9.039,9.773,9.910,9.422,8.798,8.214,8.380,8.573,9.122,8.244,8.139,21.852,0.113,0.193,0.272,0.112,0.141,0.375,-0.020,0.150,-0.107,-0.030,0.155,-0.010,0.120,0.127,0.075,0.051,-0.189,0.026,0.097,0.066,-0.117,0.038,-0.133,0.023,0.244,0.185,0.130,-0.032,-0.028,-0.105,-0.195,-0.119,-0.007,-0.073,-0.039,-0.021,-0.037,-0.023,-0.143,-0.094,0.222,-0.077,-0.040,-0.138,-0.153,-0.008,0.123,0.018,-0.037,-0.114,-0.176,-0.104,0.064,0.060,0.037,-0.083,-0.064,-0.041,0.022,-0.006,-0.029,-0.028,0.001,0.040,-0.010,0.071,-0.007,-0.017,-0.019,0.012,-0.011,-0.046,-0.026,-0.048,-0.081,0.002,-0.005,-0.038,-0.075,-0.032,-0.008,-0.132
9.479,8.893,8.403,8.080,7.346,7.023,6.572,7.224,8.198,8.893,8.657,8.509,7.932,7.959,8.043,7.592,7.122,6.744,6.764,7.386,5.985,6.546,7.047,7.330,7.824,9.260,9.572,9.198,8.600,7.856,8.575,8.719,7.925,7.845,7.281,6.988,7.389,7.826,7.414,7.391,21.443,0.001,0.282,0.226,0.104,0.028,0.258,0.065,0.060,-0.187,-0.177,-0.002,0.018,0.078,0.059,-0.169,-0.158,-0.268,0.072,0.055,-0.010,-0.221,-0.033,-0.021,0.071,0.228,0.092,0.071,-0.063,-0.141,-0.156,-0.278,-0.152,-0.099,-0.174,0.005,0.022,-0.063,-0.107,-0.170,-0.098,0.117,-0.043,-0.034,-0.086,-0.069,-0.074,-0.046,0.013,-0.074,0.000,-0.073,-0.111,-0.002,-0.058,-0.052,-0.090,-0.075,0.010,0.009,-0.012,-0.037,0.077,0.006,0.073,0.010,-0.003,-0.054,-0.019,0.020,0.026,0.061,0.036,0.019,0.004,-0.005,0.045,0.064,0.030,-0.036,0.023,0.041,-0.057
9.798,9.533,8.984,7.861,7.550,7.599,6.868,7.841,8.671,8.980,8.695,9.008,8.946,8.272,8.234,8.147,7.163,7.913,7.467,7.488,6.876,6.577,7.331,8.374,9.465,10.136,10.919,10.299,8.997,8.770,9.293,9.643,9.084,8.140,8.106,8.277,8.292,8.354,7.850,7.910,22.110,-0.024,0.065,0.066,0.038,-0.047,0.208,0.065,-0.122,-0.144,-0.261,-0.234,-0.045,-0.038,-0.053,-0.178,-0.184,-0.174,0.017,0.044,0.017,-0.060,-0.034,0.030,-0.081,0.009,-0.070,-0.162,-0.175,-0.076,-0.095,-0.180,-0.214,-0.161,-0.180,-0.034,0.018,-0.037,-0.196,-0.146,-0.068,0.011,-0.015,-0.061,-0.083,-0.022,-0.057,-0.176,-0.015,-0.075,0.048,0.004,-0.084,-0.075,-0.129,-0.077,-0.064,-0.067,0.060,-0.068,-0.042,-0.033,0.069,0.020,0.080,-0.025,-0.120,-0.054,-0.076,-0.009,0.066,0.057,0.088,0.040,0.003,0.040,0.030,0.028,0.014,-0.025,0.049,0.039,-0.051
9.322,10.013,9.758,8.901,7.182,7.486,7.417,7.671,9.079,8.919,8.357,8.466,8.767,8.327,7.683,7.610,6.958,7.981,7.867,7.996,6.372,6.745,7.602,8.214,8.965,10.097,10.871,10.242,8.976,8.645,9.212,9.520,9.063,8.285,8.246,8.554,8.458,8.682,7.920,7.989,21.980,-0.012,0.028,0.038,0.013,-0.217,-0.111,0.065,-0.100,0.043,-0.118,-0.212,-0.269,-0.374,-0.248,-0.223,-0.259,-0.118,-0.044,-0.021,-0.062,0.131,0.035,0.097,-0.058,-0.068,-0.088,-0.092,-0.054,0.012,0.074,-0.012,-0.082,-0.041,-0.025,0.066,0.153,0.076,-0.120,-0.044,0.042,0.099,0.006,-0.073,-0.078,-0.037,-0.005,-0.174,-0.073,-0.040,0.041,0.032,0.011,-0.045,-0.087,-0.022,0.008,-0.023,0.051,-0.087,-0.036,-0.028,0.053,0.037,0.034,-0.035,-0.099,-0.006,-0.044,0.011,0.102,0.046,0.109,0.070,0.050,0.062,0.002,-0.004,-0.008,0.011,0.065,0.042,-0.015
9.492,9.129,8.894,8.255,6.691,7.304,6.960,7.000,8.489,8.253,7.668,8.143,7.323,7.578,7.602,6.960,6.736,6.783,7.156,7.649,6.603,6.588,7.216,7.047,7.610,8.951,8.980,8.910,8.502,8.170,8.553,8.441,8.046,7.677,7.559,7.685,7.854,7.715,7.259,7.499,21.639,0.044,0.014,-0.051,0.048,-0.019,-0.319,-0.096,-0.143,0.019,-0.039,-0.161,-0.241,-0.298,-0.104,-0.216,-0.233,0.035,-0.254,-0.073,-0.072,0.049,0.103,0.209,-0.037,-0.206,0.003,-0.168,-0.081,0.225,0.063,0.112,0.047,-0.019,0.054,0.079,0.054,-0.035,-0.142,0.038,0.031,-0.025,-0.006,-0.034,-0.040,-0.040,0.006,-0.125,-0.080,0.020,-0.006,0.039,0.123,0.016,0.007,0.036,0.006,-0.011,-0.009,-0.032,-0.016,-0.024,-0.030,-0.001,-0.027,-0.013,-0.026,0.038,0.026,0.039,0.054,0.009,0.062,0.067,0.042,0.030,-0.012,-0.011,-0.026,0.053,0.060,0.016,0.000
9.570,9.237,8.636,7.949,6.693,6.615,6.852,7.144,8.504,8.665,8.113,7.595,6.873,7.065,7.242,6.891,6.748,7.089,6.813,6.996,6.777,6.717,7.591,7.706,8.412,9.411,10.080,9.620,8.907,8.528,8.884,8.910,8.239,7.953,7.883,8.049,7.988,7.544,7.489,7.809,22.175,-0.002,-0.059,-0.105,-0.084,-0.009,-0.348,-0.222,-0.130,-0.063,-0.126,0.018,-0.111,-0.229,-0.026,-0.109,-0.249,-0.119,-0.228,-0.067,-0.104,-0.009,0.082,0.060,-0.128,-0.160,0.028,-0.144,-0.054,0.217,-0.005,0.122,0.069,0.081,0.018,-0.042,-0.014,-0.102,-0.080,0.064,0.061,0.061,-0.004,-0.030,-0.040,-0.042,0.015,0.046,-0.007,0.045,-0.040,0.013,0.158,0.086,0.112,0.080,0.055,0.056,-0.002,0.031,0.018,0.020,-0.067,-0.038,-0.083,-0.028,-0.011,-0.013,-0.014,-0.028,-0.043,-0.049,-0.006,0.018,-0.001,-0.027,-0.025,-0.018,-0.004,0.050,0.025,-0.025,-0.011
9.893,9.988,9.289,8.577,7.698,6.439,6.670,7.390,9.054,8.910,8.010,8.238,8.401,8.381,7.375,7.342,7.444,7.087,7.630,7.628,6.920,7.103,8.379,8.446,8.711,10.493,10.476,10.207,10.158,9.142,10.018,10.184,9.403,8.576,8.684,8.802,8.351,8.211,8.255,8.155,21.888,-0.060,-0.060,-0.060,-0.116,-0.123,-0.297,-0.191,-0.008,-0.120,-0.060,0.268,-0.043,-0.075,0.013,-0.203,-0.245,-0.216,-0.052,-0.012,-0.081,-0.138,-0.061,-0.089,-0.109,-0.075,0.061,-0.005,0.019,0.091,-0.009,0.063,0.048,-0.012,-0.053,-0.040,0.049,-0.077,0.047,0.098,0.002,0.030,-0.008,-0.012,-0.001,-0.013,-0.011,0.174,0.093,0.075,0.008,0.049,0.148,0.056,0.082,0.014,0.079,0.122,0.013,0.110,0.034,0.056,-0.018,-0.053,-0.109,-0.010,0.003,-0.053,-0.001,-0.039,-0.115,-0.053,-0.034,-0.014,-0.032,-0.028,0.001,0.033,0.078,0.047,-0.012,-0.019,0.004
9.111,9.290,9.036,8.321,6.631,6.177,6.455,6.826,8.479,7.959,8.277,7.864,7.085,7.798,7.250,6.174,6.009,6.686,7.293,7.485,6.169,6.898,7.320,6.872,7.612,9.463,9.402,9.323,9.234,8.132,9.091,8.992,8.788,7.926,7.471,7.924,7.701,8.032,7.740,7.964,22.161,0.021,-0.083,-0.155,-0.113,-0.089,0.107,0.079,0.057,-0.088,-0.040,0.366,0.062,0.077,0.092,0.046,0.028,-0.003,0.008,0.038,0.042,-0.109,-0.073,-0.170,-0.160,-0.187,-0.180,-0.244,-0.243,-0.137,-0.133,-0.019,0.008,-0.052,-0.104,0.002,0.068,0.078,0.037,0.048,-0.068,0.017,0.019,0.017,0.024,0.040,0.047,0.196,0.108,0.058,0.076,0.110,0.032,-0.015,0.052,-0.029,0.052,0.149,0.055,0.079,0.024,0.073,0.043,-0.030,-0.044,0.067,0.019,-0.041,0.005,-0.013,-0.085,-0.021,-0.025,-0.016,-0.038,0.009,0.055,0.038,0.086,0.012,-0.013,0.000,-0.031
9.422,8.801,8.392,7.490,6.107,6.036,6.206,7.120,7.900,8.306,8.925,7.793,6.839,7.279,6.581,6.096,6.027,6.725,6.856,6.998,6.219,6.192,6.906,6.920,7.633,9.230,9.293,9.152,8.795,8.322,8.763,8.640,7.711,7.424,7.567,7.992,7.614,7.707,7.625,7.430,21.798,-0.008,-0.034,-0.029,-0.005,-0.035,0.323,0.217,0.138,0.072,0.162,0.406,-0.049,-0.039,-0.095,0.100,0.241,0.042,0.177,0.044,0.134,0.007,-0.083,-0.223,-0.070,-0.176,-0.156,-0.121,-0.182,-0.170,-0.137,0.013,0.006,-0.115,-0.023,0.064,0.181,0.267,0.032,-0.016,0.002,0.016,0.006,0.016,0.038,0.045,0.073,0.092,0.003,-0.026,0.057,0.048,-0.113,-0.030,-0.018,-0.062,0.024,0.076,0.019,0.004,0.008,0.038,0.058,0.031,0.022,0.055,0.015,-0.024,-0.006,0.004,-0.026,-0.002,-0.035,-0.054,-0.022,0.018,0.015,-0.025,0.005,-0.042,-0.036,0.022,-0.027
9.911,9.418,8.308,7.930,7.044,7.351,7.478,7.565,8.639,8.765,9.484,8.126,8.037,8.075,7.870,7.653,7.440,7.312,7.388,7.523,6.582,6.807,7.478,7.668,8.015,9.143,9.452,8.935,8.904,8.274,9.416,9.722,8.826,8.007,8.452,8.792,8.746,7.979,8.046,7.831,22.303,0.068,0.012,0.001,0.061,0.184,0.323,0.115,0.085,0.221,0.314,0.108,-0.182,0.013,-0.119,-0.003,0.255,0.026,0.052,0.024,0.151,0.132,-0.058,-0.093,0.188,-0.013,-0.071,-0.063,-0.021,-0.076,-0.048,0.020,0.009,-0.061,0.049,0.180,0.112,0.154,-0.011,0.055,0.062,-0.085,-0.004,0.008,0.037,-0.013,0.029,-0.067,-0.104,-0.082,-0.026,-0.018,-0.151,0.011,-0.079,-0.065,-0.057,-0.034,-0.049,-0.047,-0.016,-0.033,0.016,0.034,0.079,0.038,0.065,0.044,0.033,0.054,0.033,0.046,-0.035,-0.073,-0.021,0.007,-0.031,-0.047,-0.060,-0.038,-0.024,0.019,-0.014
9.455,9.756,9.509,8.747,7.319,7.468,7.246,7.711,9.335,9.316,9.437,7.862,7.729,7.769,7.566,7.805,6.940,7.658,7.802,8.279,6.750,6.735,7.186,7.696,7.631,9.873,9.846,9.491,9.471,8.387,9.920,9.850,8.811,8.420,8.514,9.271,9.163,8.396,8.022,8.231,21.899,-0.052,-0.027,0.050,0.022,0.107,0.052,-0.195,-0.150,0.010,0.002,-0.170,-0.073,-0.133,-0.193,-0.059,0.023,-0.137,-0.052,0.035,0.056,0.032,0.084,-0.019,-0.010,-0.089,-0.112,-0.128,-0.071,-0.067,-0.064,-0.132,-0.220,-0.120,-0.039,-0.052,-0.098,-0.089,-0.139,-0.086,0.046,-0.054,0.000,-0.014,-0.019,-0.053,-0.009,-0.117,-0.085,-0.068,-0.094,-0.088,-0.106,0.075,-0.050,0.010,-0.031,-0.046,-0.023,-0.081,-0.038,-0.080,-0.007,0.032,0.113,0.006,0.091,0.045,0.029,0.027,0.022,0.039,-0.032,-0.029,0.025,-0.015,-0.046,-0.036,-0.057,-0.001,0.000,-0.019,0.030
9.435,8.873,8.483,7.998,6.946,7.074,6.509,6.956,8.864,9.023,8.563,6.920,6.707,6.959,6.743,6.596,5.681,6.481,6.941,7.599,6.566,6.337,6.712,7.423,7.547,8.785,8.811,9.048,8.514,7.861,8.614,8.430,7.935,7.673,7.896,7.845,7.697,7.634,7.817,7.873,21.686,0.026,-0.043,-0.009,-0.193,-0.013,-0.093,-0.234,-0.209,-0.189,-0.048,-0.102,0.128,-0.271,-0.186,-0.158,-0.035,-0.160,-0.111,-0.040,-0.086,-0.043,0.013,0.125,-0.002,0.097,0.017,-0.074,-0.030,-0.022,0.061,-0.123,-0.242,-0.152,-0.060,-0.095,-0.026,-0.042,-0.065,-0.037,0.003,-0.016,-0.003,-0.001,-0.021,-0.045,-0.059,-0.059,0.027,0.013,-0.080,-0.101,-0.049,0.050,-0.023,0.048,0.008,-0.011,0.043,-0.052,-0.066,-0.092,-0.005,0.015,0.040,-0.060,0.047,0.047,0.051,0.024,0.004,-0.001,-0.001,0.029,0.034,-0.004,-0.040,0.000,0.005,0.045,0.013,-0.031,0.049
9.397,8.938,8.553,7.565,6.690,6.437,5.713,6.673,7.837,8.186,8.536,8.032,6.841,6.873,6.848,6.739,6.221,6.878,7.257,7.242,6.385,6.847,7.193,6.995,7.420,8.850,8.974,8.742,8.656,8.207,8.503,8.184,7.558,7.397,7.583,7.974,7.692,7.184,7.309,7.641,21.836,0.015,-0.076,-0.121,-0.142,0.019,-0.053,-0.034,-0.057,-0.191,-0.097,-0.018,0.169,-0.147,-0.011,0.024,0.156,0.021,-0.148,-0.115,-0.148,0.062,0.042,0.231,0.056,0.223,0.023,0.030,-0.042,-0.086,0.005,-0.074,-0.012,0.055,-0.045,-0.028,0.071,0.081,0.054,0.032,-0.063,0.134,0.012,-0.000,-0.064,-0.029,-0.031,0.039,0.145,0.069,0.005,-0.018,-0.020,-0.055,0.047,0.039,0.043,0.020,0.048,-0.034,-0.077,-0.057,0.024,-0.040,-0.035,-0.016,0.009,0.014,0.037,0.046,-0.008,-0.035,0.021,0.095,0.074,0.035,0.013,-0.014,0.008,0.059,0.042,-0.018,0.034
10.069,9.610,8.740,7.558,7.291,7.403,7.076,7.039,8.442,9.091,9.423,8.683,7.125,7.595,7.437,8.009,6.998,7.144,7.461,7.609,6.547,6.814,8.100,8.008,8.603,9.739,9.520,9.158,9.203,8.669,9.509,9.346,8.691,8.218,8.444,9.312,9.270,8.258,8.218,8.140,22.252,0.021,0.030,-0.020,-0.084,-0.067,0.082,0.168,0.101,-0.081,-0.140,-0.212,-0.052,-0.094,0.030,-0.002,0.136,0.162,-0.161,-0.229,-0.208,0.091,0.040,-0.019,-0.144,0.064,0.098,0.111,0.082,-0.047,-0.087,-0.015,0.052,0.020,0.032,-0.033,0.030,0.095,0.118,0.059,-0.037,0.065,0.003,0.005,-0.054,0.009,0.001,0.029,0.113,0.032,0.022,-0.021,-0.053,-0.092,0.118,0.016,0.087,-0.001,0.002,0.028,-0.035,-0.025,0.011,-0.030,-0.074,-0.000,-0.065,-0.030,0.007,0.041,-0.022,-0.037,0.030,0.103,0.090,0.066,0.033,-0.077,-0.048,0.021,0.014,0.016,0.001
9.215,9.009,8.778,8.256,7.242,7.037,6.791,7.384,8.592,8.795,8.919,7.823,6.787,7.394,7.340,7.878,6.385,6.587,6.969,7.536,7.068,6.705,7.648,7.683,8.218,9.509,9.641,9.228,8.699,8.006,9.101,9.330,8.709,7.921,8.101,8.893,8.780,8.354,7.982,7.782,22.286,0.008,-0.064,-0.264,-0.176,-0.019,0.162,0.327,0.038,-0.019,-0.043,-0.215,-0.260,0.014,-0.104,0.079,0.039,-0.061,-0.197,-0.257,-0.168,0.087,-0.129,-0.123,-0.021,-0.027,-0.081,-0.036,0.102,-0.094,-0.165,-0.082,0.106,0.165,0.089,-0.019,-0.197,-0.118,0.065,0.078,-0.023,0.073,0.013,0.008,-0.031,-0.000,0.009,-0.045,0.014,-0.050,-0.028,-0.045,-0.062,-0.071,0.090,0.011,0.064,-0.025,-0.024,0.088,0.026,-0.004,-0.060,-0.036,-0.064,0.040,-0.062,-0.047,-0.024,-0.009,-0.023,0.018,0.043,0.067,0.050,0.059,0.031,-0.056,-0.053,-0.008,-0.011,0.035,-0.015
9.634,8.987,8.273,7.230,6.335,7.186,6.811,7.107,8.084,8.019,7.314,6.765,6.262,6.846,6.485,6.705,6.409,5.820,5.942,6.409,6.678,6.608,6.388,6.360,7.471,8.947,9.033,9.216,8.256,7.526,8.242,8.118,7.459,7.569,7.474,7.533,7.630,7.641,7.776,7.615,21.786,0.044,-0.024,-0.207,-0.130,0.011,-0.053,0.149,-0.097,-0.163,-0.180,-0.268,-0.116,0.240,-0.060,0.249,0.016,-0.112,0.052,-0.142,-0.200,-0.001,-0.054,-0.066,0.034,-0.102,-0.083,-0.004,0.101,-0.125,-0.041,0.030,0.213,0.241,0.201,0.064,-0.276,-0.186,0.035,0.009,0.061,0.020,-0.005,-0.014,0.010,0.026,-0.011,-0.114,-0.081,-0.066,-0.056,-0.047,0.003,0.011,0.030,0.022,0.052,0.012,-0.028,0.105,0.062,0.043,-0.063,-0.012,-0.002,0.051,-0.039,-0.078,-0.035,-0.105,-0.074,0.052,0.041,0.013,0.011,-0.008,0.009,0.024,-0.009,-0.019,-0.031,0.007,-0.006
9.653,8.930,7.465,6.850,7.072,7.355,7.479,6.831,7.919,8.509,8.516,7.694,7.341,6.725,7.719,7.586,6.212,6.553,6.729,7.002,6.753,6.305,7.434,7.715,7.849,8.841,9.039,9.224,8.657,7.955,8.725,9.328,8.998,8.168,7.973,7.877,7.924,7.819,7.920,7.791,22.434,0.070,-0.007,-0.180,-0.121,0.026,-0.213,0.045,-0.207,-0.289,-0.301,-0.298,-0.154,0.134,0.089,0.217,0.093,0.037,0.184,-0.027,-0.172,-0.192,-0.089,-0.067,0.167,-0.006,-0.121,-0.030,-0.094,-0.160,0.070,0.116,0.243,0.196,0.164,0.077,-0.056,-0.044,0.058,0.002,0.062,0.083,-0.011,-0.006,0.042,0.022,-0.063,-0.079,-0.103,0.015,-0.035,-0.044,-0.012,0.053,-0.015,0.080,-0.027,-0.015,0.002,0.012,0.013,0.046,-0.036,0.036,-0.033,-0.054,-0.047,-0.072,-0.056,-0.166,-0.082,0.045,0.032,-0.081,-0.088,-0.089,-0.032,0.069,0.021,-0.034,-0.050,-0.022,-0.011
10.069,9.528,8.360,7.614,7.433,6.978,7.477,6.830,7.961,8.336,8.286,8.168,8.049,7.631,8.492,8.234,6.525,7.424,6.872,6.875,6.702,6.746,7.877,8.162,8.278,9.659,9.800,9.666,8.598,8.492,9.846,10.410,9.751,9.099,8.828,8.442,8.770,8.699,8.293,8.439,22.277,-0.034,-0.069,-0.013,0.019,-0.142,-0.300,-0.097,-0.108,-0.224,-0.244,-0.153,-0.050,-0.003,0.042,0.190,0.169,-0.025,0.173,-0.034,0.010,-0.086,-0.038,-0.057,0.017,-0.140,-0.273,-0.068,-0.345,-0.386,0.055,0.094,0.050,0.058,-0.048,-0.034,0.081,0.014,0.026,-0.057,-0.045,0.031,-0.008,-0.003,0.020,-0.008,-0.076,0.041,-0.032,0.109,0.020,0.052,0.058,0.085,-0.007,0.100,-0.065,-0.041,-0.008,-0.126,-0.015,0.080,0.033,0.035,-0.063,-0.086,-0.042,-0.060,-0.079,-0.123,-0.011,-0.000,-0.008,-0.123,-0.095,-0.114,-0.044,0.066,0.022,-0.032,-0.026,-0.029,-0.002
9.347,8.703,7.835,7.462,6.823,6.077,6.683,6.486,7.209,7.134,6.944,6.351,6.564,7.447,7.419,7.580,6.512,6.707,6.370,6.444,6.096,6.190,6.568,7.617,7.786,8.549,9.108,8.532,7.729,7.873,8.879,9.401,8.543,7.974,7.809,8.158,7.990,8.114,7.734,7.679,22.454,-0.006,-0.070,-0.149,-0.142,-0.259,-0.108,-0.066,0.121,-0.163,-0.231,-0.334,-0.027,0.062,0.242,-0.025,-0.115,-0.093,-0.198,-0.248,-0.044,-0.050,0.042,-0.294,-0.284,-0.242,-0.347,-0.284,-0.503,-0.373,0.013,0.046,-0.217,-0.182,-0.231,-0.132,-0.030,-0.111,-0.100,-0.139,-0.082,0.012,0.004,0.019,0.005,-0.022,-0.025,0.095,0.016,0.137,0.062,0.140,0.119,0.140,0.085,0.093,-0.055,-0.064,-0.007,-0.131,0.000,0.089,0.083,0.028,-0.013,-0.069,-0.015,0.004,-0.070,0.009,0.074,-0.036,-0.019,-0.078,-0.031,-0.030,0.006,0.015,0.028,-0.003,0.013,0.002,-0.007
9.618,8.755,8.024,7.018,5.749,6.326,6.722,6.739,7.317,7.486,7.334,7.185,6.633,6.696,7.585,7.552,6.134,6.607,5.950,6.737,6.577,6.476,6.536,6.492,6.804,7.727,8.656,7.835,6.788,7.843,8.633,8.332,7.979,7.428,7.385,7.797,7.668,7.625,7.584,7.444,21.931,0.044,-0.008,-0.125,-0.158,-0.229,0.097,0.043,0.284,-0.128,0.044,0.043,0.245,0.240,0.366,0.046,-0.086,-0.089,-0.386,-0.104,0.138,0.092,0.055,-0.267,-0.168,-0.195,-0.269,-0.272,-0.309,-0.072,-0.013,0.025,-0.174,-0.044,-0.169,-0.053,0.044,-0.040,-0.046,-0.050,-0.011,0.045,-0.002,0.009,-0.019,-0.059,0.043,0.011,0.005,0.032,0.039,0.099,0.104,0.072,0.068,0.038,-0.082,-0.076,0.028,-0.060,0.027,-0.010,0.010,0.002,0.048,0.022,0.063,0.041,-0.055,0.102,0.130,-0.061,-0.083,-0.038,-0.028,0.039,0.016,-0.021,0.022,0.013,0.038,0.026,-0.021
9.846,8.965,6.888,6.440,6.620,7.144,7.527,7.484,7.426,7.778,7.321,8.049,8.361,8.404,8.045,7.353,5.942,5.970,5.948,6.850,6.564,6.647,6.634,7.129,7.379,8.074,8.192,7.622,7.695,8.346,9.564,9.280,8.975,7.847,8.033,8.049,7.921,7.857,7.579,7.880,22.665,0.050,0.055,-0.098,-0.142,-0.057,0.062,0.054,0.280,-0.028,0.255,0.198,0.399,0.437,0.394,0.012,-0.100,0.034,-0.192,0.010,0.208,0.135,0.006,-0.026,-0.088,-0.052,-0.103,-0.277,-0.066,0.053,-0.075,0.054,-0.033,0.094,0.075,0.116,0.038,0.125,0.080,0.064,0.055,0.042,-0.018,-0.008,0.036,0.008,0.050,-0.089,-0.086,-0.078,0.041,-0.009,0.064,-0.049,-0.055,-0.159,-0.115,-0.056,0.049,0.096,0.057,-0.060,-0.038,-0.018,0.106,0.051,0.066,0.020,-0.001,0.122,0.076,-0.078,-0.160,-0.072,-0.067,0.046,-0.020,-0.039,-0.005,0.003,0.034,0.011,-0.032
10.040,9.357,8.210,7.333,6.391,6.932,7.271,7.750,7.215,8.235,8.311,8.544,8.351,8.980,8.407,7.919,6.366,5.861,6.562,7.364,6.930,6.792,6.509,7.564,7.508,8.551,8.899,8.578,8.253,8.193,9.630,9.600,9.313,8.316,8.451,8.715,8.605,8.599,8.119,8.283,22.396,-0.074,-0.085,-0.132,-0.276,-0.028,-0.332,-0.131,-0.028,-0.097,0.008,0.099,0.098,0.151,0.155,-0.237,-0.219,0.054,-0.129,-0.028,-0.164,-0.126,-0.011,0.047,0.031,0.078,-0.188,-0.345,-0.056,0.048,-0.208,-0.324,-0.232,-0.220,-0.003,-0.078,-0.058,0.006,-0.001,0.029,0.014,-0.091,-0.008,-0.008,0.029,0.027,0.051,-0.093,-0.118,-0.134,0.046,-0.126,-0.079,-0.150,-0.125,-0.246,-0.174,-0.076,0.040,0.160,0.011,-0.092,-0.058,-0.021,0.068,0.001,0.025,-0.003,0.043,0.076,0.028,-0.044,-0.142,-0.101,-0.110,-0.007,-0.047,-0.060,-0.064,-0.041,-0.002,-0.001,-0.013
9.386,8.677,7.253,6.593,6.218,6.082,6.676,7.379,7.120,8.037,7.444,7.667,7.888,8.274,7.069,6.897,6.566,6.120,6.114,7.169,6.593,6.061,6.453,6.641,7.173,7.620,7.603,7.831,7.262,7.320,8.648,8.600,8.345,7.904,7.857,7.888,8.148,8.027,7.787,7.535,22.434,-0.038,-0.071,0.034,-0.041,-0.108,-0.337,-0.407,-0.113,0.027,-0.259,-0.042,-0.199,-0.170,-0.448,-0.461,-0.329,0.083,0.151,-0.003,-0.195,-0.129,-0.017,0.077,-0.131,-0.049,-0.285,-0.252,-0.019,-0.052,-0.281,-0.577,-0.547,-0.427,-0.083,-0.221,-0.174,-0.156,-0.106,-0.007,-0.040,-0.082,0.019,0.015,0.042,0.088,0.044,0.011,-0.035,-0.067,0.034,-0.128,-0.084,-0.118,-0.118,-0.227,-0.097,-0.028,-0.000,0.119,0.006,-0.044,-0.014,-0.002,-0.016,-0.005,-0.010,0.014,0.087,0.039,0.034,0.025,-0.049,-0.042,-0.052,-0.042,-0.030,-0.026,-0.076,-0.045,-0.011,0.009,0.021
9.477,8.474,7.182,5.563,5.811,5.199,6.491,6.651,6.986,7.398,7.769,7.865,7.624,7.537,6.891,6.686,6.089,5.886,5.726,5.756,5.933,6.716,6.862,6.890,7.298,7.013,7.226,7.451,7.246,7.315,7.470,7.510,7.195,7.382,7.083,7.587,7.582,7.535,7.627,7.688,21.591,0.048,0.016,-0.046,-0.074,0.053,-0.170,-0.315,-0.189,0.077,-0.330,-0.234,-0.207,-0.081,-0.442,-0.589,-0.351,0.084,0.244,-0.042,-0.120,-0.065,-0.041,0.023,-0.142,-0.070,-0.192,-0.070,0.046,0.122,-0.129,-0.372,-0.420,-0.336,-0.126,-0.118,-0.151,-0.217,-0.156,-0.023,0.032,0.042,0.017,0.020,0.022,0.115,0.039,0.125,0.078,0.032,0.006,-0.005,-0.033,-0.005,-0.052,-0.106,0.013,0.034,-0.010,0.060,0.040,0.067,0.052,-0.015,-0.065,-0.014,-0.020,0.059,0.084,-0.008,0.006,0.056,0.083,0.068,0.076,-0.011,0.051,0.015,-0.011,0.001,-0.004,0.002,0.039
9.936,9.053,7.571,7.120,6.372,6.325,5.884,7.469,7.678,6.900,7.384,7.395,7.872,6.886,6.498,6.327,6.494,6.714,6.352,6.679,6.420,6.599,6.844,6.813,7.238,7.418,7.769,8.090,7.937,7.378,7.759,7.592,7.899,7.901,7.614,7.742,7.651,7.859,7.788,7.977,22.655,0.086,0.078,0.072,0.195,0.122,0.037,-0.028,0.023,0.056,-0.213,-0.054,-0.037,-0.038,-0.441,-0.299,-0.172,0.017,0.218,0.045,-0.032,0.037,0.009,-0.095,-0.024,-0.025,-0.031,0.022,0.080,0.188,0.007,-0.168,-0.149,-0.109,-0.073,-0.015,-0.045,-0.143,-0.068,0.038,0.090,0.083,-0.011,-0.012,-0.047,-0.019,-0.019,0.080,0.143,0.046,-0.060,0.097,0.066,0.080,-0.008,0.056,0.146,0.105,-0.043,-0.064,0.007,0.054,0.024,-0.009,-0.042,0.051,0.011,0.073,0.017,-0.053,-0.022,0.058,0.114,0.122,0.104,0.023,0.068,0.047,0.057,0.030,-0.006,-0.014,-0.002
10.006,9.248,7.820,6.698,6.577,5.959,6.094,6.762,7.321,7.154,7.171,7.645,7.956,7.463,5.746,6.447,6.823,6.786,6.235,7.007,6.690,6.321,6.428,6.769,7.126,7.690,8.465,8.680,8.523,7.520,8.216,8.003,7.855,7.686,7.981,8.035,7.767,7.901,8.003,8.220,22.495,-0.050,-0.060,-0.040,0.182,0.054,0.108,0.071,0.065,-0.079,-0.039,-0.058,-0.009,-0.175,-0.381,-0.250,-0.125,0.037,0.139,0.147,0.091,0.052,-0.097,-0.191,-0.092,-0.034,-0.018,-0.063,-0.146,-0.042,-0.074,-0.115,-0.090,-0.001,-0.065,0.074,-0.047,-0.058,-0.013,-0.015,-0.038,0.023,-0.016,-0.019,-0.038,-0.074,-0.082,0.016,0.053,0.051,-0.040,0.117,0.142,0.089,0.004,0.102,0.201,0.127,-0.050,-0.097,-0.014,0.040,-0.001,0.005,0.030,0.084,0.031,0.031,-0.024,-0.057,-0.060,0.037,0.051,0.070,0.074,0.052,0.032,0.046,0.087,0.047,-0.010,-0.022,-0.020
9.549,8.682,7.292,7.000,6.446,5.886,6.735,7.439,7.232,7.093,7.475,7.592,7.530,6.105,6.148,6.157,6.286,6.759,6.084,6.381,6.399,6.304,6.193,6.579,7.132,7.124,7.091,7.618,7.565,7.255,7.434,7.609,7.468,7.385,7.331,7.440,7.339,7.503,7.787,7.718,22.396,-0.044,-0.091,-0.206,-0.266,-0.202,-0.077,0.113,-0.011,-0.195,0.082,0.202,0.102,-0.162,-0.199,0.100,0.082,-0.108,-0.116,-0.062,-0.032,-0.065,-0.033,-0.025,0.099,-0.013,-0.005,-0.173,-0.190,-0.079,-0.018,-0.133,-0.101,-0.077,-0.001,0.022,0.010,0.051,-0.030,-0.042,-0.076,-0.082,0.010,-0.002,-0.021,-0.104,-0.059,-0.028,-0.042,-0.035,-0.035,0.057,0.065,0.034,0.035,0.147,0.123,0.084,-0.016,-0.081,-0.035,0.037,-0.006,0.003,0.082,0.065,0.023,-0.010,0.002,0.001,-0.035,0.042,0.031,0.020,0.030,0.045,0.012,0.035,0.071,0.040,0.000,0.003,-0.002
9.419,8.361,7.120,6.535,6.044,5.958,6.421,6.989,6.812,7.104,7.432,7.721,6.920,6.025,5.814,6.147,6.379,6.556,6.596,6.360,6.203,6.376,6.234,6.546,7.179,7.070,7.250,6.957,7.220,7.008,7.055,7.050,7.407,7.316,7.595,7.505,7.450,7.650,7.552,7.627,21.838,0.035,0.007,-0.099,-0.215,-0.194,-0.033,-0.119,0.083,0.003,0.106,0.349,0.166,0.001,-0.051,0.218,0.156,-0.102,-0.073,-0.060,0.080,-0.018,0.003,0.136,0.218,0.080,-0.053,-0.094,-0.104,-0.045,0.068,-0.132,-0.096,0.015,0.097,0.024,0.051,0.119,0.061,-0.032,0.005,0.025,0.020,0.014,0.041,0.002,0.045,-0.017,-0.014,-0.002,0.034,-0.007,-0.037,-0.022,0.049,0.111,0.024,0.018,0.000,-0.025,-0.032,0.011,0.022,0.027,0.050,0.036,0.010,-0.014,0.020,0.059,0.001,0.032,0.025,0.037,0.009,-0.001,-0.027,0.007,0.014,0.022,0.019,0.028,0.023
10.009,9.042,6.889,5.870,5.627,5.941,6.287,7.300,6.955,7.336,8.264,7.870,7.579,6.608,6.962,6.887,6.176,6.250,5.862,6.844,6.338,6.406,6.817,7.418,7.149,7.705,7.514,8.003,8.192,7.545,7.674,7.562,7.740,8.081,7.916,8.059,8.064,7.836,7.805,7.892,22.573,0.093,0.033,-0.004,-0.129,-0.047,-0.031,-0.145,-0.160,-0.159,-0.001,0.067,0.047,0.050,0.128,0.081,0.106,0.008,-0.083,-0.026,0.158,0.043,-0.024,0.149,0.147,0.033,-0.063,0.048,0.063,0.016,0.144,-0.004,-0.044,0.031,0.068,0.069,0.084,0.124,0.093,0.049,0.081,0.071,-0.009,-0.004,0.031,0.127,0.163,0.050,0.062,0.065,0.080,-0.049,-0.165,-0.071,-0.001,0.058,-0.099,-0.088,0.066,0.050,0.035,-0.008,0.053,0.030,-0.030,-0.036,-0.001,-0.001,0.047,0.054,0.008,-0.016,0.018,0.027,-0.010,-0.047,-0.028,-0.028,-0.053,-0.002,-0.005,-0.001,0.006
9.950,9.102,7.525,6.186,6.019,5.769,5.723,7.245,7.472,7.564,8.522,8.335,7.936,6.957,6.432,6.860,6.369,6.676,6.043,7.175,6.628,6.287,6.797,7.437,7.520,7.134,7.782,7.968,7.986,7.714,7.435,7.546,7.794,7.824,7.809,7.981,8.000,8.039,7.834,8.159,22.531,-0.021,-0.051,0.063,0.124,0.201,-0.002,0.130,0.131,0.071,-0.032,-0.175,-0.090,-0.038,0.009,-0.121,-0.048,-0.019,-0.004,-0.033,0.052,0.108,0.031,-0.026,0.066,-0.007,-0.057,-0.074,0.021,-0.084,0.008,-0.055,0.067,-0.009,-0.105,-0.084,-0.047,-0.022,0.038,0.036,0.024,0.060,-0.023,-0.018,-0.073,0.071,0.139,0.051,0.134,0.084,0.068,-0.060,-0.166,-0.068,-0.032,0.014,-0.087,-0.098,0.062,0.053,0.033,-0.046,0.027,0.040,-0.051,-0.051,-0.019,0.036,0.046,0.035,0.027,-0.038,0.042,0.025,-0.032,-0.030,-0.027,-0.014,-0.059,-0.041,-0.026,-0.041,-0.024
9.749,8.477,7.069,6.532,6.224,5.826,6.360,6.510,6.106,6.856,7.264,7.522,7.270,6.277,6.243,6.331,6.332,6.284,6.230,6.763,6.402,6.229,6.656,6.867,7.126,6.778,7.065,7.426,7.263,7.624,7.223,7.143,7.430,7.473,7.568,7.620,7.684,7.773,7.889,7.857,22.406,-0.061,-0.084,-0.131,0.199,0.415,0.156,0.297,0.290,0.169,-0.092,-0.362,-0.126,-0.147,0.059,-0.226,-0.256,0.178,0.102,0.098,-0.055,0.139,0.106,-0.092,-0.007,0.028,-0.007,0.053,0.019,-0.020,-0.070,-0.084,-0.046,-0.115,-0.136,-0.067,-0.081,-0.145,-0.027,-0.100,-0.092,-0.071,-0.012,-0.003,-0.102,-0.022,0.019,0.010,0.011,0.046,0.060,-0.038,-0.055,-0.016,-0.003,-0.024,-0.016,-0.048,-0.005,0.012,-0.000,-0.048,-0.024,0.026,-0.013,-0.035,-0.036,0.029,0.027,-0.004,0.045,-0.025,0.058,0.003,-0.018,0.014,-0.017,0.003,-0.027,-0.048,-0.037,-0.045,-0.028
9.442,8.386,7.346,6.823,6.750,6.005,7.036,8.040,7.594,7.183,7.056,7.445,6.885,6.233,5.568,6.185,6.208,6.519,6.248,6.661,6.714,6.620,6.182,7.149,7.157,7.247,7.103,7.350,7.267,7.007,7.007,7.594,7.516,7.095,7.351,7.488,7.528,7.872,7.690,7.764,22.221,-0.005,-0.022,-0.399,-0.024,0.270,0.127,0.328,0.275,0.177,-0.147,-0.268,-0.089,-0.060,0.054,-0.061,-0.155,0.122,0.102,0.041,-0.042,0.067,0.137,0.003,0.039,-0.010,0.100,0.135,0.092,0.109,-0.013,0.118,0.031,-0.074,0.052,-0.042,0.063,-0.044,-0.082,-0.090,-0.112,-0.025,0.005,0.005,-0.048,-0.080,-0.118,-0.038,-0.154,-0.141,-0.062,-0.038,0.053,0.012,0.043,-0.017,0.051,0.023,-0.036,-0.056,-0.024,-0.015,-0.078,-0.016,0.038,-0.029,-0.033,-0.021,-0.008,-0.032,0.030,0.030,0.057,-0.044,0.001,0.034,0.003,0.008,0.020,-0.039,-0.002,-0.017,-0.014
9.957,8.981,6.325,6.546,7.337,6.601,7.117,8.350,7.739,7.066,7.185,7.685,7.370,7.267,6.265,5.944,7.146,6.839,6.248,6.823,6.991,6.767,6.665,7.528,7.469,7.613,8.120,8.405,8.453,7.548,7.471,7.306,7.305,7.765,7.812,7.898,7.577,7.786,7.376,7.629,22.373,0.027,0.002,-0.285,-0.162,0.011,-0.044,-0.191,-0.003,0.090,-0.132,-0.163,-0.033,0.045,-0.015,-0.030,-0.083,-0.085,-0.074,-0.063,-0.033,-0.056,0.055,0.068,-0.017,-0.146,0.005,0.081,0.009,0.146,0.030,0.199,-0.013,-0.028,0.058,-0.039,0.043,0.001,-0.087,-0.075,-0.076,-0.029,-0.001,-0.007,0.119,-0.014,-0.180,-0.112,-0.194,-0.174,-0.100,-0.004,0.128,0.014,0.059,-0.031,0.045,0.071,-0.071,-0.067,-0.025,0.018,-0.071,-0.037,0.003,-0.039,-0.026,-0.044,-0.073,-0.071,-0.035,0.029,0.011,-0.016,0.032,0.010,-0.001,-0.001,0.046,-0.020,0.044,0.024,0.006
9.819,8.740,5.900,6.061,6.814,6.015,6.986,7.701,7.538,6.724,7.221,7.807,7.584,6.732,6.117,6.279,6.572,6.909,6.238,6.932,6.667,6.702,6.807,7.304,7.300,7.217,7.928,7.937,7.936,7.685,7.902,7.621,7.489,7.938,7.478,8.155,7.833,7.620,7.643,7.712,22.425,-0.041,-0.068,-0.099,-0.094,-0.187,-0.094,-0.398,-0.430,-0.201,-0.201,-0.012,-0.074,0.083,-0.037,0.034,-0.019,-0.066,-0.197,-0.073,-0.033,-0.182,-0.024,0.084,-0.074,-0.084,-0.171,-0.127,-0.136,-0.014,0.106,0.090,-0.168,-0.047,-0.031,-0.081,-0.069,0.006,-0.128,0.013,-0.068,-0.033,-0.004,0.004,0.192,0.063,-0.095,-0.083,-0.078,-0.069,-0.089,0.038,0.130,-0.013,0.021,0.033,0.024,0.044,-0.010,-0.018,0.032,0.042,-0.003,-0.038,-0.035,-0.046,0.024,0.004,-0.044,-0.018,-0.026,0.011,-0.054,-0.002,0.013,-0.019,0.029,-0.008,0.034,0.020,0.034,0.046,0.007
9.694,8.311,6.366,6.101,6.247,5.600,5.432,6.667,6.586,6.427,6.365,7.174,7.145,5.952,5.820,5.871,5.723,5.717,5.919,6.463,6.146,6.462,6.683,6.703,6.326,6.818,7.056,7.179,7.660,7.436,7.771,7.067,7.304,7.341,7.308,7.503,7.538,7.464,7.535,7.502,22.159,-0.050,-0.098,0.314,0.163,-0.257,-0.293,-0.308,-0.229,-0.144,-0.087,0.151,-0.064,0.076,-0.050,-0.046,0.030,-0.085,-0.084,0.027,0.029,-0.091,0.001,-0.117,-0.143,-0.064,-0.092,-0.180,-0.221,-0.133,0.014,-0.015,-0.026,0.032,-0.046,-0.052,-0.021,0.061,-0.104,0.069,0.005,-0.037,0.003,-0.000,0.094,0.055,0.013,0.003,0.115,0.055,-0.047,0.063,0.079,-0.044,-0.027,0.051,0.023,0.022,0.021,0.039,0.070,0.050,0.032,-0.041,-0.040,-0.028,0.049,0.057,0.025,0.044,-0.012,-0.016,-0.058,0.034,-0.003,-0.012,0.034,0.016,0.016,0.036,0.009,0.048,0.008
9.370,8.382,6.832,6.578,6.360,6.033,5.890,6.733,7.163,6.497,7.406,7.330,7.411,6.706,5.959,6.125,6.590,6.094,6.048,6.675,6.228,6.653,6.593,7.190,7.309,6.792,6.999,7.286,7.591,7.592,7.306,6.872,7.280,7.150,7.197,7.340,7.577,7.394,7.675,7.488,22.165,0.015,0.049,0.262,0.126,-0.072,-0.163,-0.002,0.043,-0.153,0.019,0.226,-0.139,0.027,0.236,0.065,0.006,0.074,0.017,0.155,0.136,0.068,-0.025,-0.078,-0.128,0.072,0.168,0.046,0.119,0.117,0.052,-0.046,0.030,-0.037,0.011,0.108,0.055,0.095,0.027,0.007,0.080,0.016,0.001,-0.015,-0.038,-0.025,0.054,0.067,0.174,0.138,0.018,0.075,-0.013,-0.028,-0.042,-0.001,-0.008,-0.010,-0.028,0.041,0.035,-0.008,0.024,-0.067,-0.003,-0.020,-0.023,0.047,0.062,0.061,-0.001,-0.068,-0.026,0.046,-0.013,-0.017,0.010,0.015,-0.010,0.039,-0.019,0.027,-0.008
9.933,8.671,7.427,7.105,6.280,5.125,6.125,7.688,7.208,6.745,7.849,7.604,7.837,7.028,6.113,6.173,6.710,6.827,6.478,7.097,6.753,6.795,6.184,6.870,7.143,7.364,7.686,7.627,7.960,7.667,7.694,7.549,7.571,7.927,7.693,8.203,8.010,7.380,7.706,7.765,22.319,0.014,-0.058,0.002,0.005,0.017,0.005,0.188,0.036,-0.167,0.074,0.112,-0.222,-0.061,0.105,0.069,0.013,-0.050,0.013,0.172,0.132,-0.021,-0.151,-0.052,-0.130,0.023,0.123,0.121,0.102,0.021,-0.023,-0.025,0.057,-0.048,-0.023,0.035,0.061,0.039,0.015,-0.028,0.092,-0.013,-0.016,-0.018,-0.165,-0.083,0.026,0.131,0.138,0.086,0.050,0.035,-0.095,0.038,-0.008,-0.057,0.007,-0.012,-0.053,0.012,-0.021,-0.059,-0.009,-0.062,0.046,0.013,-0.049,-0.036,0.015,0.022,-0.020,-0.057,-0.009,-0.016,-0.018,-0.037,-0.029,-0.024,-0.037,0.021,-0.019,-0.012,-0.030
9.775,8.803,6.681,6.189,6.438,5.440,6.627,7.405,6.463,6.659,7.611,6.895,7.372,7.374,6.297,6.160,6.451,6.441,6.732,7.293,6.704,6.411,6.664,6.582,7.250,7.785,7.844,8.309,8.371,7.829,7.711,7.530,7.170,7.698,7.826,8.081,8.072,7.798,7.595,7.978,22.424,-0.068,-0.162,-0.132,-0.138,-0.053,0.091,0.223,0.129,-0.099,0.095,-0.059,-0.135,-0.057,-0.122,-0.062,-0.060,-0.225,-0.040,0.029,-0.124,-0.097,-0.282,0.039,-0.180,-0.244,-0.042,0.033,0.006,-0.094,-0.216,-0.034,0.018,-0.072,-0.130,-0.074,-0.033,-0.031,0.005,-0.034,0.024,-0.085,-0.017,-0.011,-0.110,-0.039,-0.008,0.084,0.045,0.047,0.104,-0.007,-0.086,0.122,0.062,-0.093,0.011,0.013,-0.043,0.011,-0.085,-0.073,-0.014,0.011,0.032,0.057,-0.042,-0.083,-0.042,-0.050,-0.056,-0.030,0.007,-0.020,0.031,-0.013,-0.046,-0.027,-0.030,-0.002,-0.009,-0.038,-0.029
9.562,7.811,6.453,6.318,6.294,5.922,6.002,6.509,6.102,6.714,6.824,6.281,6.857,6.140,5.997,5.917,5.543,5.609,6.436,6.812,5.801,5.830,6.385,6.359,6.469,6.935,7.236,7.175,7.373,7.204,7.445,7.025,7.122,6.951,7.170,7.438,7.483,7.338,7.435,7.715,21.965,-0.088,-0.084,-0.314,-0.121,-0.134,0.234,0.270,0.158,0.081,0.052,-0.180,0.124,0.078,-0.158,0.051,0.005,-0.203,0.005,-0.017,-0.136,-0.056,-0.182,0.054,-0.053,-0.153,-0.169,-0.097,-0.052,-0.126,-0.134,-0.066,-0.099,-0.038,-0.161,-0.109,-0.097,-0.063,0.013,-0.006,-0.030,-0.135,0.007,0.045,-0.037,-0.035,-0.041,0.001,-0.037,-0.011,0.109,-0.048,-0.039,0.116,0.066,-0.028,0.033,0.045,0.074,0.042,-0.082,-0.037,0.045,0.097,0.014,0.093,0.054,-0.014,-0.028,-0.015,0.012,0.042,0.010,0.019,0.047,0.049,-0.002,-0.004,0.006,0.015,0.007,-0.030,-0.000
9.217,8.002,6.657,6.280,6.088,6.091,7.066,7.967,7.223,6.990,7.625,7.315,7.618,6.542,5.706,5.954,6.047,6.502,6.213,6.200,6.219,5.724,6.685,6.546,6.428,6.795,7.391,7.540,7.413,6.742,7.259,7.223,7.145,6.986,7.089,7.558,7.688,7.441,7.641,7.631,21.917,-0.019,0.008,-0.128,-0.009,-0.037,0.145,0.184,0.216,0.245,-0.007,-0.055,0.299,0.267,-0.096,0.131,0.076,-0.063,0.077,-0.173,-0.097,0.018,0.045,0.029,0.117,-0.053,-0.099,-0.053,-0.054,-0.089,-0.045,0.009,0.009,0.115,0.013,-0.051,0.000,-0.003,0.019,-0.049,-0.051,-0.067,0.018,0.028,0.007,-0.018,-0.011,-0.063,-0.133,-0.127,0.024,-0.078,-0.028,-0.016,-0.027,0.013,0.030,0.074,0.137,0.000,-0.029,0.030,0.066,0.134,-0.010,0.090,0.120,0.050,-0.007,-0.008,0.020,0.083,0.011,0.036,0.039,0.060,0.024,0.003,0.006,0.003,0.006,0.000,0.019
9.770,8.649,5.871,6.455,5.783,5.969,7.254,8.198,7.235,6.838,6.942,8.015,8.104,6.652,6.666,6.299,5.895,6.821,6.651,6.964,6.714,6.227,6.441,6.620,6.788,7.017,7.427,7.751,7.810,7.539,7.590,7.206,7.392,7.480,7.518,7.979,7.886,7.622,7.653,7.790,21.898,0.025,0.084,-0.183,-0.234,-0.198,-0.019,0.024,-0.065,0.208,-0.115,-0.085,0.142,0.106,-0.050,0.136,0.169,0.239,0.163,-0.135,-0.065,0.148,0.173,0.024,0.188,0.196,0.081,0.022,0.054,0.078,0.100,0.005,0.158,0.092,0.148,0.014,0.026,0.055,0.083,0.016,-0.019,-0.022,-0.001,-0.025,0.067,0.002,0.058,-0.071,-0.196,-0.161,-0.045,-0.037,-0.020,-0.153,-0.114,0.028,-0.052,0.029,0.126,-0.022,0.009,0.028,0.038,0.080,0.020,0.037,0.064,0.065,0.023,-0.006,0.005,0.019,-0.002,0.031,0.003,0.016,0.030,0.001,-0.016,-0.011,-0.009,0.014,0.011
9.578,8.422,6.330,6.077,6.511,6.141,6.921,7.640,7.123,6.560,7.277,7.523,8.082,6.638,6.617,6.350,5.960,6.222,5.758,6.733,6.337,6.439,6.780,7.034,6.828,7.248,7.485,7.753,7.709,7.438,7.683,7.483,7.610,7.499,7.396,7.812,7.857,7.751,7.242,7.686,22.125,-0.033,-0.106,-0.163,-0.170,-0.076,-0.097,-0.318,-0.394,-0.043,-0.210,-0.246,-0.224,-0.208,-0.109,0.047,0.226,0.238,-0.119,-0.059,-0.007,0.130,0.210,0.004,0.148,0.184,0.084,-0.062,-0.086,-0.095,0.083,-0.015,0.069,0.058,0.015,-0.013,-0.080,-0.060,-0.016,-0.013,0.020,-0.044,-0.014,-0.029,0.054,0.055,0.070,-0.057,-0.155,-0.095,-0.070,0.032,0.012,-0.130,-0.111,0.015,-0.079,-0.025,0.035,-0.013,0.072,0.037,0.022,0.001,0.021,-0.029,0.014,0.031,0.033,0.021,0.006,-0.009,0.004,-0.015,-0.041,-0.028,0.033,0.009,-0.045,-0.013,0.001,0.021,-0.012
9.506,8.020,5.700,5.248,5.092,5.800,6.194,6.350,7.194,6.353,6.574,6.886,7.153,5.843,6.224,6.563,6.784,6.562,5.988,6.222,6.484,6.337,6.456,7.052,7.248,7.112,7.301,7.341,7.617,7.356,7.257,7.684,7.348,7.435,7.088,7.439,7.674,7.600,7.712,7.592,21.751,-0.085,-0.154,0.041,-0.031,0.173,-0.001,-0.462,-0.340,0.000,-0.031,-0.185,-0.381,-0.256,-0.011,-0.167,0.075,0.275,-0.006,-0.029,-0.042,0.077,0.137,0.165,0.115,0.049,0.064,0.023,-0.065,-0.096,-0.102,-0.066,0.027,0.007,-0.084,0.024,-0.051,-0.113,-0.022,-0.067,0.006,-0.092,-0.010,-0.003,0.091,0.115,0.102,-0.021,-0.004,0.061,-0.068,0.079,0.098,-0.009,0.008,0.028,-0.056,-0.085,-0.087,-0.006,0.068,0.066,-0.016,-0.045,0.025,-0.046,-0.036,-0.015,0.027,0.023,-0.005,-0.021,0.019,-0.046,-0.039,-0.027,0.038,0.036,-0.043,-0.013,-0.018,-0.007,-0.022
9.186,7.787,5.926,6.035,6.053,5.687,6.008,6.922,7.028,6.181,6.581,6.759,7.054,6.398,6.164,6.950,6.795,6.039,6.250,6.534,6.985,6.721,6.696,7.069,7.118,7.166,7.143,7.314,7.036,7.250,7.351,7.329,7.457,7.083,7.240,7.428,7.495,7.371,7.545,7.829,21.770,-0.034,-0.016,0.028,0.166,0.130,-0.147,-0.349,-0.122,-0.000,0.111,0.054,-0.090,-0.106,-0.041,-0.114,-0.000,0.092,0.098,0.136,0.078,0.166,0.066,0.063,0.010,0.093,0.064,0.113,0.112,0.030,0.010,0.064,-0.000,-0.045,-0.012,0.108,0.085,-0.142,0.007,0.000,0.041,-0.089,-0.004,0.037,0.070,0.030,-0.003,-0.029,0.154,0.132,-0.043,0.045,0.127,0.110,0.090,0.017,-0.035,-0.097,-0.114,0.046,0.026,0.057,-0.029,-0.059,-0.002,-0.036,-0.029,-0.016,-0.010,0.011,0.025,-0.009,-0.003,-0.027,-0.028,0.026,0.026,0.038,0.006,0.014,0.013,-0.032,-0.024
9.543,8.196,6.277,6.322,6.877,6.193,5.400,6.858,7.285,6.872,6.365,6.492,7.338,6.715,6.056,6.374,6.852,6.884,6.258,6.851,6.773,6.772,7.308,7.177,6.889,7.377,7.714,7.645,7.669,7.121,7.424,7.418,7.506,7.267,7.715,7.917,7.502,7.699,7.167,7.749,21.614,-0.026,0.024,0.174,0.175,0.208,-0.097,0.019,0.104,-0.155,0.119,0.254,0.029,0.094,0.056,-0.062,-0.144,-0.122,0.023,0.105,0.221,0.052,0.020,0.119,0.027,0.059,0.013,0.068,0.068,-0.010,0.034,0.058,-0.038,-0.049,0.026,0.144,0.122,-0.118,0.008,-0.080,-0.063,-0.112,-0.009,0.007,-0.010,-0.050,-0.119,-0.008,0.197,0.094,-0.032,-0.036,0.074,0.125,0.062,-0.017,-0.025,-0.012,-0.086,0.004,0.001,0.037,-0.026,-0.019,-0.039,-0.029,-0.014,-0.007,-0.073,-0.047,-0.007,0.009,-0.023,-0.027,-0.009,0.037,-0.017,-0.015,0.047,0.006,0.035,-0.034,-0.016
9.390,8.254,6.180,6.368,6.268,5.209,5.571,6.778,7.077,6.856,7.650,7.270,7.457,5.999,6.130,6.445,6.386,6.550,6.303,6.809,7.023,6.553,6.669,7.022,7.471,7.436,7.842,8.163,7.833,7.607,7.919,7.614,7.304,7.522,7.622,7.998,7.235,7.734,7.515,7.812,21.745,-0.082,-0.011,0.119,-0.121,-0.109,-0.197,0.213,0.045,-0.178,-0.060,0.168,0.122,0.066,-0.058,-0.181,-0.151,-0.136,0.096,0.006,0.144,-0.002,-0.027,0.019,0.013,0.035,0.030,-0.136,-0.096,-0.013,-0.031,-0.090,-0.034,-0.056,0.092,0.056,0.025,-0.026,0.040,0.059,-0.105,-0.152,-0.013,-0.031,-0.043,-0.061,-0.081,0.084,0.116,0.033,-0.003,-0.056,-0.040,-0.004,-0.043,-0.009,-0.023,0.034,-0.003,-0.002,-0.042,-0.027,-0.037,0.033,-0.007,-0.005,-0.030,-0.010,-0.065,-0.061,-0.015,-0.006,-0.027,-0.025,-0.004,-0.003,-0.044,-0.067,0.071,0.000,0.023,-0.036,-0.003
9.275,7.905,6.444,5.956,6.026,5.554,6.507,6.940,6.396,6.610,7.311,6.776,7.422,6.324,5.932,6.094,6.381,6.419,6.485,7.191,6.723,6.519,7.063,7.212,7.368,7.043,7.290,7.257,7.169,7.345,7.266,7.352,7.179,7.346,7.618,7.764,7.217,7.459,7.328,7.286,21.202,-0.105,-0.120,-0.052,-0.139,-0.303,-0.017,0.240,0.049,-0.072,-0.126,0.127,0.138,-0.033,-0.086,-0.261,0.089,-0.039,0.014,0.043,0.111,0.031,0.091,-0.007,-0.031,0.008,0.047,-0.218,-0.197,-0.111,-0.038,-0.104,-0.089,-0.033,0.047,-0.036,-0.096,0.064,-0.010,0.079,-0.088,-0.139,0.004,-0.020,-0.105,0.009,-0.023,0.066,-0.036,-0.022,0.066,-0.010,-0.056,-0.058,-0.097,-0.030,0.044,0.067,0.067,-0.013,-0.056,-0.090,-0.000,0.065,-0.008,-0.007,-0.018,0.004,0.017,0.025,0.032,0.016,0.014,0.003,-0.008,-0.030,-0.036,-0.048,0.059,0.002,0.023,0.012,0.014
8.911,7.877,6.435,5.616,5.936,5.024,6.517,7.104,6.580,6.014,6.946,7.226,7.343,6.304,5.319,6.335,6.352,6.752,6.166,7.085,7.000,6.710,6.912,7.115,7.054,7.482,6.673,7.030,7.221,6.981,6.981,7.194,7.343,7.502,7.567,7.628,7.510,7.693,7.761,7.537,21.214,-0.060,-0.099,-0.076,0.016,-0.020,0.233,0.118,0.072,-0.058,-0.048,-0.085,-0.166,-0.257,-0.014,-0.127,0.054,0.037,0.092,-0.043,-0.001,-0.007,0.194,0.092,0.014,-0.030,-0.000,-0.068,-0.062,0.008,0.016,0.012,-0.100,-0.074,-0.037,-0.021,-0.140,0.122,0.017,0.036,-0.124,-0.093,0.011,-0.016,-0.056,0.078,0.067,0.062,-0.095,-0.015,0.078,0.058,-0.015,-0.082,-0.066,-0.019,0.126,0.019,0.058,-0.036,-0.013,-0.094,0.020,0.062,-0.005,0.015,0.000,-0.012,0.102,0.089,0.052,0.030,0.038,0.032,0.006,-0.039,-0.011,0.004,0.017,-0.006,-0.019,0.032,0.007
9.255,7.786,5.887,6.003,5.529,6.203,6.125,6.940,7.175,6.661,7.354,7.204,7.229,6.130,5.156,6.873,6.675,6.854,6.540,7.269,6.940,7.148,7.151,6.975,7.135,7.587,7.206,7.224,7.421,7.243,7.372,7.182,7.323,7.511,7.563,7.623,7.686,7.670,7.438,7.445,21.187,-0.018,-0.033,-0.252,0.154,0.049,0.017,-0.113,-0.019,0.113,0.062,0.099,-0.116,-0.228,-0.115,0.132,0.088,0.129,-0.041,-0.152,-0.155,0.053,0.236,0.040,-0.007,0.001,0.050,0.118,0.175,0.140,0.089,0.078,0.008,-0.079,-0.060,0.000,-0.036,0.106,0.032,0.048,0.007,-0.070,-0.009,-0.007,0.011,0.017,0.102,-0.002,-0.088,-0.050,0.043,0.032,-0.074,-0.030,0.032,0.011,0.132,-0.056,0.006,-0.026,0.034,-0.063,0.021,-0.013,-0.005,0.049,0.020,-0.002,0.097,0.061,0.032,-0.010,0.000,0.050,0.031,-0.003,0.004,0.031,-0.031,-0.003,-0.013,0.049,-0.032
9.098,7.818,6.077,6.427,6.416,6.050,6.352,7.140,6.399,6.591,7.204,6.227,6.267,6.026,5.882,6.325,6.422,6.792,6.060,6.768,6.880,7.207,7.085,7.210,7.435,7.163,7.544,7.871,7.745,7.740,7.927,7.201,6.862,7.254,7.546,7.367,7.613,7.714,7.640,7.113,21.286,-0.072,-0.137,-0.062,0.125,0.049,0.097,-0.087,0.005,0.118,0.134,0.105,-0.163,-0.165,-0.140,0.254,-0.055,0.070,-0.057,0.040,-0.195,0.085,0.210,-0.032,0.074,0.040,-0.031,0.206,0.165,0.124,0.055,0.011,0.078,-0.005,-0.051,-0.019,0.016,0.036,-0.008,-0.022,0.006,-0.151,-0.025,-0.008,0.021,-0.085,0.032,-0.004,-0.040,-0.077,0.020,-0.022,-0.082,0.066,0.124,0.059,0.038,-0.029,-0.036,-0.018,0.088,-0.010,0.004,-0.067,-0.002,0.042,0.031,0.044,0.026,-0.022,-0.047,-0.055,-0.046,0.033,0.062,0.039,0.003,0.020,-0.047,-0.008,-0.014,0.044,-0.054
9.092,7.769,5.361,6.319,6.029,5.125,6.025,6.825,7.054,6.634,7.676,6.695,6.818,5.890,6.310,6.541,6.991,6.195,5.779,6.576,7.050,7.450,7.177,7.130,7.184,7.453,7.445,7.710,7.606,7.413,7.184,7.387,7.024,7.169,7.630,7.714,7.694,7.608,7.630,7.536,20.815,-0.145,-0.133,-0.003,-0.109,0.174,0.040,-0.097,-0.168,0.055,-0.060,-0.336,-0.012,0.079,0.030,0.210,-0.139,-0.024,-0.040,0.170,-0.107,0.092,0.015,0.028,0.186,0.071,0.052,0.128,-0.004,-0.011,-0.106,-0.102,0.070,0.090,0.036,-0.017,-0.020,-0.049,-0.010,0.045,0.091,-0.271,-0.014,-0.001,0.052,-0.100,0.019,0.035,0.010,-0.041,-0.060,-0.059,-0.092,0.051,0.069,0.100,-0.048,-0.003,-0.082,0.005,0.064,0.043,-0.024,-0.093,0.015,0.016,0.029,0.033,-0.040,-0.062,-0.078,-0.055,-0.024,-0.006,0.046,0.048,-0.007,-0.010,-0.039,-0.017,-0.008,0.004,-0.026
8.631,7.202,6.388,6.083,5.933,6.049,6.131,7.186,7.228,6.698,7.311,6.663,6.722,5.724,6.010,6.225,6.543,6.794,6.748,6.458,7.370,7.611,6.739,7.409,7.229,7.393,7.584,7.611,7.746,7.172,7.130,7.481,7.468,7.419,7.436,7.661,7.687,7.682,7.554,7.520,20.643,-0.120,-0.090,-0.094,-0.278,0.080,0.200,-0.092,-0.239,0.072,-0.096,-0.279,0.111,0.208,0.207,0.022,0.022,-0.069,0.002,0.236,-0.076,-0.006,-0.032,0.088,0.128,0.090,0.218,0.058,-0.082,-0.150,-0.159,-0.127,0.032,0.152,0.111,0.001,-0.048,-0.035,-0.003,-0.031,0.054,-0.263,0.013,0.019,-0.021,-0.019,-0.045,-0.051,-0.004,-0.001,-0.083,-0.061,0.013,0.034,-0.019,0.059,-0.071,0.042,-0.052,-0.025,-0.061,0.062,-0.044,-0.066,0.022,-0.050,0.008,0.023,-0.060,-0.022,-0.033,0.012,0.030,-0.032,0.012,0.023,-0.002,-0.006,-0.016,-0.011,0.006,-0.005,0.025
8.764,7.427,5.715,5.629,6.639,6.401,5.753,6.076,7.037,6.308,5.622,6.927,7.398,6.430,6.144,6.229,6.493,6.655,7.047,6.889,7.156,7.023,7.464,7.806,7.594,7.734,7.826,7.336,7.365,6.995,7.261,7.392,7.470,7.607,7.530,7.377,7.404,7.636,7.707,7.698,20.153,-0.062,-0.063,0.023,-0.142,0.128,0.142,-0.062,-0.102,-0.163,-0.118,-0.167,0.004,-0.072,0.211,0.009,0.034,-0.213,-0.045,0.069,0.003,-0.019,-0.107,0.056,0.047,0.122,0.092,-0.007,-0.012,-0.116,-0.077,0.030,-0.000,0.075,0.096,-0.047,-0.055,-0.055,-0.057,0.014,0.003,-0.146,0.017,0.005,-0.007,0.085,-0.109,-0.080,0.018,0.082,-0.072,0.004,0.147,0.002,-0.099,-0.073,-0.039,0.033,0.010,-0.011,-0.120,0.044,-0.021,0.011,-0.022,-0.098,-0.029,-0.036,-0.026,0.047,0.047,0.084,0.074,-0.021,-0.010,-0.013,-0.003,0.021,0.009,0.005,-0.002,-0.022,0.047
8.661,7.537,5.429,5.382,6.510,6.412,6.029,6.319,6.765,6.273,6.835,6.665,7.018,6.789,6.077,6.588,6.327,6.570,6.608,6.231,6.795,7.260,7.382,7.511,7.677,8.110,7.643,7.651,7.116,7.156,7.254,7.357,7.397,7.590,7.600,7.297,7.585,7.686,7.446,7.301,20.302,-0.047,-0.075,-0.182,0.046,-0.150,-0.207,-0.123,-0.034,-0.188,-0.142,0.086,0.000,-0.183,0.062,-0.002,0.067,-0.095,-0.182,-0.214,0.061,-0.080,-0.058,0.063,-0.107,0.054,0.063,-0.029,0.057,0.013,0.102,0.095,-0.046,0.062,0.034,-0.014,0.006,-0.042,-0.041,0.021,0.025,-0.088,-0.003,-0.005,0.023,0.086,-0.105,-0.084,0.031,0.065,-0.026,0.044,0.054,0.000,-0.038,-0.128,-0.011,-0.019,0.050,0.005,-0.070,0.036,-0.002,0.029,-0.046,-0.054,-0.035,-0.074,0.011,0.047,0.089,0.095,0.054,-0.013,-0.019,-0.043,-0.003,0.035,0.022,0.024,0.014,-0.005,0.004
8.770,7.288,5.957,5.958,6.381,5.654,5.766,6.749,6.470,6.258,7.080,6.715,6.311,6.413,6.320,6.529,6.035,6.083,6.196,6.703,7.243,7.093,7.138,7.312,7.569,7.555,7.382,7.632,7.342,7.037,7.270,7.449,7.433,7.566,7.311,7.621,7.469,7.320,7.754,7.660,20.256,-0.096,-0.117,0.008,0.155,-0.257,-0.158,0.010,0.137,-0.176,-0.018,0.216,0.053,-0.222,-0.260,0.025,0.004,0.038,-0.002,-0.206,0.046,0.024,0.081,-0.069,-0.185,-0.058,-0.053,0.040,0.161,0.143,0.183,0.157,0.003,0.087,0.007,-0.022,0.056,0.002,0.036,0.010,-0.002,-0.121,-0.039,-0.015,0.017,0.003,-0.049,-0.005,0.013,0.012,0.050,0.052,-0.038,-0.014,0.087,-0.072,-0.034,-0.022,0.082,0.049,0.034,-0.003,0.002,0.051,-0.004,0.013,-0.019,-0.025,0.022,0.012,0.050,0.033,-0.022,-0.007,-0.008,-0.033,0.026,0.023,0.030,0.028,0.001,-0.007,-0.074
8.394,6.899,5.356,6.150,5.310,5.388,5.510,6.682,6.571,6.012,7.015,6.772,6.350,6.042,5.914,6.412,6.297,6.172,6.101,6.856,6.927,7.288,7.216,7.119,7.514,7.800,7.664,7.749,7.823,7.660,7.601,7.221,7.797,7.611,7.475,7.567,7.444,7.637,7.635,7.664,20.149,-0.117,-0.087,0.027,0.002,-0.252,-0.068,0.028,-0.033,-0.052,0.077,-0.203,0.087,0.094,-0.198,-0.040,-0.061,0.057,0.003,0.022,0.081,-0.039,0.021,-0.078,-0.025,0.004,-0.078,0.090,0.065,0.168,0.186,0.078,-0.036,0.052,-0.060,-0.026,0.073,0.046,0.069,0.041,0.033,-0.255,-0.047,-0.017,0.026,-0.087,0.058,0.030,-0.004,-0.049,0.049,0.058,-0.062,-0.037,0.131,0.049,-0.036,-0.015,0.036,0.068,0.108,-0.018,0.026,0.038,0.018,0.082,-0.008,0.003,0.025,-0.017,-0.019,-0.048,-0.068,0.012,-0.033,-0.013,0.027,-0.004,0.022,-0.004,-0.010,-0.015,-0.094
8.418,7.160,5.790,6.018,5.955,6.123,6.061,6.579,6.252,6.347,6.610,7.139,6.621,5.501,6.351,6.339,6.698,6.843,6.271,6.804,7.211,7.415,7.203,7.077,7.387,7.627,8.015,8.092,7.726,7.658,7.871,7.474,7.704,7.633,7.481,7.525,7.485,7.840,7.661,7.506,19.623,-0.223,-0.133,0.002,-0.106,-0.064,0.049,-0.071,-0.042,0.019,0.032,-0.211,-0.110,0.226,-0.021,-0.140,-0.013,0.119,0.110,0.124,-0.024,-0.031,0.110,0.107,0.072,0.053,0.038,0.042,0.046,0.057,0.046,-0.072,-0.039,0.039,-0.020,0.088,0.025,0.051,0.030,0.007,-0.035,-0.435,-0.010,-0.012,-0.034,-0.099,0.079,-0.026,-0.038,-0.076,0.031,0.006,-0.007,-0.068,0.073,0.145,-0.039,0.009,0.004,0.011,0.060,0.011,0.033,-0.009,0.035,0.086,0.003,0.039,0.000,-0.030,-0.034,-0.076,-0.073,0.022,-0.041,0.008,0.033,-0.027,-0.004,-0.027,-0.020,-0.007,-0.011
8.254,7.168,5.649,5.362,5.464,5.837,6.022,6.240,6.615,6.611,6.057,6.888,7.332,6.252,5.862,6.380,6.282,6.206,6.679,6.588,6.619,7.205,6.961,7.507,7.787,7.684,7.775,7.748,7.763,7.775,7.345,7.163,7.520,7.259,7.384,7.713,7.807,7.772,7.695,7.543,19.342,-0.220,-0.154,-0.051,-0.259,0.045,-0.159,-0.102,-0.189,-0.043,0.123,-0.011,-0.103,0.247,0.189,-0.101,-0.001,0.046,0.104,0.161,0.007,0.077,0.118,0.063,0.173,-0.042,0.033,0.095,0.029,-0.041,-0.072,-0.129,0.037,-0.077,-0.017,0.067,0.004,0.046,-0.056,-0.028,-0.035,-0.404,0.043,0.006,-0.050,-0.022,0.066,-0.030,0.010,-0.053,-0.015,-0.033,0.116,-0.029,-0.050,0.064,0.012,0.004,-0.001,0.011,-0.009,0.026,0.059,-0.031,0.019,0.029,-0.017,0.025,0.001,0.009,-0.012,-0.053,-0.007,0.041,-0.023,0.024,0.019,-0.025,-0.026,-0.022,-0.030,-0.002,0.108
7.727,6.491,5.819,5.823,5.982,5.677,5.154,6.757,6.543,6.121,6.506,6.107,6.950,6.205,5.643,6.481,6.640,6.617,6.525,6.716,7.243,7.683,7.798,7.477,7.696,7.802,7.537,7.864,7.659,7.208,7.038,7.282,7.768,7.643,7.795,7.674,7.545,7.403,7.761,7.545,18.486,-0.092,-0.146,-0.122,-0.210,-0.008,-0.244,-0.116,-0.164,-0.024,-0.012,0.086,-0.193,0.065,0.273,-0.137,0.020,0.064,0.002,0.024,0.139,0.133,-0.013,0.035,0.146,-0.018,0.089,0.039,0.030,0.076,-0.066,-0.104,0.076,-0.055,0.028,0.094,-0.044,-0.020,-0.036,-0.056,-0.002,-0.104,0.055,0.029,-0.076,0.024,0.020,0.012,0.071,-0.014,-0.003,-0.011,0.111,0.044,-0.117,-0.044,0.086,-0.013,-0.022,-0.011,-0.030,0.046,0.027,-0.084,-0.018,-0.006,-0.005,-0.014,0.006,0.007,0.013,0.011,0.038,0.013,-0.008,0.019,-0.019,0.005,-0.014,-0.000,-0.016,0.015,0.157
7.640,6.463,5.086,4.953,5.520,4.818,5.451,5.646,6.210,6.740,7.014,6.775,7.419,6.634,5.761,6.338,6.554,6.802,6.778,6.935,7.297,7.744,7.235,7.786,7.151,7.878,8.379,8.008,7.650,7.526,7.371,7.501,7.381,7.521,7.653,7.511,7.642,7.576,7.444,7.471,18.698,0.034,-0.051,-0.162,-0.054,0.050,-0.070,0.099,-0.234,-0.107,-0.069,0.232,-0.016,-0.074,-0.026,0.017,-0.056,0.081,0.115,0.026,0.129,0.172,-0.071,0.051,0.083,-0.048,0.021,0.099,0.118,0.099,-0.024,0.060,0.113,-0.015,0.035,0.067,-0.017,-0.049,-0.008,-0.077,0.008,0.117,0.011,0.044,-0.004,0.071,0.013,0.087,0.073,0.073,0.037,-0.001,0.055,0.056,-0.135,-0.124,0.115,-0.010,-0.008,-0.019,-0.011,0.010,-0.022,-0.065,0.022,-0.035,0.036,-0.020,-0.016,-0.021,-0.004,0.047,0.034,-0.035,0.009,0.021,-0.021,0.016,0.005,0.005,0.011,0.020,0.044
8.262,6.784,5.460,5.174,5.886,5.413,5.764,6.056,6.335,6.224,6.562,6.233,6.902,6.674,5.717,6.459,6.882,6.554,6.343,7.325,7.537,7.080,7.240,7.666,7.612,7.974,7.907,8.114,8.160,7.451,7.337,7.685,7.501,7.642,7.817,7.404,7.468,7.757,7.507,7.531,19.424,-0.075,-0.039,-0.324,-0.089,0.035,0.064,0.184,-0.089,0.036,0.071,0.225,0.066,-0.201,-0.133,0.230,-0.049,-0.008,0.051,0.040,0.143,0.057,-0.213,0.022,0.086,0.029,-0.024,0.071,0.036,0.053,0.078,0.023,-0.012,-0.032,0.050,-0.007,0.059,0.028,0.004,-0.048,0.019,0.088,-0.034,0.023,0.073,0.074,-0.015,0.046,-0.002,0.105,0.050,0.056,0.008,0.064,-0.063,-0.098,0.079,0.006,0.006,0.004,0.034,-0.039,-0.045,0.024,0.020,-0.036,0.035,-0.028,-0.004,-0.051,-0.058,0.048,0.013,-0.047,0.006,0.004,-0.025,0.019,0.015,0.002,0.012,0.022,-0.084
8.158,6.765,5.019,5.415,5.763,5.620,6.212,5.420,6.183,6.217,7.186,6.746,6.983,5.888,5.912,6.111,6.567,6.811,6.901,6.928,7.333,7.149,7.493,7.830,7.589,7.703,8.085,8.214,8.006,7.535,7.495,7.526,7.577,7.435,7.708,7.764,7.602,7.557,7.436,7.590,19.459,-0.173,0.014,0.031,0.038,0.088,0.122,0.114,0.138,0.111,0.078,0.194,0.046,-0.294,-0.230,0.291,-0.017,0.039,-0.014,0.100,0.053,0.006,-0.105,0.177,0.029,0.116,-0.011,-0.002,-0.081,-0.050,0.089,-0.021,-0.095,-0.045,0.076,0.013,0.031,0.047,-0.051,0.023,0.053,-0.281,-0.015,0.018,0.141,0.073,-0.019,-0.001,-0.062,0.123,0.051,0.027,-0.066,0.031,0.021,0.026,-0.014,0.024,0.017,-0.020,0.025,-0.035,-0.034,0.080,-0.007,-0.024,0.035,-0.013,-0.038,-0.066,-0.049,0.021,-0.012,-0.006,0.007,-0.017,-0.006,-0.018,-0.008,0.009,0.004,0.009,-0.097
7.094,6.143,4.233,5.149,6.033,5.594,5.693,6.425,6.736,6.739,7.543,6.450,6.164,5.914,6.717,6.348,6.595,6.867,6.665,7.433,7.511,6.915,7.781,7.887,7.624,7.770,8.040,7.943,7.745,7.596,7.091,7.210,7.509,7.936,7.731,7.844,7.707,7.433,7.527,7.582,18.547,-0.158,-0.063,0.147,0.112,-0.100,-0.110,-0.135,0.176,0.119,0.195,0.144,0.096,-0.142,-0.118,0.123,0.031,0.113,0.085,0.157,-0.019,-0.010,0.125,0.073,-0.005,0.074,-0.035,0.068,-0.124,-0.140,0.117,0.001,-0.054,-0.012,0.025,-0.002,0.025,0.009,-0.004,-0.047,0.084,-0.326,0.016,0.007,0.138,0.068,-0.018,-0.004,-0.052,0.025,-0.009,-0.041,-0.109,-0.030,0.073,0.066,-0.094,0.030,0.024,-0.021,0.009,-0.046,-0.021,0.090,-0.052,-0.039,0.001,-0.013,-0.038,-0.004,-0.002,-0.027,0.016,0.052,0.032,-0.040,0.009,-0.042,-0.036,0.015,-0.003,-0.022,-0.027
7.358,6.852,5.853,5.156,5.888,5.339,6.055,6.150,6.566,6.874,7.493,6.895,6.320,5.866,6.716,6.306,6.894,6.575,7.118,7.146,7.341,7.302,7.850,7.820,7.726,7.927,8.304,7.689,7.607,7.899,7.387,7.263,7.150,7.752,7.762,7.444,7.756,7.482,7.547,7.710,17.733,0.003,0.051,0.308,0.213,0.022,0.012,-0.054,0.250,0.106,0.006,-0.060,0.126,0.003,0.095,-0.000,0.023,0.106,-0.002,0.095,0.035,0.035,0.161,-0.010,0.011,0.107,-0.039,-0.088,-0.132,-0.050,0.062,0.010,0.102,0.010,-0.036,0.032,-0.091,-0.079,0.040,-0.058,0.022,-0.161,-0.010,-0.028,0.004,0.007,-0.020,-0.005,-0.019,-0.049,-0.055,-0.083,-0.111,-0.090,0.068,0.070,-0.087,0.010,-0.007,-0.009,-0.033,-0.017,-0.031,0.004,-0.086,-0.027,-0.038,-0.013,-0.036,0.044,0.041,-0.051,0.014,0.043,0.034,-0.031,0.007,-0.015,-0.024,0.009,0.011,-0.047,0.019
7.871,6.423,5.781,5.866,5.321,5.002,5.170,6.572,6.740,6.868,7.126,6.637,6.525,6.097,5.927,6.517,7.283,7.096,7.019,7.120,7.486,7.628,7.425,7.647,7.913,7.688,8.139,7.757,7.659,7.856,7.397,7.549,7.656,7.609,7.778,7.688,7.438,7.776,7.217,7.892,18.659,-0.082,-0.021,0.226,0.165,-0.022,0.098,0.009,-0.018,-0.006,-0.097,-0.195,-0.125,0.015,0.036,-0.093,0.082,0.078,-0.059,0.088,-0.079,-0.060,0.104,-0.142,-0.101,0.041,-0.076,-0.075,0.042,0.044,-0.044,0.089,0.148,0.098,-0.093,0.030,-0.089,-0.090,0.036,-0.024,-0.077,-0.105,-0.022,-0.005,-0.040,-0.066,0.008,0.011,0.040,-0.091,-0.092,-0.067,-0.037,-0.084,0.030,0.034,-0.024,-0.002,-0.027,-0.025,-0.074,-0.007,-0.034,-0.065,-0.047,-0.025,-0.048,0.001,-0.032,0.035,0.032,-0.055,-0.002,-0.004,-0.008,-0.011,0.001,0.003,0.017,-0.019,0.038,-0.044,-0.014
7.786,6.878,5.785,6.120,6.227,5.978,6.204,6.594,6.711,6.181,7.093,7.285,6.820,6.270,6.305,6.143,6.754,6.687,7.201,7.261,7.521,7.596,7.621,8.005,7.978,7.550,7.595,7.649,7.798,7.717,7.392,7.864,7.553,7.418,7.845,7.388,7.341,7.587,7.299,7.545,18.598,-0.264,-0.147,0.009,0.045,-0.049,-0.005,-0.053,-0.008,-0.099,-0.193,-0.194,-0.294,-0.031,0.043,-0.035,0.008,0.020,0.014,-0.028,-0.002,-0.126,-0.074,-0.143,-0.060,-0.056,-0.054,-0.108,0.057,0.060,-0.083,0.005,0.019,0.072,-0.018,0.035,0.011,-0.021,-0.027,0.067,-0.099,-0.297,0.008,0.003,-0.050,-0.063,-0.020,-0.085,-0.036,-0.091,-0.088,0.007,0.046,-0.029,0.012,0.014,-0.008,-0.008,-0.026,0.002,-0.088,-0.016,-0.001,-0.054,0.012,-0.011,-0.025,0.017,0.016,0.016,-0.010,-0.027,-0.003,-0.039,-0.027,0.017,-0.014,0.044,0.040,-0.013,0.041,-0.005,-0.006
6.471,6.027,5.395,5.494,5.752,5.762,5.663,6.115,6.632,6.603,6.767,5.630,5.987,5.893,6.455,6.838,7.055,6.514,7.064,6.982,7.120,7.288,7.186,7.291,7.706,7.580,8.021,8.174,7.871,7.465,7.536,7.650,7.797,7.636,7.839,7.429,7.462,7.558,7.533,7.281,17.591,-0.132,0.011,0.096,-0.135,-0.025,-0.047,0.067,-0.148,-0.238,-0.039,0.026,-0.115,0.027,0.079,0.019,0.028,0.023,-0.048,-0.153,-0.036,-0.100,-0.085,-0.098,-0.094,-0.083,-0.022,-0.084,-0.043,-0.038,-0.083,-0.004,-0.033,-0.082,-0.041,-0.000,-0.010,0.067,-0.067,0.081,-0.073,-0.325,0.087,0.008,-0.030,0.006,0.039,-0.069,-0.069,-0.023,-0.037,0.044,0.091,0.096,0.038,0.030,-0.010,-0.028,-0.022,0.019,-0.070,0.012,0.045,0.009,0.068,0.028,0.006,0.013,0.015,-0.019,-0.038,-0.004,-0.015,-0.025,-0.041,0.010,-0.010,0.040,0.017,0.010,0.020,0.031,0.048
6.740,6.316,6.093,5.569,5.425,4.936,5.543,6.339,6.124,6.043,6.703,5.929,6.434,6.180,6.274,6.185,7.107,6.934,6.956,7.205,6.896,7.101,7.253,7.701,7.549,7.713,7.821,7.765,7.802,7.680,7.341,7.305,7.437,7.649,7.904,7.630,7.639,7.454,7.725,7.518,16.782,0.071,0.051,0.122,0.048,-0.076,-0.338,-0.263,-0.140,-0.220,0.013,0.061,-0.021,0.056,0.141,-0.095,0.008,0.005,0.002,-0.224,-0.068,0.049,-0.016,0.028,-0.046,0.043,0.020,-0.005,-0.010,-0.060,-0.054,0.044,-0.002,-0.035,0.022,-0.021,0.092,0.041,0.027,0.092,-0.005,-0.081,0.066,0.000,-0.019,0.011,0.052,0.001,-0.066,-0.013,0.028,0.045,0.066,0.112,0.013,0.004,-0.022,-0.009,-0.014,-0.009,0.003,0.009,0.070,0.063,0.038,0.019,0.021,0.006,0.038,0.014,-0.029,-0.009,-0.011,0.007,0.000,0.011,0.003,0.007,-0.013,0.023,-0.018,0.023,0.080
7.733,6.761,6.104,5.467,5.599,5.287,5.833,5.958,5.842,6.743,7.454,6.737,6.855,6.538,6.039,6.635,7.220,6.734,6.375,6.970,7.299,7.450,7.120,7.332,7.712,7.494,7.605,7.485,7.469,7.460,7.402,7.661,7.305,7.289,7.746,7.519,7.627,7.507,7.411,7.540,17.942,0.185,-0.081,0.022,0.196,0.185,-0.082,-0.231,-0.067,-0.132,0.022,0.132,0.218,0.159,0.135,-0.115,-0.060,-0.023,0.039,-0.163,0.012,0.080,0.121,0.113,0.032,0.023,-0.048,-0.050,-0.020,-0.083,-0.080,-0.006,0.033,-0.054,-0.064,0.008,0.069,-0.035,0.058,0.066,0.032,0.029,-0.053,-0.014,-0.031,-0.013,0.025,0.052,-0.040,0.031,0.062,-0.052,-0.045,0.019,-0.049,-0.071,0.011,-0.007,-0.012,0.016,0.090,0.022,0.018,0.029,-0.010,0.020,0.000,0.026,0.033,0.028,-0.010,-0.002,-0.019,-0.005,0.028,0.028,0.011,-0.013,-0.021,0.009,-0.029,0.010,-0.038
7.511,6.768,6.039,6.374,5.922,4.526,4.802,5.973,6.005,6.173,7.056,6.624,6.667,6.653,6.039,6.285,6.695,6.588,6.424,6.925,7.674,7.436,7.796,7.752,8.191,7.694,7.775,7.946,7.698,7.448,7.678,7.850,7.624,7.701,7.786,7.804,7.463,7.748,7.820,7.392,18.018,-0.091,-0.098,-0.049,-0.065,0.103,0.016,-0.235,-0.116,-0.015,0.004,0.085,0.098,-0.030,0.036,-0.076,0.009,-0.025,-0.077,-0.007,0.021,0.135,0.137,-0.058,-0.025,-0.002,-0.009,0.066,0.117,-0.061,-0.127,-0.050,0.021,0.058,0.048,0.047,0.009,-0.037,0.024,-0.013,-0.037,-0.074,-0.132,0.021,-0.026,-0.094,-0.058,0.098,0.094,0.055,0.054,-0.080,-0.107,-0.028,-0.072,-0.100,0.050,0.020,0.013,0.039,0.104,0.007,-0.025,-0.026,-0.059,-0.018,-0.036,0.025,0.011,-0.021,-0.008,0.015,-0.021,-0.026,0.005,0.022,-0.009,-0.050,0.012,-0.021,-0.047,-0.001,-0.130
7.012,5.396,5.531,6.072,6.429,5.557,4.881,5.961,6.031,6.648,7.249,6.375,6.665,6.330,5.996,6.487,7.148,6.884,6.513,7.184,7.131,7.727,7.479,7.426,7.497,7.347,7.793,7.983,7.506,7.183,7.340,7.545,7.435,7.288,7.938,7.685,7.375,7.703,7.816,7.505,17.119,-0.314,0.019,0.025,-0.143,0.012,0.038,-0.150,-0.005,-0.033,-0.293,-0.211,-0.083,-0.175,-0.225,0.066,-0.007,-0.022,0.072,0.188,0.031,-0.054,-0.017,-0.105,-0.002,-0.058,0.124,0.045,0.033,-0.086,-0.056,-0.052,-0.072,0.011,0.084,0.023,-0.033,0.001,-0.023,-0.013,-0.007,-0.517,-0.076,0.086,0.010,-0.101,-0.120,0.030,0.113,0.064,0.051,-0.068,-0.108,-0.032,-0.067,-0.080,0.037,0.022,0.024,0.026,0.035,-0.032,-0.027,-0.070,-0.032,-0.024,-0.014,0.040,0.004,-0.043,0.008,0.022,0.000,-0.023,0.005,0.020,-0.042,-0.029,0.049,-0.013,-0.037,0.007,-0.045
6.643,6.507,6.136,4.941,5.528,4.881,4.845,5.759,5.956,6.110,7.231,6.603,6.377,6.463,5.916,6.306,7.018,6.475,6.851,7.202,7.656,7.648,6.781,7.528,7.646,7.743,8.056,8.103,7.479,7.183,7.121,7.470,7.663,7.888,8.044,7.593,7.582,7.476,7.457,7.351,16.823,-0.339,0.106,-0.010,-0.254,-0.279,0.093,0.168,0.105,0.001,-0.231,-0.300,-0.013,-0.136,-0.177,0.065,0.080,0.070,0.182,0.119,-0.043,-0.010,-0.075,-0.158,-0.118,-0.098,0.060,0.003,-0.142,-0.101,0.009,-0.039,-0.082,-0.042,0.057,-0.074,-0.108,0.082,-0.039,-0.103,0.011,-0.457,0.077,0.051,0.005,0.011,-0.058,0.019,0.112,0.056,0.016,-0.006,-0.054,0.010,0.012,0.011,0.016,0.010,0.007,0.007,-0.049,-0.031,-0.032,-0.044,0.049,0.022,0.016,-0.007,-0.037,-0.044,0.027,0.032,0.014,0.008,-0.007,-0.041,-0.039,0.002,0.029,0.007,-0.008,0.019,0.117
6.596,6.985,6.178,5.468,5.856,5.302,5.063,6.039,5.700,5.312,6.312,6.334,6.125,5.507,6.430,6.587,6.950,7.149,7.100,6.984,7.036,7.261,7.100,7.434,7.695,8.090,7.688,7.574,7.148,7.312,7.419,7.493,7.339,7.615,7.730,7.459,7.575,7.529,7.529,7.528,15.953,-0.069,0.245,0.050,-0.213,-0.223,0.029,0.135,0.144,0.117,-0.201,-0.216,0.115,-0.121,-0.159,-0.002,0.013,0.051,0.041,-0.051,-0.117,0.018,-0.124,0.003,-0.042,0.001,0.119,0.000,-0.103,-0.025,-0.040,-0.010,-0.031,0.021,0.031,-0.144,-0.019,0.149,0.023,-0.075,0.045,-0.005,0.111,-0.043,-0.026,0.066,0.003,-0.026,0.049,-0.004,-0.016,0.082,0.062,0.041,0.080,0.113,-0.033,-0.012,-0.011,-0.095,-0.104,-0.019,-0.016,0.007,0.061,0.039,0.017,-0.039,-0.022,0.011,0.042,0.026,0.012,0.032,0.027,-0.040,0.001,0.024,-0.023,0.014,0.007,0.002,0.234
6.022,6.502,5.667,5.405,4.815,5.117,5.548,6.456,6.177,5.685,6.024,6.580,6.258,6.180,6.147,6.636,7.142,7.368,6.724,6.810,7.673,7.293,7.194,7.156,7.601,7.625,7.841,7.438,7.373,7.429,7.441,7.468,7.463,7.825,7.521,7.377,7.774,7.641,7.447,7.433,16.314,0.172,0.042,-0.038,0.024,-0.069,0.117,0.182,0.090,-0.011,-0.070,-0.185,0.048,0.003,0.060,0.036,0.051,-0.026,-0.025,-0.134,-0.062,-0.063,-0.030,0.133,0.104,0.049,-0.042,-0.095,-0.037,0.043,0.027,0.001,0.039,0.016,-0.130,-0.066,0.010,0.034,0.035,-0.024,0.031,0.256,0.088,-0.104,-0.054,0.101,0.087,-0.049,-0.060,-0.051,-0.052,0.099,0.097,-0.028,0.082,0.091,-0.027,-0.019,-0.047,-0.124,-0.051,0.022,-0.028,0.030,0.052,0.052,0.005,-0.035,-0.003,0.052,0.039,0.029,0.012,0.036,0.021,-0.007,0.058,0.038,-0.058,0.007,0.030,-0.003,0.141
6.978,6.622,6.018,4.776,5.669,5.584,5.204,6.334,6.505,5.857,6.772,6.959,6.121,5.679,5.872,6.389,7.343,6.641,6.320,6.795,7.210,7.287,7.286,7.402,7.524,8.000,7.903,7.800,7.435,6.863,7.129,7.390,7.641,7.473,7.481,7.700,8.024,7.734,7.446,7.690,17.347,-0.015,-0.166,-0.094,0.047,-0.076,-0.106,0.090,-0.019,-0.109,0.036,0.040,0.091,0.155,0.223,-0.086,-0.055,-0.029,-0.297,-0.205,-0.056,-0.107,-0.006,0.056,0.081,-0.045,-0.022,-0.018,0.034,0.054,0.064,-0.012,0.029,0.118,-0.023,0.025,0.029,-0.090,0.011,-0.017,-0.005,0.294,0.009,-0.113,-0.061,0.070,0.069,-0.055,-0.066,-0.042,-0.055,0.098,0.094,-0.061,0.046,0.043,-0.004,0.000,-0.032,-0.039,0.041,0.034,0.003,0.054,0.003,0.006,-0.011,-0.038,0.012,0.042,0.031,0.055,0.011,0.008,-0.015,0.033,0.065,0.015,-0.061,-0.010,0.029,-0.009,0.010
7.310,6.898,6.027,5.409,5.278,5.326,5.684,6.063,5.499,5.486,6.078,6.532,6.395,6.675,6.374,6.661,6.691,6.603,6.569,6.984,7.255,7.484,7.353,8.063,7.979,7.578,7.472,7.806,7.551,7.541,7.270,7.716,7.589,7.307,7.840,7.523,7.527,7.550,7.377,7.426,17.406,0.071,-0.207,-0.206,0.119,0.084,-0.083,-0.108,-0.067,-0.144,0.146,0.057,-0.141,0.136,0.087,-0.029,0.020,-0.126,-0.269,-0.060,0.038,-0.086,0.015,0.077,0.081,-0.049,-0.044,-0.005,0.048,0.054,0.104,0.019,0.068,0.013,0.049,0.133,0.058,-0.090,0.003,0.018,0.020,0.096,0.010,-0.027,-0.002,-0.021,0.061,-0.025,-0.049,0.017,0.020,0.068,0.072,-0.046,-0.031,-0.065,-0.007,-0.011,0.005,0.042,0.079,0.008,0.039,0.006,-0.035,-0.040,-0.001,-0.015,0.024,0.019,0.009,0.014,0.005,-0.022,-0.030,0.067,0.017,-0.009,-0.001,0.004,0.019,0.005,-0.006
5.877,5.956,5.529,5.702,5.244,4.668,5.445,6.139,5.493,5.589,6.484,6.811,6.829,6.374,5.888,6.300,7.032,6.044,6.154,6.618,6.709,7.133,7.303,7.386,7.281,8.004,7.782,7.562,7.330,7.574,7.446,7.512,7.866,7.760,7.694,7.529,7.246,7.631,7.481,7.507,16.875,0.026,-0.195,-0.172,0.089,0.047,-0.144,-0.051,0.011,-0.091,0.181,0.131,-0.093,0.043,0.045,0.010,0.030,-0.058,-0.032,0.118,0.001,0.042,0.123,0.044,-0.001,-0.003,-0.071,0.016,0.067,0.123,0.196,0.035,-0.006,-0.051,0.108,0.082,0.033,-0.093,-0.011,0.049,0.007,0.122,0.065,0.084,0.056,-0.065,0.032,0.068,0.039,0.054,0.060,0.016,0.027,-0.024,-0.093,-0.080,0.016,0.003,0.037,0.127,0.090,0.005,0.046,-0.024,-0.017,-0.011,0.048,-0.011,-0.000,-0.006,0.002,-0.011,-0.002,-0.021,-0.045,0.011,-0.018,-0.026,0.045,0.006,0.003,0.011,0.027
6.928,5.802,4.880,5.538,5.450,5.159,4.886,6.218,5.961,6.547,6.454,5.947,6.584,6.267,5.994,6.781,6.666,6.319,6.508,7.090,7.493,7.445,7.569,7.570,7.478,7.400,7.875,7.800,7.698,7.592,7.378,7.746,7.413,7.926,8.078,7.753,7.715,7.710,7.519,7.624,17.032,0.204,-0.080,-0.010,-0.104,0.174,0.010,0.009,0.160,0.079,0.199,0.131,-0.090,-0.096,-0.179,-0.048,-0.046,0.014,0.055,0.098,-0.050,0.058,-0.067,-0.035,-0.055,0.023,-0.094,0.010,0.040,0.052,0.032,0.000,-0.056,-0.051,0.137,-0.009,-0.035,0.028,0.066,0.040,0.050,0.309,-0.025,0.112,0.075,-0.097,-0.040,0.068,0.071,0.019,0.051,-0.071,-0.009,0.042,-0.048,-0.022,-0.002,-0.019,0.045,0.065,0.009,-0.013,0.006,-0.031,-0.018,-0.027,0.017,0.012,0.010,-0.023,-0.033,-0.046,-0.016,-0.043,-0.004,-0.039,-0.058,-0.036,0.036,-0.014,-0.015,0.001,-0.044
7.298,6.195,5.732,5.154,5.817,4.948,5.347,6.311,5.818,6.232,7.239,6.787,6.242,6.109,6.114,6.481,7.063,6.622,6.939,6.747,7.301,7.920,7.396,7.643,7.760,7.735,7.779,8.136,7.976,7.818,7.250,7.346,7.475,7.701,7.773,7.751,7.467,7.598,7.620,7.626,18.145,0.245,0.189,0.088,-0.168,0.038,0.189,0.228,0.136,0.078,0.089,0.137,-0.053,-0.192,-0.043,0.005,-0.005,0.089,0.177,0.165,0.014,0.049,-0.086,0.028,0.094,0.160,-0.054,-0.028,0.007,0.064,0.045,-0.013,-0.015,-0.077,-0.011,0.007,-0.053,0.076,0.009,-0.012,0.035,0.321,-0.100,0.070,0.028,-0.026,-0.067,0.034,-0.006,-0.031,0.049,-0.079,-0.043,0.039,0.009,-0.009,-0.025,0.003,0.002,-0.012,-0.063,0.011,-0.023,-0.025,-0.011,-0.044,-0.039,0.038,0.039,-0.015,-0.062,-0.069,-0.027,-0.008,0.016,-0.055,-0.035,-0.019,0.027,-0.014,-0.020,-0.005,-0.223
7.618,6.378,5.874,5.164,5.861,5.237,5.778,6.777,5.732,6.161,6.354,6.092,6.207,5.913,6.018,6.342,6.745,6.587,6.665,6.671,7.250,6.756,7.131,7.659,7.856,7.243,7.523,7.719,7.490,7.578,7.370,7.517,7.528,8.023,7.754,7.236,7.555,7.895,7.507,7.616,18.317,-0.165,0.163,0.040,-0.235,-0.113,0.092,0.108,-0.032,0.026,-0.166,0.010,0.050,0.014,0.022,-0.037,-0.059,0.027,-0.049,-0.041,-0.032,-0.060,-0.035,-0.004,-0.102,-0.047,0.008,0.064,-0.037,-0.081,-0.052,-0.037,-0.142,0.005,-0.087,-0.120,-0.080,0.008,-0.076,-0.029,0.011,-0.225,-0.156,-0.023,0.000,0.060,-0.077,-0.040,-0.095,-0.061,0.022,-0.054,-0.026,0.029,0.045,0.042,-0.008,0.022,-0.040,-0.053,-0.076,0.024,-0.013,0.044,0.000,-0.038,-0.049,0.068,0.055,0.017,-0.037,-0.037,-0.014,0.013,0.019,-0.044,-0.015,0.020,0.002,-0.017,-0.004,-0.035,-0.310
6.758,6.612,5.470,5.048,5.231,5.572,6.140,6.537,6.000,6.228,7.217,6.475,6.058,6.338,5.898,6.496,7.436,6.795,6.901,6.900,7.073,7.047,7.662,7.812,7.893,7.813,7.820,7.636,7.752,7.806,7.383,7.551,7.423,7.656,7.893,7.522,7.706,7.584,7.425,7.688,17.836,-0.288,0.032,-0.058,0.026,-0.143,-0.016,-0.132,-0.049,0.181,-0.032,-0.024,0.029,0.031,-0.100,-0.121,0.053,-0.057,-0.039,-0.129,0.048,-0.013,-0.018,-0.026,-0.197,-0.160,0.070,0.182,0.032,-0.120,-0.109,-0.082,-0.004,0.001,-0.056,-0.038,-0.041,0.051,-0.009,-0.016,-0.000,-0.725,-0.089,-0.100,-0.007,0.086,-0.028,-0.074,-0.108,-0.022,-0.002,0.004,-0.042,-0.028,0.051,0.027,0.020,-0.018,-0.093,-0.058,-0.040,-0.005,-0.036,0.015,-0.033,-0.006,-0.044,0.034,0.029,0.024,-0.002,-0.013,0.009,0.034,0.017,0.010,0.006,0.026,-0.022,0.004,0.011,-0.039,-0.181
6.371,6.408,5.210,4.416,5.178,5.305,5.032,5.946,5.998,5.721,6.515,6.353,6.747,6.262,5.915,6.480,6.613,5.987,6.323,6.854,7.308,7.706,7.414,6.973,7.175,7.400,8.174,7.865,7.404,7.337,7.129,6.934,7.467,7.514,7.418,7.467,7.634,7.339,7.471,7.647,16.061,-0.309,-0.115,0.063,0.099,-0.119,-0.089,-0.285,-0.052,0.137,-0.008,0.081,0.014,0.016,0.059,-0.026,0.037,-0.113,-0.102,-0.135,0.052,0.024,0.118,-0.007,-0.099,-0.062,0.183,0.178,0.113,-0.042,-0.076,-0.034,0.002,0.004,-0.061,-0.062,0.058,0.049,-0.009,0.021,-0.106,-0.718,0.053,-0.115,-0.014,0.082,0.019,-0.024,0.020,0.013,-0.041,0.056,0.003,-0.058,0.001,0.051,0.052,-0.042,-0.059,0.008,0.044,-0.005,-0.064,-0.064,-0.025,0.076,0.032,0.005,-0.043,0.001,0.049,0.028,0.044,0.064,-0.011,0.030,0.047,0.023,-0.012,0.014,0.016,-0.020,0.137
6.483,6.342,5.772,5.658,5.446,4.832,5.061,6.483,6.591,6.292,7.037,6.802,6.127,5.434,5.561,6.677,6.847,6.725,6.465,6.897,7.206,7.354,7.125,6.999,7.299,8.008,8.362,8.223,7.416,7.395,6.961,7.619,7.510,7.674,7.750,7.431,7.685,7.830,7.560,7.608,15.650,-0.128,-0.171,0.040,0.095,-0.098,-0.091,-0.116,0.035,0.015,0.031,-0.109,-0.173,0.062,0.076,0.097,-0.145,-0.305,-0.084,0.013,-0.052,-0.173,-0.086,-0.136,0.062,-0.050,0.026,0.059,0.052,0.032,-0.007,0.031,0.086,0.008,0.025,0.007,0.009,-0.054,-0.007,0.019,-0.100,-0.339,0.134,-0.054,-0.023,0.005,0.023,0.006,0.112,-0.004,-0.077,0.033,-0.002,-0.060,0.020,0.059,0.041,-0.079,-0.023,0.017,0.072,-0.006,-0.063,-0.065,0.009,0.081,0.053,-0.047,-0.105,-0.066,0.048,0.030,0.045,0.014,-0.020,0.011,0.020,0.004,-0.021,-0.014,0.009,0.015,0.367
6.212,5.939,6.039,5.355,5.158,5.161,4.892,6.542,6.119,6.090,6.850,6.000,6.253,6.659,6.056,6.436,6.474,6.110,6.209,6.934,7.302,7.192,7.363,7.570,7.844,8.062,8.143,7.991,7.449,7.405,7.409,7.492,7.503,7.710,7.515,7.572,7.809,7.727,7.543,7.127,15.821,0.017,-0.309,-0.079,0.139,-0.040,0.011,0.202,-0.010,-0.096,0.082,0.066,-0.140,0.005,0.190,0.115,-0.172,-0.142,0.015,0.109,-0.005,-0.302,-0.319,-0.074,0.149,0.060,0.056,-0.089,-0.039,0.089,0.039,0.128,0.135,-0.051,0.022,0.094,0.012,-0.002,-0.007,0.031,-0.039,0.268,0.175,0.023,-0.062,-0.003,0.076,0.037,0.125,-0.013,-0.017,0.019,-0.020,-0.008,0.013,-0.042,-0.015,-0.027,0.048,0.044,0.052,0.005,0.009,-0.004,0.047,0.012,0.029,-0.067,-0.088,-0.075,0.034,0.024,-0.000,-0.018,-0.009,-0.009,-0.004,-0.018,-0.022,-0.005,0.004,0.069,0.386
6.200,5.994,5.257,5.053,4.750,5.190,5.628,6.415,6.013,6.197,6.504,5.788,6.615,6.518,6.313,5.792,5.982,6.312,7.023,6.599,6.209,6.872,7.007,7.825,7.307,7.612,8.132,7.833,7.888,7.736,7.399,7.701,7.445,7.685,7.881,7.514,7.351,7.357,7.485,7.450,16.263,0.217,-0.142,-0.101,0.031,-0.069,-0.038,0.185,-0.091,-0.088,0.088,-0.028,-0.195,0.136,0.128,0.012,-0.239,-0.157,-0.014,0.112,0.045,-0.165,-0.126,0.051,0.084,0.042,-0.099,-0.209,-0.221,0.054,-0.014,0.063,0.001,-0.071,-0.044,-0.014,0.000,-0.031,-0.082,0.023,0.039,0.615,0.135,0.069,-0.006,0.014,0.094,0.015,0.022,-0.033,0.015,-0.020,0.011,0.039,-0.025,-0.100,-0.060,0.076,0.135,0.049,-0.014,0.017,0.125,0.108,0.072,-0.037,0.030,-0.016,-0.041,-0.029,-0.014,0.004,-0.038,-0.049,0.023,-0.025,-0.033,-0.007,0.015,0.018,0.001,0.051,0.239
6.599,5.037,5.071,5.411,5.325,5.180,5.758,5.930,5.808,6.180,7.112,6.159,6.527,6.668,6.113,6.064,6.334,6.268,6.589,6.977,6.298,6.350,7.102,7.303,7.470,7.879,7.845,7.863,7.615,7.360,7.548,7.570,7.244,7.617,7.821,7.484,7.791,7.539,7.665,7.530,17.093,0.394,-0.012,-0.177,0.114,0.248,0.069,0.188,-0.052,0.102,0.060,-0.060,-0.014,0.046,-0.176,-0.059,-0.052,0.055,0.082,0.077,0.028,0.065,0.118,0.133,-0.050,0.036,-0.088,-0.126,-0.127,0.115,0.048,-0.052,-0.047,-0.001,-0.071,-0.071,-0.026,-0.074,0.005,0.040,0.172,0.735,0.036,0.116,0.053,-0.007,0.058,-0.017,-0.079,-0.019,0.015,-0.025,-0.014,0.030,-0.053,-0.118,-0.034,0.113,0.106,0.021,-0.046,-0.007,0.139,0.146,0.012,-0.030,-0.003,-0.003,0.029,0.010,-0.054,0.007,-0.039,-0.038,0.051,-0.004,-0.021,-0.003,0.002,0.016,-0.007,0.010,0.002
7.376,6.081,5.753,5.787,5.017,4.635,5.555,6.333,6.308,6.685,6.767,5.750,6.672,6.071,5.591,5.667,6.131,6.578,6.835,7.101,6.884,7.146,7.511,7.551,7.697,7.605,7.468,7.182,7.605,7.345,7.207,7.584,7.285,7.499,7.526,7.475,7.541,7.512,7.615,7.601,18.091,0.358,0.026,0.059,0.180,0.228,-0.046,0.001,-0.110,-0.011,-0.059,0.009,-0.041,-0.082,-0.242,-0.118,0.173,0.273,0.125,-0.041,0.014,0.267,0.234,0.119,-0.025,0.112,0.020,-0.126,-0.047,-0.049,0.007,-0.067,-0.067,0.099,-0.051,-0.074,-0.005,0.059,0.076,0.021,0.050,0.623,-0.111,0.036,0.049,-0.048,0.012,0.012,-0.084,-0.003,-0.023,-0.032,0.011,0.056,-0.064,-0.029,0.036,0.127,0.097,0.002,-0.055,-0.021,0.047,0.037,-0.058,-0.008,-0.015,0.052,0.076,0.065,-0.064,0.016,0.013,0.015,0.037,0.025,0.034,0.004,0.012,0.010,-0.001,-0.034,-0.200
7.593,5.836,4.907,5.557,6.265,5.786,5.868,6.325,6.483,6.148,6.419,5.947,6.457,6.003,6.120,6.238,6.675,6.390,6.686,6.822,7.291,7.643,7.774,7.457,7.829,7.627,7.842,7.682,8.164,7.841,7.243,7.314,7.579,7.446,7.338,7.461,7.345,7.675,7.676,7.910,18.582,0.129,0.186,0.106,0.030,0.099,-0.070,-0.103,-0.094,-0.059,0.029,-0.022,-0.066,-0.153,-0.216,0.008,0.185,0.171,0.052,-0.044,-0.025,0.179,0.232,-0.047,0.052,0.012,-0.020,0.014,-0.076,-0.129,0.062,-0.001,-0.023,0.119,0.006,0.020,-0.001,-0.035,-0.005,-0.002,0.007,0.274,-0.186,-0.013,0.068,-0.050,-0.077,-0.003,-0.109,-0.024,-0.051,-0.017,0.019,0.027,-0.024,0.043,0.033,0.048,0.019,-0.010,-0.013,-0.004,-0.064,-0.081,-0.080,0.016,-0.034,0.044,0.051,0.036,-0.065,-0.005,0.053,0.042,-0.010,0.048,0.067,0.017,0.004,-0.019,-0.004,-0.057,-0.295
7.492,5.723,5.636,5.877,5.419,4.659,5.580,5.667,5.619,5.919,6.897,5.691,6.239,5.641,5.720,6.571,7.178,6.876,6.769,6.749,7.047,7.397,7.266,7.623,7.688,7.837,7.501,7.688,7.369,7.529,7.216,7.493,7.775,7.516,7.752,7.498,7.868,7.669,7.584,7.509,18.631,-0.204,-0.064,0.005,-0.165,0.065,0.094,-0.091,-0.087,-0.122,-0.059,0.010,0.112,-0.085,0.004,0.157,0.277,0.272,0.010,-0.102,-0.032,0.012,0.003,-0.147,-0.008,-0.020,0.129,0.101,0.078,-0.144,0.060,0.103,0.063,0.053,0.044,0.109,0.007,0.011,-0.029,0.037,-0.047,-0.152,-0.137,-0.025,-0.007,-0.059,-0.087,0.010,-0.060,-0.006,-0.023,-0.026,-0.039,0.030,0.016,0.073,0.008,-0.053,-0.051,-0.024,0.032,0.016,-0.096,-0.098,-0.037,-0.029,-0.050,-0.016,0.015,0.014,0.021,0.019,0.045,0.032,-0.046,0.039,0.027,0.012,-0.019,-0.025,-0.010,-0.020,-0.245
7.186,6.147,5.658,5.518,5.621,4.816,5.228,5.795,5.857,6.709,6.938,5.859,5.978,5.802,6.089,6.539,6.665,6.377,6.403,7.028,7.110,7.383,6.990,7.528,7.534,7.664,7.901,7.232,7.090,7.577,7.537,7.500,7.595,7.640,7.809,7.466,7.453,7.435,7.672,7.610,18.192,-0.257,-0.034,0.192,0.037,-0.055,-0.015,-0.312,-0.182,-0.098,-0.023,0.033,0.044,-0.070,-0.082,-0.032,0.138,0.149,0.089,0.043,0.031,-0.128,-0.171,-0.134,0.023,-0.067,0.079,0.017,-0.012,-0.161,-0.003,0.129,0.096,-0.027,0.119,0.174,0.054,-0.030,-0.036,0.010,-0.066,-0.354,-0.016,-0.022,-0.055,-0.015,-0.078,-0.067,-0.027,-0.004,-0.024,-0.058,-0.045,-0.009,0.034,0.053,-0.050,-0.094,-0.049,0.007,0.056,0.003,-0.049,-0.069,0.033,-0.046,-0.044,-0.054,-0.062,0.003,0.050,0.001,0.008,0.004,-0.047,0.007,-0.032,-0.001,0.003,-0.001,-0.020,0.004,-0.105
6.559,5.608,5.404,4.980,5.665,5.591,5.420,6.162,6.009,6.110,6.555,6.353,6.487,6.191,6.391,6.903,7.497,6.635,6.465,6.837,7.033,7.291,7.170,7.475,7.745,8.231,7.943,7.797,7.421,7.778,7.574,7.807,7.540,7.620,7.835,7.506,7.544,7.488,7.800,7.516,17.527,-0.132,0.011,-0.021,-0.118,-0.132,-0.024,-0.194,-0.097,-0.106,-0.162,-0.211,0.055,-0.045,0.058,-0.059,-0.070,0.030,-0.012,0.075,0.064,-0.062,-0.055,-0.020,-0.155,-0.098,-0.111,-0.052,-0.010,0.071,0.135,0.094,0.033,-0.057,0.086,-0.014,0.027,-0.038,-0.034,-0.033,-0.014,-0.289,0.018,0.024,-0.055,0.034,-0.042,-0.115,0.027,-0.021,-0.042,0.009,0.007,-0.043,-0.017,0.016,-0.060,-0.127,-0.096,0.005,0.031,0.003,0.010,0.002,0.056,-0.028,-0.047,-0.095,-0.058,-0.012,0.043,-0.014,-0.034,-0.041,-0.031,-0.032,-0.074,-0.006,0.008,0.010,-0.023,0.017,-0.007
6.776,5.723,5.984,6.192,5.867,5.244,4.388,5.169,5.797,5.936,6.756,5.837,5.985,5.315,5.623,6.761,7.259,6.957,7.055,6.934,6.659,6.840,7.150,7.646,7.467,7.826,7.706,7.569,7.335,7.701,7.710,7.636,7.560,7.991,8.168,7.729,7.360,7.587,7.618,7.579,17.367,0.011,0.037,-0.155,-0.068,-0.190,-0.345,-0.186,-0.110,-0.185,-0.211,-0.139,-0.082,-0.001,0.022,-0.133,-0.110,0.047,0.098,0.146,-0.057,-0.029,-0.085,0.055,-0.107,-0.169,-0.170,-0.219,-0.017,0.014,0.027,0.042,0.013,-0.063,0.019,-0.080,-0.015,0.002,-0.008,-0.066,0.013,-0.184,-0.024,-0.029,-0.072,-0.014,-0.011,-0.052,0.119,0.019,0.009,0.053,0.051,-0.011,-0.021,0.053,0.028,-0.076,-0.084,0.001,-0.038,-0.008,0.038,0.052,0.042,-0.021,0.000,-0.030,0.015,0.013,0.035,-0.021,-0.059,-0.057,-0.010,-0.064,-0.074,-0.006,0.017,0.015,0.004,0.014,-0.022
7.037,5.989,5.369,4.953,4.638,4.323,5.029,5.494,5.121,5.496,5.934,5.977,6.012,6.174,5.659,6.110,7.030,6.527,6.817,7.118,6.965,7.392,7.087,6.789,7.232,7.202,7.339,7.472,7.601,8.143,7.598,7.588,7.508,7.769,7.502,7.503,7.727,7.423,7.448,7.456,17.598,-0.247,0.020,-0.098,0.056,-0.076,-0.317,-0.018,-0.226,-0.287,0.079,0.128,-0.038,-0.205,0.030,-0.094,-0.235,-0.156,0.031,0.001,0.026,0.011,-0.032,0.040,-0.086,-0.201,-0.223,-0.070,0.018,-0.014,-0.026,-0.022,-0.100,-0.086,-0.068,-0.134,0.011,0.035,0.008,-0.042,-0.001,-0.271,-0.035,-0.047,0.003,0.036,0.046,0.071,0.093,0.028,0.097,0.072,0.087,-0.005,-0.019,0.013,0.044,-0.002,-0.089,0.002,-0.048,-0.012,0.026,0.033,0.027,0.032,0.046,0.058,0.093,0.030,-0.010,-0.055,-0.069,-0.042,0.017,-0.046,-0.003,0.014,0.003,0.013,0.020,0.005,-0.047
7.003,6.143,4.899,5.192,5.182,3.725,4.494,5.581,5.376,5.960,6.554,5.639,6.212,5.919,5.792,6.384,7.133,6.919,6.959,6.600,6.999,6.910,7.307,7.338,6.947,7.327,7.108,7.309,7.071,7.530,7.734,7.676,7.294,7.663,7.577,7.394,7.374,7.425,7.519,7.703,17.239,-0.320,-0.182,-0.130,-0.118,-0.137,-0.128,0.195,-0.024,0.035,0.123,0.120,0.034,-0.096,0.195,0.124,-0.161,-0.181,0.074,-0.111,0.011,0.026,0.077,0.045,-0.118,-0.014,-0.016,0.100,0.037,0.059,-0.030,-0.108,-0.122,-0.060,-0.126,-0.134,0.032,0.018,0.016,0.033,-0.004,-0.474,0.016,-0.054,0.018,-0.015,0.047,0.174,0.057,0.038,0.130,0.050,0.024,0.027,0.022,0.023,0.046,0.042,-0.048,-0.056,-0.069,0.009,0.016,0.033,0.006,0.035,0.096,0.087,0.115,0.038,-0.016,-0.028,-0.042,-0.014,0.023,-0.014,0.021,0.011,-0.000,0.005,0.024,-0.007,-0.003
5.209,5.495,5.456,5.758,5.626,4.764,5.276,4.826,4.785,6.495,7.297,6.264,5.350,6.042,5.835,5.917,6.780,6.809,6.517,7.134,6.917,7.097,7.291,7.199,6.999,7.365,7.891,8.019,7.482,7.735,7.453,7.285,7.241,7.444,7.459,7.727,7.714,7.611,7.642,7.446,16.237,-0.140,-0.115,-0.017,0.089,0.071,0.220,0.078,0.002,0.269,0.032,0.094,-0.028,-0.091,0.038,0.033,-0.055,-0.300,0.011,-0.036,-0.031,0.042,0.027,0.120,0.013,0.054,0.101,0.252,0.111,-0.002,-0.110,-0.178,-0.111,0.025,-0.069,-0.003,0.073,-0.031,0.020,0.016,0.019,-0.380,0.099,-0.006,-0.012,-0.034,0.025,0.100,-0.018,0.058,0.088,-0.030,-0.039,0.013,0.095,-0.013,0.031,0.112,0.066,-0.054,-0.024,-0.032,0.019,0.011,0.002,0.067,0.099,0.076,0.023,0.014,-0.034,-0.016,-0.004,0.032,0.015,-0.002,0.019,-0.016,-0.007,-0.012,0.015,-0.004,0.076
6.092,5.059,5.292,5.198,4.689,4.382,5.239,5.381,6.139,6.050,6.674,5.862,5.835,6.356,6.157,6.054,6.481,7.188,6.651,6.981,6.811,7.373,7.272,6.849,7.516,7.666,7.932,7.483,7.687,7.756,7.242,7.177,7.394,7.524,7.519,7.777,7.455,7.573,7.687,7.564,15.678,0.039,-0.165,-0.106,-0.161,-0.028,0.255,0.049,-0.035,0.185,0.060,-0.002,0.048,0.053,0.134,0.032,0.012,-0.119,-0.171,-0.182,0.016,0.037,0.053,0.043,0.021,0.183,0.104,0.195,0.127,-0.074,-0.071,-0.091,-0.050,-0.003,-0.052,-0.042,0.011,0.035,0.010,0.027,-0.033,-0.142,0.060,0.092,0.049,0.040,0.073,0.026,-0.072,0.027,-0.065,-0.014,-0.019,0.021,0.081,-0.061,-0.000,0.103,0.112,-0.059,-0.003,-0.021,0.014,-0.005,-0.007,0.091,0.032,0.024,-0.083,-0.026,-0.039,-0.001,0.034,0.061,0.007,-0.002,0.011,-0.031,0.005,-0.013,-0.006,-0.007,0.086
6.791,5.956,5.089,5.394,5.240,5.096,5.047,5.602,6.084,5.612,6.343,5.725,5.746,6.145,5.643,6.000,5.854,6.447,6.793,6.774,7.271,7.296,7.704,7.098,7.218,7.537,8.186,7.942,7.284,7.480,6.952,7.284,7.583,7.492,7.518,7.678,7.533,7.451,7.445,7.619,16.479,0.068,-0.017,-0.170,-0.093,-0.005,-0.009,-0.036,0.067,0.080,-0.037,-0.007,0.022,0.195,-0.004,0.105,0.238,0.142,-0.118,-0.085,-0.134,0.099,0.037,0.052,0.177,0.196,0.099,-0.002,0.043,-0.116,-0.088,-0.049,0.021,-0.040,-0.113,-0.084,-0.057,-0.009,-0.048,0.037,-0.009,-0.059,-0.017,0.082,0.076,0.041,0.044,-0.059,-0.029,0.028,-0.138,0.023,0.008,0.012,0.058,-0.046,-0.011,0.053,0.114,0.013,0.015,-0.001,0.006,-0.001,-0.037,0.035,-0.019,-0.010,-0.123,-0.069,0.025,0.042,0.055,0.048,0.017,0.003,0.002,-0.028,0.007,-0.004,-0.026,-0.008,0.034
6.406,5.086,4.553,4.569,5.236,4.832,4.855,5.020,5.651,6.699,7.021,6.149,6.277,6.536,6.048,6.404,7.004,6.247,5.912,6.858,7.006,7.076,7.315,7.495,7.753,7.759,7.937,7.984,6.800,7.303,7.529,7.429,7.110,7.378,7.339,7.472,7.636,7.554,7.755,7.451,16.408,-0.123,0.228,0.191,0.172,0.267,0.116,-0.108,0.076,-0.197,0.089,0.076,0.116,0.166,-0.087,0.087,0.210,0.160,-0.155,-0.103,-0.040,0.065,0.048,0.045,0.253,0.073,0.106,-0.187,-0.056,-0.081,-0.048,-0.000,0.115,0.008,-0.112,-0.039,-0.057,0.031,-0.013,-0.009,-0.023,-0.205,0.007,0.070,0.091,0.106,0.057,-0.060,0.024,0.063,-0.073,0.009,0.017,-0.020,-0.031,-0.052,-0.054,-0.044,-0.016,0.066,0.059,0.011,0.006,-0.016,-0.029,-0.044,-0.071,-0.026,-0.080,-0.066,0.087,0.054,0.015,0.009,0.053,0.051,0.039,0.002,-0.009,0.006,-0.039,0.014,0.043
5.394,5.397,4.974,5.608,5.327,4.494,5.286,5.343,5.430,5.985,7.090,6.233,6.102,5.933,6.415,6.930,7.227,6.688,6.460,6.526,7.314,7.431,7.532,7.762,7.862,7.813,7.880,7.982,7.346,7.524,7.063,7.267,7.183,6.952,7.129,7.595,7.579,7.382,7.796,7.460,15.577,-0.147,0.099,0.217,0.128,0.144,-0.003,0.013,0.088,-0.230,0.134,0.094,-0.001,0.144,-0.081,-0.048,0.113,0.129,0.068,-0.000,-0.009,0.061,0.027,-0.066,0.071,0.014,0.049,-0.173,-0.140,0.125,0.087,0.053,0.049,0.107,-0.022,0.007,-0.032,0.005,0.011,-0.093,-0.026,-0.177,0.077,0.007,0.048,0.032,0.014,0.018,0.053,0.049,0.011,-0.003,-0.018,-0.038,-0.061,0.030,-0.071,-0.121,-0.091,0.055,0.039,0.041,0.001,-0.026,-0.026,-0.100,-0.060,-0.041,0.007,-0.019,0.071,0.028,0.020,-0.028,0.049,0.100,0.070,0.030,0.005,0.024,-0.020,0.016,0.141
6.178,6.478,6.306,5.952,5.980,5.261,4.578,5.890,5.484,6.310,6.679,6.186,6.489,6.025,6.209,6.640,6.594,6.295,6.302,6.906,7.115,7.545,7.585,7.784,7.561,8.060,7.152,7.183,7.249,7.497,7.185,7.759,7.634,7.231,7.516,7.532,7.587,7.541,7.466,7.530,15.106,0.180,0.127,0.157,0.261,0.182,-0.050,0.143,0.272,-0.027,0.021,0.034,-0.040,-0.075,-0.088,-0.163,-0.145,-0.191,0.065,0.069,0.006,0.084,-0.020,-0.042,-0.145,-0.081,-0.003,-0.117,-0.111,0.241,0.112,-0.068,-0.017,0.187,0.157,0.107,0.010,-0.017,0.013,-0.104,0.046,0.131,0.101,-0.045,-0.053,-0.053,-0.086,0.014,0.037,-0.006,0.071,-0.069,-0.052,-0.038,-0.043,0.070,-0.008,-0.079,-0.045,0.056,0.048,0.004,-0.009,-0.027,-0.017,-0.078,-0.021,-0.055,0.079,0.048,0.013,-0.005,0.024,-0.059,-0.004,0.075,0.032,0.028,-0.008,0.004,0.010,0.017,0.213
6.171,5.755,5.296,5.343,5.590,4.865,5.248,5.609,5.016,6.475,6.981,5.702,6.360,5.996,5.322,6.450,6.706,6.764,6.596,6.705,7.519,7.197,7.238,7.308,7.382,7.634,7.715,7.642,7.684,7.816,7.390,7.365,7.855,7.453,7.466,7.488,7.584,7.511,7.125,7.452,16.243,0.300,0.067,0.088,0.023,0.106,0.163,0.102,0.214,0.052,-0.020,-0.075,-0.088,0.011,0.147,-0.125,-0.187,-0.139,0.046,0.024,0.046,0.093,-0.059,-0.035,-0.124,-0.026,-0.050,-0.004,-0.022,0.076,-0.028,0.084,-0.050,0.117,0.252,0.193,0.058,0.039,0.060,-0.017,0.037,0.477,0.060,-0.004,-0.040,-0.075,-0.084,0.039,-0.029,-0.063,0.060,-0.072,-0.063,0.018,-0.015,0.056,0.089,0.008,0.025,-0.005,0.016,-0.005,-0.059,-0.010,0.019,0.015,-0.029,-0.045,0.078,0.061,-0.054,-0.043,0.010,-0.021,-0.062,0.001,-0.006,0.024,-0.008,-0.018,0.047,0.004,0.137
6.917,5.543,5.176,6.005,6.013,4.398,5.588,6.249,5.722,6.557,7.245,6.214,5.770,6.064,5.778,5.917,6.307,6.532,6.191,6.799,7.321,7.093,7.253,6.997,7.589,7.832,7.436,7.596,7.836,7.719,7.025,7.293,7.709,7.915,7.704,7.577,7.546,7.554,7.571,7.684,16.729,0.160,0.020,-0.011,-0.039,-0.146,0.104,0.034,-0.016,0.019,-0.177,-0.098,-0.030,0.020,0.149,0.085,-0.037,0.071,0.135,0.126,-0.049,0.001,-0.045,-0.055,-0.037,-0.012,-0.121,0.126,0.124,0.006,-0.014,0.105,-0.128,-0.017,0.127,0.030,0.037,-0.027,-0.016,0.004,0.030,0.532,-0.044,0.004,-0.010,-0.079,-0.069,-0.007,-0.102,-0.144,0.008,-0.028,-0.048,0.028,0.033,0.015,0.090,0.096,0.107,-0.018,-0.007,-0.003,-0.071,0.007,-0.001,0.075,-0.005,-0.005,0.048,0.037,-0.068,-0.044,0.012,0.028,-0.066,-0.073,-0.042,-0.000,-0.019,-0.020,0.023,-0.026,-0.011
6.524,6.203,5.977,5.694,5.839,5.742,5.291,6.232,5.569,5.761,6.431,5.776,6.517,6.649,6.003,6.356,6.676,6.799,6.636,6.808,7.678,7.362,7.524,7.537,7.719,7.678,7.719,7.664,7.433,7.271,7.562,7.248,7.731,7.872,8.000,7.860,7.793,7.678,7.657,7.569,17.152,0.162,0.134,0.099,-0.098,-0.113,0.116,-0.076,-0.084,0.047,-0.128,-0.155,0.085,0.022,0.079,0.270,0.098,0.124,0.006,0.052,-0.009,-0.193,-0.009,0.036,0.092,-0.164,-0.116,0.097,0.048,-0.027,-0.065,0.016,-0.002,-0.099,-0.003,0.014,0.074,-0.030,-0.066,0.088,0.001,0.305,-0.056,-0.031,-0.024,-0.015,-0.002,-0.105,-0.095,-0.121,0.003,0.038,0.018,0.012,-0.034,-0.088,0.007,0.079,0.073,-0.032,-0.044,-0.007,-0.071,0.005,-0.032,0.050,0.013,0.041,-0.019,-0.003,-0.014,-0.004,-0.045,0.040,-0.035,-0.077,-0.039,-0.033,-0.031,-0.002,0.005,-0.020,-0.121
6.801,6.355,5.910,5.582,5.124,5.341,4.727,5.500,5.305,5.784,6.461,5.997,6.513,6.444,6.294,6.504,6.963,6.954,6.912,6.607,7.042,7.237,7.164,7.484,7.334,7.431,7.778,7.793,7.403,7.701,7.623,7.175,7.609,7.658,7.400,7.529,7.347,7.378,7.218,7.621,17.310,0.030,0.115,0.100,-0.072,-0.054,-0.062,-0.278,-0.299,0.016,-0.066,-0.166,0.011,0.082,0.020,0.090,0.194,0.210,-0.006,0.020,0.018,-0.127,-0.010,-0.083,0.124,-0.035,0.007,0.074,0.039,-0.049,-0.089,0.024,0.099,-0.033,-0.078,-0.013,0.001,-0.077,-0.026,-0.042,-0.067,0.163,-0.037,-0.083,-0.083,0.009,0.065,-0.076,-0.058,-0.058,-0.012,0.059,0.042,-0.017,-0.042,-0.073,-0.062,-0.011,-0.037,-0.062,-0.069,0.021,-0.009,0.025,0.004,0.017,0.056,0.072,-0.054,-0.032,0.020,0.003,-0.050,0.023,-0.004,-0.047,0.005,-0.035,-0.003,0.042,0.018,-0.001,-0.126
7.041,6.022,5.427,5.067,5.469,4.972,5.298,5.565,5.462,6.222,6.600,6.238,6.101,6.201,6.416,6.648,6.999,6.584,6.497,6.758,6.695,7.083,7.464,7.527,6.691,7.255,8.026,7.785,7.767,7.498,7.172,7.412,7.409,7.566,7.690,7.881,7.531,7.267,7.743,7.489,17.477,0.086,-0.135,-0.090,-0.038,0.047,-0.280,-0.217,-0.247,0.069,0.113,0.048,-0.051,-0.188,-0.227,-0.093,0.091,0.156,-0.042,-0.141,-0.024,-0.200,-0.051,-0.181,0.044,0.053,0.090,-0.072,0.004,0.031,-0.010,-0.099,0.036,-0.050,-0.028,0.021,-0.092,-0.091,0.057,0.029,-0.013,0.058,-0.045,-0.105,-0.113,0.034,0.046,-0.019,0.023,-0.018,-0.058,0.022,0.041,-0.038,-0.005,-0.018,-0.092,-0.052,-0.090,-0.043,-0.007,0.007,0.061,0.026,0.026,-0.032,0.083,0.059,-0.049,-0.015,0.016,0.019,-0.004,-0.034,0.005,-0.029,-0.017,-0.041,0.009,0.050,-0.002,0.015,-0.080
6.808,6.206,5.951,5.958,5.929,4.474,4.194,5.087,5.855,5.999,6.330,6.039,6.388,6.389,6.022,6.741,7.196,6.609,6.361,6.915,7.180,7.183,6.866,7.621,7.928,8.077,7.653,7.732,7.426,7.162,7.341,7.704,7.703,7.676,7.792,7.571,7.294,7.629,7.320,7.390,17.380,0.015,-0.261,-0.333,-0.024,0.099,-0.076,-0.183,-0.222,-0.052,-0.003,0.010,-0.046,-0.084,-0.064,-0.045,-0.090,-0.129,-0.150,-0.121,0.063,-0.042,0.103,0.074,0.073,0.157,0.136,-0.061,-0.015,0.077,-0.028,-0.089,-0.035,-0.061,-0.096,0.052,-0.058,-0.009,0.132,0.122,0.031,0.027,-0.033,-0.041,-0.057,0.005,-0.022,0.046,0.125,0.058,-0.064,0.002,0.002,-0.012,0.045,0.045,-0.038,-0.076,-0.111,-0.031,0.062,-0.021,0.067,0.021,0.068,-0.057,-0.001,-0.006,-0.007,-0.010,-0.003,0.018,0.016,-0.051,-0.012,-0.007,-0.020,-0.000,0.028,0.011,0.011,0.028,-0.064
6.950,5.601,5.506,5.314,5.671,4.774,4.470,5.202,5.637,6.218,6.736,5.500,5.637,5.541,5.674,6.695,7.340,6.761,6.209,6.535,6.611,7.135,6.768,7.691,7.689,7.806,7.420,7.715,7.578,7.489,7.205,7.165,7.434,7.724,7.908,7.380,7.365,7.839,7.753,7.621,17.407,-0.053,-0.203,-0.247,0.047,0.041,0.029,-0.010,-0.210,-0.208,-0.051,-0.035,-0.075,0.083,0.032,-0.122,-0.021,-0.156,-0.139,0.085,0.004,0.072,0.066,0.086,-0.043,0.153,0.116,-0.083,0.003,-0.009,-0.001,0.052,-0.103,-0.058,-0.137,-0.103,-0.101,-0.018,0.103,-0.004,0.026,-0.029,-0.033,0.065,0.071,0.002,-0.076,0.023,0.122,0.078,-0.051,-0.031,-0.080,0.012,0.109,0.099,0.013,-0.033,-0.064,0.027,0.105,-0.015,0.094,0.021,0.046,-0.057,-0.039,-0.037,0.041,-0.010,-0.036,-0.021,0.030,-0.011,0.011,-0.002,-0.017,0.034,0.034,-0.026,-0.020,0.008,-0.038
6.920,5.259,4.203,5.339,5.519,5.058,4.224,4.573,4.960,5.772,6.445,6.133,6.322,6.456,6.439,6.032,6.149,6.114,6.452,7.032,6.873,7.725,7.882,7.768,7.622,7.838,7.777,7.754,7.885,7.565,7.163,7.125,7.293,7.100,7.549,7.492,7.384,7.750,7.825,7.712,17.480,-0.066,-0.058,-0.109,-0.091,-0.160,0.012,0.243,-0.030,-0.166,0.027,-0.115,-0.037,0.169,0.118,-0.087,-0.128,-0.187,-0.111,0.216,-0.102,0.075,0.036,0.122,-0.117,-0.089,-0.039,0.044,-0.010,-0.042,-0.005,0.027,-0.086,-0.088,-0.059,-0.053,0.004,0.026,0.004,0.027,0.052,-0.114,0.014,0.135,0.177,-0.021,-0.072,-0.042,0.072,0.129,0.034,-0.033,-0.076,0.014,0.041,0.016,0.011,0.007,0.060,0.092,0.054,-0.009,0.047,-0.017,-0.065,-0.064,-0.054,-0.052,0.013,-0.006,-0.049,-0.017,0.013,0.018,0.025,0.041,0.014,0.036,0.014,-0.039,-0.038,-0.012,-0.000
6.718,5.478,5.066,5.611,5.877,4.827,5.235,4.771,4.870,6.082,6.367,5.816,6.546,6.329,5.598,6.899,6.743,6.138,6.878,6.719,7.211,7.143,7.388,7.239,7.608,7.957,7.552,7.786,7.494,7.294,7.521,7.185,7.323,7.168,7.295,7.417,7.394,7.721,7.472,7.460,17.285,-0.036,0.086,0.152,0.005,-0.204,-0.208,0.179,0.047,-0.129,-0.058,-0.289,0.004,0.230,0.179,-0.006,-0.052,-0.136,0.071,0.214,-0.016,0.210,0.088,0.022,-0.144,-0.019,-0.009,0.080,-0.048,-0.089,-0.125,-0.008,0.008,0.021,-0.058,-0.013,0.046,0.060,-0.008,-0.025,0.016,-0.062,0.046,0.111,0.126,-0.030,-0.015,-0.012,-0.037,0.096,0.090,-0.028,-0.018,0.038,-0.048,-0.036,0.060,-0.004,0.100,0.095,-0.042,0.034,-0.025,-0.019,-0.093,-0.023,-0.046,-0.056,-0.003,0.006,-0.012,0.003,-0.027,0.029,0.024,0.060,0.052,0.029,-0.005,-0.029,-0.005,-0.010,0.040
6.592,5.979,5.628,5.353,5.029,4.508,5.028,5.155,5.407,6.204,5.939,5.696,6.778,6.584,5.625,5.998,6.558,6.364,7.107,6.315,7.254,7.361,7.169,7.260,7.522,7.807,7.807,7.648,7.259,7.235,7.319,7.265,7.319,7.661,7.835,7.572,7.408,7.708,7.598,7.729,16.872,0.078,0.271,0.351,-0.109,-0.137,-0.169,0.081,0.296,0.080,-0.163,-0.243,-0.014,0.045,-0.059,-0.047,-0.039,0.163,0.204,0.083,0.029,0.126,0.005,-0.220,-0.194,-0.029,-0.060,-0.075,-0.018,-0.129,-0.051,0.008,-0.001,0.023,0.068,0.077,0.047,0.021,-0.006,-0.055,-0.021,0.041,0.011,0.016,0.027,0.014,0.080,0.075,-0.075,0.024,0.075,0.003,0.089,0.023,-0.090,-0.064,0.046,0.055,0.112,0.056,-0.093,0.057,-0.062,-0.023,-0.045,0.040,-0.002,-0.023,-0.023,0.020,0.019,0.036,-0.012,0.020,0.006,0.023,0.015,-0.002,-0.017,-0.003,-0.005,-0.022,0.021
6.933,5.670,5.555,5.332,4.896,4.009,4.965,5.148,4.766,5.713,5.544,5.740,6.559,6.372,6.052,6.450,6.454,6.992,6.953,6.815,7.471,7.758,7.237,7.223,7.644,7.777,7.803,7.530,7.444,7.030,7.088,7.133,7.527,7.156,7.701,7.568,7.651,7.822,7.740,7.693,17.403,0.105,0.186,0.152,-0.094,-0.044,0.059,-0.113,0.108,0.120,-0.096,-0.063,0.101,-0.097,-0.057,0.158,-0.086,0.171,0.181,-0.056,0.107,-0.077,-0.012,-0.208,-0.120,-0.106,-0.152,-0.039,0.036,-0.027,0.036,-0.071,-0.001,0.004,0.098,0.090,0.024,-0.040,-0.037,0.010,0.014,0.095,-0.095,-0.046,-0.062,0.018,0.096,0.130,-0.074,-0.075,0.061,0.068,0.158,-0.007,-0.102,-0.070,0.010,0.057,0.046,-0.023,-0.080,0.005,-0.093,-0.057,0.023,0.086,-0.016,-0.009,0.008,0.016,0.028,0.045,0.005,0.021,-0.018,0.007,-0.024,-0.007,-0.008,-0.001,0.020,-0.017,-0.129
7.201,6.516,5.714,4.935,5.324,4.621,4.764,5.866,5.412,5.143,5.644,6.103,6.541,6.141,5.976,6.062,7.108,6.705,6.829,7.131,7.373,7.444,6.859,6.804,7.458,7.629,7.274,7.793,7.267,7.442,7.419,7.147,7.305,7.445,7.731,7.654,7.361,7.668,7.418,7.488,17.626,-0.082,-0.025,0.025,0.027,0.160,0.252,0.016,0.059,0.086,0.062,0.219,0.029,-0.117,-0.084,0.060,0.165,0.217,0.112,-0.115,0.120,-0.089,-0.028,0.011,0.071,-0.056,-0.081,-0.011,0.049,0.023,0.095,0.000,0.017,-0.049,-0.022,-0.030,0.006,-0.011,0.004,-0.015,-0.058,-0.089,-0.160,-0.122,-0.090,0.041,0.051,0.071,-0.019,-0.133,-0.015,0.076,0.111,-0.021,-0.048,-0.024,-0.004,0.024,-0.075,-0.067,-0.034,-0.050,-0.042,-0.026,0.075,0.088,0.005,0.038,0.050,-0.016,0.017,-0.013,-0.003,0.035,0.010,-0.015,-0.037,-0.006,0.029,0.013,0.033,0.003,-0.233
6.941,6.139,5.784,5.350,5.508,5.068,4.803,4.957,5.466,6.133,6.199,6.120,6.179,6.265,6.212,6.436,7.324,6.873,6.736,6.848,6.765,7.039,6.503,6.868,7.111,7.284,7.623,7.895,7.353,7.371,7.115,7.241,7.351,7.764,7.797,7.496,7.217,7.556,7.614,7.651,17.381,-0.431,0.005,0.004,0.026,0.128,0.232,-0.156,-0.211,0.172,0.168,0.269,-0.051,-0.199,-0.158,-0.009,0.133,0.068,0.001,-0.085,-0.037,-0.149,-0.180,0.024,0.153,-0.085,-0.042,0.087,-0.001,-0.025,0.026,0.019,0.102,-0.032,0.022,-0.077,0.030,0.035,-0.019,0.055,-0.052,-0.641,-0.105,-0.083,-0.040,0.017,-0.013,-0.017,0.014,-0.047,-0.048,-0.011,0.002,-0.012,-0.007,-0.029,-0.045,-0.039,-0.108,-0.089,0.013,-0.076,0.024,0.001,0.066,0.029,0.030,0.071,0.002,-0.042,0.002,-0.023,0.010,0.031,0.025,-0.024,-0.007,0.001,0.043,0.013,0.012,-0.000,-0.160
6.180,5.619,5.641,5.480,5.522,5.238,5.189,5.543,5.488,6.302,6.708,5.650,6.381,6.218,5.845,6.828,7.208,6.982,6.642,6.898,7.163,7.579,7.589,7.792,7.508,7.646,7.843,7.711,7.419,7.538,7.306,7.295,7.161,7.246,7.636,7.639,7.572,7.862,7.586,7.457,16.437,-0.456,-0.248,-0.026,0.036,0.030,0.099,0.009,-0.210,-0.023,0.085,0.145,-0.040,-0.144,-0.127,0.016,-0.030,-0.161,-0.041,-0.073,-0.148,-0.048,-0.040,0.039,0.110,-0.013,0.075,0.113,-0.082,-0.043,-0.110,-0.051,0.125,0.093,0.029,-0.025,0.016,0.130,0.050,0.090,0.026,-0.757,0.101,0.009,-0.046,-0.009,-0.065,-0.075,0.029,0.030,-0.043,-0.090,-0.110,0.029,0.042,0.009,-0.003,-0.077,-0.057,-0.075,0.027,-0.050,0.018,0.031,0.011,-0.041,0.022,0.046,-0.034,-0.026,0.011,-0.002,0.013,0.009,0.018,0.002,0.021,-0.013,0.003,-0.007,-0.006,0.012,0.133
5.291,6.142,5.610,5.191,5.437,4.861,3.975,4.253,5.588,5.974,6.359,5.713,5.644,5.541,6.072,6.730,6.742,6.857,6.622,6.746,6.830,6.790,6.993,7.491,7.194,7.559,7.956,7.566,7.241,7.110,7.239,7.567,7.437,7.366,7.362,7.724,7.718,7.632,7.930,7.448,14.795,-0.234,-0.116,-0.021,-0.012,-0.044,0.052,-0.039,0.006,-0.065,-0.162,-0.018,0.076,-0.120,-0.180,-0.044,-0.186,-0.178,-0.185,-0.010,-0.141,0.020,-0.002,0.107,0.004,0.020,0.125,-0.093,-0.106,0.018,0.026,0.004,0.100,0.060,-0.047,0.050,0.025,0.105,0.005,0.018,-0.028,-0.373,0.290,0.031,-0.069,0.001,-0.042,-0.082,0.089,0.127,-0.044,-0.104,-0.119,0.060,0.105,0.067,0.021,-0.004,0.035,-0.026,0.029,0.022,0.021,0.058,0.022,-0.042,0.019,0.009,-0.035,0.017,0.023,0.031,0.017,-0.042,-0.025,-0.011,0.019,-0.030,-0.031,-0.018,-0.028,0.007,0.449
5.744,5.276,5.673,5.195,5.508,5.221,5.222,5.168,5.234,5.649,6.290,6.104,6.088,5.868,6.124,5.766,6.594,6.509,6.521,6.440,7.103,7.371,6.811,7.042,7.352,7.865,7.672,7.549,7.109,7.024,7.102,7.607,7.726,7.789,7.824,7.618,7.762,7.879,7.709,7.721,15.136,0.323,0.078,-0.191,0.002,-0.077,-0.034,0.104,0.098,-0.011,-0.221,-0.185,0.112,0.055,-0.026,0.062,-0.063,0.056,-0.168,-0.019,-0.076,-0.085,0.038,0.023,-0.060,0.001,0.068,-0.093,-0.030,0.055,0.083,0.070,0.062,-0.006,0.022,0.012,-0.058,-0.032,-0.041,-0.027,-0.012,0.440,0.268,0.094,-0.024,0.001,0.005,-0.072,0.001,0.077,0.025,-0.023,-0.072,0.027,0.083,0.073,0.015,0.074,0.076,0.022,0.030,0.077,0.003,0.011,0.018,-0.006,0.001,-0.046,-0.002,0.038,-0.002,0.030,0.033,-0.054,-0.050,-0.012,-0.019,-0.020,-0.041,-0.034,-0.009,0.014,0.468
5.988,5.729,5.664,5.433,5.296,5.334,4.591,5.173,5.270,5.647,6.316,6.273,5.724,5.540,5.852,6.036,6.739,6.184,6.744,6.373,6.897,7.132,7.426,7.263,7.290,7.798,7.245,7.448,7.597,7.757,7.236,7.584,7.366,7.256,7.955,7.632,7.649,7.571,7.640,7.377,16.168,0.628,-0.002,-0.261,0.049,-0.030,-0.109,0.241,0.272,-0.053,-0.198,-0.159,0.172,0.228,0.127,0.074,0.130,0.133,-0.064,0.035,0.035,-0.026,0.073,0.142,0.027,0.005,0.009,0.015,0.060,0.039,0.085,0.043,-0.075,-0.106,-0.031,0.001,-0.084,-0.041,-0.061,-0.026,0.004,1.006,0.112,0.047,0.049,0.012,0.038,-0.083,-0.024,0.011,0.030,0.084,0.002,-0.018,0.024,0.077,0.022,0.070,0.004,0.086,0.006,0.078,0.033,0.001,-0.018,0.008,0.000,-0.054,0.040,0.028,-0.030,-0.034,0.010,-0.039,-0.008,0.015,-0.024,0.002,-0.024,0.001,-0.000,0.036,0.225
7.446,6.215,4.657,5.368,5.208,4.834,5.403,5.573,5.590,5.360,5.807,5.932,6.615,6.087,6.266,6.860,7.488,6.479,6.486,6.703,6.705,7.600,7.487,7.606,7.466,7.864,7.735,7.623,7.518,7.632,7.660,7.596,7.165,7.411,7.401,7.394,7.448,7.688,7.594,7.433,17.949,0.453,0.163,-0.026,0.013,0.050,-0.181,-0.126,0.044,0.094,-0.012,-0.145,0.048,0.095,0.086,0.029,0.184,0.064,0.009,0.054,0.146,-0.010,-0.022,0.110,0.071,-0.001,-0.097,0.049,0.025,-0.064,0.009,0.094,-0.059,-0.073,-0.040,-0.094,-0.029,-0.002,-0.086,0.064,0.082,0.896,-0.098,-0.012,0.141,0.020,0.048,-0.010,-0.059,-0.020,0.011,0.132,0.095,-0.040,-0.072,0.025,-0.014,-0.030,-0.097,0.078,0.005,0.039,0.075,-0.015,-0.029,0.006,-0.004,-0.026,0.023,0.006,-0.006,-0.037,-0.015,-0.012,0.036,0.002,0.023,0.037,0.004,0.022,-0.001,0.015,-0.093
7.582,5.662,4.814,5.352,5.437,4.511,5.091,5.409,5.145,5.127,5.806,6.660,6.519,6.066,6.370,6.833,6.958,6.551,6.815,6.788,6.900,7.042,7.366,7.344,7.160,7.604,7.997,7.827,7.230,7.233,7.175,7.196,7.186,7.402,7.581,7.413,7.672,7.422,7.856,7.610,18.417,0.263,0.078,0.141,0.044,0.081,-0.287,-0.044,0.089,0.032,0.155,-0.029,0.018,-0.022,0.148,0.084,0.039,-0.161,0.154,-0.014,0.139,0.148,0.034,-0.028,-0.022,0.023,-0.061,0.036,0.009,-0.071,-0.107,0.044,-0.034,0.053,0.059,-0.016,0.022,-0.028,0.030,-0.030,0.104,0.527,-0.148,-0.009,0.094,-0.011,0.019,0.060,-0.081,-0.067,-0.015,0.107,0.108,-0.073,-0.079,-0.004,-0.024,-0.070,-0.078,0.036,-0.029,-0.032,0.021,-0.005,-0.046,-0.004,-0.002,0.019,0.014,-0.012,0.037,-0.008,-0.011,0.025,0.048,0.011,0.038,0.034,0.003,0.032,-0.023,-0.013,-0.229
7.214,6.127,5.969,5.299,5.689,4.729,4.343,5.270,5.765,5.850,5.820,6.148,6.167,6.033,6.011,6.289,6.805,6.371,6.755,6.965,7.053,7.306,7.389,7.357,7.410,7.479,7.540,7.487,6.974,7.332,7.601,7.507,7.452,7.516,7.542,7.583,7.740,7.522,7.924,8.016,18.492,0.014,-0.024,0.314,0.103,0.110,0.007,-0.048,0.092,-0.001,0.264,0.225,-0.012,-0.182,0.087,-0.014,-0.165,-0.284,0.114,0.031,0.066,0.202,-0.015,-0.039,-0.006,-0.030,-0.030,0.009,0.026,0.080,-0.005,-0.004,-0.018,0.095,-0.010,0.135,0.076,-0.018,0.025,-0.033,0.010,0.213,-0.078,-0.050,-0.029,-0.008,-0.005,0.112,-0.009,-0.046,-0.063,0.025,0.088,-0.021,-0.022,-0.007,-0.024,-0.046,-0.011,0.007,-0.023,-0.070,-0.030,-0.008,-0.022,-0.009,0.001,0.053,0.030,0.011,0.053,0.025,-0.033,0.012,0.020,0.006,0.036,0.009,0.009,0.013,-0.030,-0.043,-0.172
7.418,6.162,5.714,5.689,5.463,3.949,4.900,5.767,5.344,6.176,6.162,6.257,5.839,6.308,6.398,6.517,6.278,7.008,6.537,6.939,7.464,7.448,7.335,7.277,7.436,7.688,7.524,7.558,7.513,7.372,7.484,7.459,7.490,7.497,7.806,7.649,7.363,7.805,7.325,7.605,18.530,0.109,0.049,0.042,-0.050,0.033,0.097,-0.202,-0.089,-0.081,0.199,0.194,-0.165,-0.031,0.105,-0.027,-0.048,-0.084,0.061,-0.097,-0.086,-0.027,0.045,-0.012,0.046,0.009,0.073,0.104,-0.001,0.150,0.053,0.036,0.027,0.047,0.010,0.076,0.031,-0.016,0.044,-0.092,-0.028,0.205,-0.035,-0.026,-0.104,-0.057,-0.032,0.140,0.030,-0.052,-0.014,-0.022,0.025,0.022,0.028,-0.051,-0.041,-0.008,0.078,-0.040,0.008,-0.042,-0.060,-0.014,0.005,0.004,0.013,0.042,0.019,0.012,0.017,0.044,-0.022,0.004,-0.009,0.013,-0.009,-0.011,0.024,-0.029,0.018,-0.024,-0.093
7.597,5.844,5.774,5.712,5.743,5.150,5.260,5.852,5.485,6.156,6.753,6.076,6.046,6.401,6.184,6.191,6.407,6.823,6.778,6.959,7.432,7.321,7.307,7.609,7.181,7.673,8.018,7.888,7.777,7.536,7.486,7.375,7.489,7.313,7.964,7.656,7.509,7.621,7.695,7.487,18.956,0.140,-0.070,-0.122,0.022,0.048,0.186,-0.094,-0.098,-0.167,0.089,0.181,0.035,-0.011,0.074,-0.033,-0.002,-0.028,0.090,-0.022,-0.092,-0.073,-0.068,-0.010,-0.007,0.010,0.100,0.163,0.084,0.090,0.052,-0.068,-0.030,0.028,0.012,0.039,0.010,0.040,-0.027,-0.054,-0.066,0.197,-0.030,-0.006,-0.096,-0.067,-0.057,0.053,0.096,0.005,0.023,-0.072,-0.041,0.052,0.037,-0.055,-0.041,-0.004,0.062,-0.032,0.010,-0.014,-0.022,0.008,-0.014,0.004,0.027,0.003,-0.039,-0.006,-0.050,-0.004,-0.027,0.010,-0.008,0.038,-0.043,-0.032,0.003,-0.030,0.026,0.004,-0.085
7.936,6.047,5.120,4.894,5.576,4.784,3.623,4.673,4.880,5.968,6.310,5.870,6.426,6.408,6.148,6.643,6.738,6.628,6.320,6.362,6.576,7.261,7.347,7.448,7.323,7.869,8.280,7.622,7.580,7.395,7.415,7.398,7.405,7.555,7.750,7.533,7.707,7.594,7.513,7.737,19.210,0.023,-0.027,-0.159,-0.198,-0.047,0.323,0.130,-0.079,0.044,0.131,0.118,0.106,0.032,-0.098,-0.111,-0.085,0.102,-0.035,0.050,0.007,-0.014,-0.008,-0.017,-0.004,0.071,0.087,0.055,0.042,0.007,0.086,-0.032,-0.009,0.042,0.114,-0.013,-0.002,0.064,-0.090,0.068,0.022,0.069,-0.078,-0.020,-0.001,-0.033,-0.052,-0.009,0.182,0.078,0.045,-0.093,-0.053,0.035,-0.013,-0.055,-0.028,-0.012,0.027,-0.025,0.030,0.034,0.063,0.022,-0.036,0.009,0.020,-0.037,-0.101,-0.012,-0.060,-0.036,-0.040,-0.005,0.001,0.013,-0.027,-0.013,-0.018,-0.018,0.024,-0.004,-0.121
7.657,5.836,5.656,5.804,5.870,5.242,4.514,5.328,5.164,6.400,6.653,6.514,5.819,6.350,5.971,6.216,6.437,7.010,6.755,6.795,7.132,7.058,7.332,7.237,7.515,7.889,7.976,7.876,7.392,7.582,7.294,7.389,7.635,7.545,7.765,7.693,7.766,7.493,7.561,7.620,19.137,-0.091,-0.015,-0.068,-0.156,-0.136,0.157,0.268,0.110,0.049,-0.061,0.059,0.111,-0.026,-0.087,-0.176,-0.168,-0.065,0.003,0.009,-0.051,0.085,0.052,-0.104,0.037,0.074,-0.024,-0.159,-0.023,-0.101,-0.042,-0.103,0.052,0.056,0.127,-0.034,-0.069,-0.044,-0.059,0.015,0.007,-0.143,-0.053,-0.000,0.041,-0.026,-0.042,-0.066,0.097,0.062,0.025,-0.100,-0.076,-0.057,-0.014,-0.027,0.020,0.052,0.012,-0.037,0.009,0.033,0.043,0.041,-0.031,0.005,0.011,-0.037,-0.081,-0.039,-0.019,-0.042,-0.017,-0.002,-0.003,-0.012,-0.011,-0.006,-0.017,0.014,0.000,-0.007,-0.094
7.506,6.030,4.979,4.652,5.164,5.520,5.922,5.635,5.725,6.710,6.801,6.565,6.110,5.844,5.950,6.081,6.771,6.739,6.799,7.056,7.544,7.542,7.238,7.445,7.623,8.014,7.821,7.775,7.742,7.779,7.420,7.409,7.627,7.949,7.840,7.621,7.556,7.417,7.732,7.647,18.786,-0.163,-0.077,0.012,-0.124,-0.134,0.065,0.528,0.197,0.036,-0.190,-0.008,-0.029,-0.090,-0.088,-0.095,-0.025,0.070,-0.023,0.040,0.062,0.206,0.094,-0.145,0.069,0.080,-0.051,-0.241,-0.006,-0.052,-0.080,-0.145,-0.037,0.041,0.016,-0.023,0.006,-0.066,-0.031,-0.004,-0.084,-0.228,0.009,-0.002,0.035,0.045,-0.001,-0.108,-0.070,-0.019,-0.012,-0.043,-0.034,-0.085,-0.021,0.022,0.069,0.099,-0.018,0.004,-0.012,0.025,-0.006,0.011,-0.018,-0.037,-0.014,-0.027,0.017,-0.029,0.017,-0.030,0.013,0.004,-0.014,-0.043,0.014,0.019,0.003,0.033,-0.018,-0.006,-0.005
7.357,5.779,5.507,5.053,5.268,5.567,5.452,5.920,5.307,5.481,6.801,6.284,6.072,6.249,5.402,5.631,6.067,6.779,6.582,6.357,7.375,7.439,6.841,7.794,7.400,7.480,7.453,7.694,7.192,7.131,6.969,7.630,7.660,7.752,7.747,7.269,7.367,7.412,7.662,7.567,18.455,-0.033,-0.046,-0.005,-0.145,-0.117,-0.015,0.195,0.074,-0.035,-0.250,-0.136,-0.181,-0.022,-0.067,0.060,0.226,0.050,-0.101,0.027,0.043,0.034,0.088,-0.101,-0.019,0.059,-0.015,-0.094,-0.089,0.024,-0.075,-0.095,-0.025,0.013,-0.000,-0.012,-0.026,0.021,0.012,-0.016,-0.049,-0.126,0.048,0.017,0.010,0.050,0.014,-0.080,-0.138,-0.087,0.028,0.094,0.039,-0.039,0.035,0.038,0.088,0.079,0.005,0.018,-0.001,0.048,-0.044,-0.004,0.030,-0.068,-0.027,0.000,0.092,0.004,0.046,0.015,0.055,0.010,-0.015,-0.036,0.027,0.041,0.014,0.018,-0.003,0.010,0.080
7.271,5.693,5.254,4.650,5.208,4.945,5.795,5.360,4.987,5.476,6.194,5.842,5.852,6.020,5.955,6.811,7.274,6.630,6.605,6.891,7.485,7.539,6.865,7.515,7.778,7.819,7.334,7.681,7.420,7.221,6.854,7.090,7.596,7.532,7.646,7.777,7.574,7.480,7.440,7.344,18.413,0.038,-0.020,-0.017,0.019,-0.063,-0.129,-0.182,-0.155,0.027,0.011,0.044,-0.171,-0.076,0.005,0.115,0.212,-0.047,0.037,-0.019,0.085,-0.017,0.027,-0.111,-0.159,0.010,-0.054,0.106,-0.070,0.032,-0.050,0.031,0.050,-0.005,-0.038,0.044,0.072,0.047,0.039,-0.005,0.017,0.035,0.055,0.033,-0.011,0.058,-0.005,-0.062,-0.187,-0.062,0.060,0.138,0.110,0.054,0.069,0.033,0.044,-0.031,-0.038,0.003,-0.028,-0.006,-0.084,-0.043,0.049,-0.025,-0.037,-0.006,0.089,0.027,0.014,0.029,0.069,0.027,-0.012,-0.007,0.032,0.014,-0.011,-0.015,0.004,0.039,0.086
7.608,5.775,5.494,5.081,5.261,5.452,5.550,5.835,5.358,5.767,6.275,5.970,5.839,5.927,6.267,6.981,6.437,6.558,6.988,7.094,7.330,7.501,7.015,7.109,7.733,7.913,7.751,7.479,7.674,7.488,7.104,7.423,7.715,7.752,7.802,7.485,7.862,7.520,7.629,7.528,18.692,0.051,0.043,-0.002,0.023,-0.103,-0.147,-0.068,-0.152,0.195,0.308,0.230,-0.010,0.143,0.055,0.157,0.109,0.021,0.063,0.034,0.178,-0.023,0.063,0.028,-0.187,-0.028,-0.022,0.125,0.028,0.085,0.018,0.085,0.057,0.004,-0.028,0.066,0.105,-0.028,-0.007,0.003,0.006,0.126,-0.005,0.018,0.002,0.052,0.015,-0.021,-0.081,-0.014,0.016,0.099,0.100,0.077,0.025,0.021,0.005,-0.078,0.014,-0.007,-0.020,-0.037,-0.038,-0.065,0.052,0.049,-0.037,-0.005,0.009,0.052,-0.017,0.013,0.019,-0.003,-0.001,0.013,0.015,-0.000,-0.039,-0.027,-0.002,0.021,0.013
7.570,5.933,4.902,4.731,4.854,4.933,4.965,4.902,5.835,6.622,7.283,5.865,5.846,6.029,6.092,6.467,6.353,7.036,6.502,7.111,7.481,7.644,6.595,6.991,7.507,7.529,8.204,7.531,7.660,7.352,7.508,7.760,7.572,7.760,8.033,7.871,7.543,7.559,7.726,7.753,18.843,0.070,0.042,-0.047,0.080,-0.163,-0.178,-0.276,-0.000,0.218,0.219,0.357,0.154,0.174,0.017,0.078,-0.121,-0.107,-0.087,-0.105,-0.034,-0.186,-0.110,0.033,0.031,-0.063,-0.077,0.094,0.073,-0.011,0.018,0.108,0.054,-0.017,-0.005,0.098,0.009,-0.096,-0.096,0.009,0.084,0.076,-0.058,0.009,0.039,0.043,0.067,0.051,0.018,0.035,-0.062,-0.032,-0.067,0.019,-0.047,-0.025,-0.017,-0.028,0.075,-0.038,0.014,-0.070,-0.004,-0.040,0.061,0.075,-0.021,0.016,-0.049,0.031,-0.023,0.002,-0.042,-0.043,0.002,0.025,-0.034,-0.047,-0.016,-0.005,0.002,-0.003,-0.100
7.461,5.873,5.673,5.129,4.927,4.838,5.529,5.390,5.861,6.450,7.404,6.221,6.791,6.519,6.118,6.349,6.633,6.889,6.805,7.139,7.260,7.704,7.118,7.121,7.394,7.513,7.643,7.909,7.497,7.157,7.069,7.582,7.690,7.497,7.886,7.749,7.243,7.338,7.532,7.394,18.869,-0.073,0.012,0.021,0.086,0.006,-0.098,-0.165,-0.072,-0.050,0.139,0.210,0.042,-0.024,0.031,0.104,0.000,0.150,-0.076,-0.030,-0.084,-0.071,-0.168,0.089,0.132,-0.089,-0.027,-0.044,0.099,-0.041,-0.046,-0.037,-0.043,0.015,0.050,0.034,0.005,-0.100,-0.054,-0.033,0.021,-0.082,-0.158,-0.012,0.032,-0.013,0.082,0.081,0.038,-0.027,-0.138,-0.124,-0.187,-0.074,-0.123,-0.040,-0.047,0.025,0.065,-0.011,0.006,-0.058,0.031,-0.024,-0.006,0.024,0.000,0.028,-0.045,-0.027,-0.027,0.005,-0.030,-0.031,-0.009,0.019,-0.049,-0.044,0.029,0.026,0.013,-0.008,-0.230
7.693,5.851,4.931,5.026,4.558,4.364,4.428,5.581,5.826,6.231,7.412,6.487,6.244,5.809,6.420,6.520,6.640,6.028,6.169,6.698,6.592,6.887,6.979,7.664,7.634,7.634,7.858,7.829,7.452,7.477,7.412,7.281,7.525,7.635,8.094,7.689,7.402,7.092,7.531,7.829,18.704,-0.191,0.041,0.168,0.203,0.217,0.104,-0.045,-0.019,-0.161,-0.064,-0.283,-0.104,-0.226,-0.111,0.057,0.124,0.263,-0.082,0.082,-0.135,-0.012,-0.058,0.164,0.058,-0.067,0.029,-0.054,0.048,-0.020,-0.007,-0.118,-0.114,-0.002,0.048,-0.111,-0.116,0.003,0.038,0.024,-0.006,-0.359,-0.185,-0.042,0.031,-0.040,0.057,0.075,0.099,-0.039,-0.110,-0.110,-0.214,-0.107,-0.070,-0.007,-0.075,0.039,0.036,0.035,0.003,0.010,0.050,0.031,-0.038,-0.040,0.029,0.050,-0.028,-0.051,-0.000,0.006,-0.002,0.001,-0.020,-0.014,-0.040,-0.019,0.041,0.053,0.017,-0.029,-0.283
7.180,5.876,5.586,5.366,5.441,5.249,4.992,5.135,5.114,6.657,7.258,5.869,5.520,6.195,6.626,6.957,7.044,6.684,7.006,6.880,7.417,7.040,7.268,7.434,7.226,7.724,7.703,7.823,7.575,7.197,6.966,7.446,7.812,8.065,7.942,7.599,7.431,7.484,7.561,7.594,18.353,-0.611,-0.015,0.050,-0.104,0.114,0.115,0.008,-0.279,-0.303,-0.170,-0.387,-0.254,-0.274,-0.081,-0.068,0.113,0.160,0.005,-0.029,-0.060,0.042,-0.082,-0.068,-0.082,-0.024,0.064,-0.027,-0.096,-0.044,0.058,0.051,-0.013,-0.048,0.041,-0.076,-0.052,0.066,0.055,0.061,0.010,-0.805,-0.063,-0.079,-0.051,-0.043,-0.021,0.035,0.064,0.035,-0.010,-0.065,-0.083,-0.011,0.071,0.022,-0.103,-0.019,-0.050,0.001,-0.054,0.022,-0.006,0.016,-0.066,-0.024,0.060,0.020,0.001,-0.043,-0.004,0.006,0.030,0.021,-0.031,-0.045,-0.018,0.003,0.034,0.036,0.000,-0.014,-0.178
6.755,6.138,5.783,5.628,5.684,5.246,5.010,4.936,5.402,6.200,5.939,5.522,5.351,5.638,6.125,6.785,7.461,6.730,6.810,6.567,7.341,7.687,7.339,7.123,7.255,7.571,7.906,7.812,7.520,7.296,6.970,7.258,7.502,7.715,7.450,7.368,7.467,7.678,7.831,7.620,17.304,-0.588,-0.152,0.096,-0.025,0.069,0.092,0.133,-0.090,-0.205,-0.178,-0.413,-0.234,-0.050,0.037,-0.211,0.017,0.066,0.046,-0.092,0.003,0.008,0.005,-0.077,-0.062,0.051,0.127,-0.053,-0.083,-0.011,-0.005,0.052,0.044,-0.084,-0.069,-0.046,-0.060,0.028,0.115,0.048,-0.058,-0.976,0.093,-0.083,-0.084,-0.037,-0.102,-0.027,0.012,0.086,0.041,0.003,0.115,0.098,0.148,0.071,-0.055,-0.042,-0.099,-0.009,-0.052,0.040,-0.010,-0.029,-0.050,0.020,0.043,-0.022,-0.020,-0.020,-0.006,-0.014,0.034,0.027,-0.008,-0.040,0.010,0.040,0.005,0.002,-0.024,-0.012,0.052
4.875,5.653,5.496,4.310,4.933,4.972,5.277,4.316,4.558,5.617,6.205,5.435,5.868,6.200,5.924,6.782,7.022,6.563,6.341,6.905,7.097,6.892,6.597,6.980,7.463,7.863,7.486,7.437,7.242,7.537,7.543,7.528,7.461,7.660,7.829,7.650,7.541,7.321,7.686,7.548,15.546,-0.191,-0.284,-0.198,-0.014,-0.022,0.084,0.067,0.137,-0.080,-0.129,-0.141,0.054,0.241,0.069,-0.274,-0.040,-0.000,-0.137,-0.212,-0.042,-0.111,-0.118,-0.122,0.072,0.151,0.025,-0.041,-0.050,-0.067,-0.017,0.030,-0.019,-0.100,-0.116,-0.090,-0.006,0.056,0.088,-0.044,-0.022,-0.662,0.238,-0.015,-0.055,0.043,-0.055,-0.022,-0.034,0.103,0.106,0.041,0.158,0.140,0.106,0.032,0.015,-0.033,-0.058,0.005,0.018,0.008,-0.005,-0.001,0.036,0.042,-0.014,-0.058,-0.016,-0.004,0.002,-0.028,-0.023,-0.005,0.016,-0.013,-0.007,0.019,-0.028,-0.026,-0.025,-0.005,0.262
5.906,5.201,5.455,5.430,5.154,4.962,4.948,5.539,5.081,5.859,5.872,5.533,5.822,5.990,5.716,6.690,6.982,6.320,6.040,6.700,6.793,6.984,6.928,7.581,7.770,8.201,7.702,7.606,7.563,7.284,7.383,7.459,7.283,7.494,7.918,7.364,7.485,7.746,7.707,7.564,15.226,0.064,-0.239,-0.127,-0.026,-0.224,-0.017,-0.015,0.205,-0.067,-0.067,0.167,0.230,0.255,0.172,-0.113,-0.011,-0.154,-0.054,-0.087,0.057,0.013,-0.185,-0.061,0.079,0.063,-0.059,-0.144,-0.073,-0.037,-0.041,0.061,0.022,-0.015,-0.072,-0.054,0.059,0.032,0.032,-0.046,-0.050,-0.170,0.169,0.070,-0.010,0.019,-0.005,-0.041,-0.078,-0.004,0.095,0.030,0.118,0.071,-0.012,-0.030,0.069,-0.010,-0.021,0.026,0.074,0.001,0.004,0.020,0.044,-0.008,-0.060,-0.094,0.001,-0.008,-0.007,-0.004,-0.031,-0.004,0.042,0.019,-0.006,-0.006,-0.032,-0.049,-0.011,0.018,0.277
6.647,4.923,4.759,5.396,5.596,5.811,5.360,5.518,4.874,6.181,6.586,6.134,6.488,6.361,5.458,6.802,7.283,6.204,6.332,6.605,7.137,6.803,6.864,7.563,7.722,7.535,7.602,7.677,7.218,7.120,6.911,7.252,7.420,7.596,7.256,7.571,7.700,7.892,7.403,7.513,16.082,0.252,-0.045,-0.112,0.113,-0.013,0.059,-0.089,0.088,0.157,-0.018,0.114,0.213,0.102,0.014,-0.043,-0.040,-0.021,0.082,0.057,-0.046,0.013,0.008,0.105,0.058,-0.099,-0.131,-0.060,-0.121,-0.020,-0.065,-0.071,-0.029,-0.002,-0.024,-0.109,-0.016,-0.075,-0.034,-0.016,-0.020,0.103,0.018,0.104,0.066,-0.001,0.036,-0.052,-0.038,-0.046,0.094,0.004,-0.006,-0.054,-0.113,-0.103,0.075,-0.015,0.009,0.052,0.077,0.017,0.008,0.052,0.051,-0.034,-0.057,-0.046,0.028,0.008,0.013,0.028,-0.013,0.013,0.050,0.026,0.026,-0.020,-0.022,-0.039,0.013,0.024,0.143
6.187,5.307,5.517,4.954,4.232,4.742,4.893,5.360,4.911,5.582,6.582,6.325,6.315,6.416,5.792,6.720,6.558,6.639,6.378,7.003,7.388,6.809,6.899,7.224,7.438,7.440,7.127,7.327,7.349,7.297,7.591,7.507,7.449,7.387,7.467,7.704,7.548,7.554,7.744,7.388,16.187,0.036,0.077,0.003,0.008,0.041,-0.100,-0.180,-0.087,0.154,-0.083,0.047,0.043,-0.043,-0.087,0.020,-0.036,-0.029,0.067,0.144,0.010,-0.034,0.044,0.031,-0.095,-0.124,-0.263,-0.038,-0.089,-0.068,-0.001,-0.050,0.027,0.078,-0.017,-0.068,-0.086,-0.067,-0.071,-0.019,0.033,0.025,-0.024,0.092,0.043,0.002,0.097,-0.011,0.049,-0.001,0.072,-0.013,-0.071,-0.103,-0.115,-0.093,0.043,-0.021,0.035,-0.010,0.046,0.003,-0.025,0.043,0.037,-0.010,0.013,0.015,0.047,0.037,0.010,0.047,-0.012,0.003,0.032,0.005,0.026,-0.009,0.017,0.001,0.015,0.029,0.031
5.995,5.375,4.905,5.115,5.330,5.378,4.857,4.843,5.429,5.665,6.419,6.105,6.133,6.056,5.668,6.565,7.126,6.814,6.458,6.526,6.866,7.018,7.135,7.449,7.134,7.589,7.471,6.971,7.249,7.205,7.084,7.362,7.368,7.593,7.510,7.400,7.135,7.247,7.586,7.536,15.580,-0.086,0.077,0.067,-0.038,0.024,-0.133,-0.040,0.052,0.282,-0.103,-0.110,-0.120,-0.175,-0.316,0.034,-0.105,-0.020,0.061,0.059,0.067,-0.047,0.030,0.089,-0.010,-0.043,-0.103,0.045,-0.003,0.013,0.102,0.019,0.044,0.102,-0.012,0.048,-0.031,-0.003,-0.057,0.008,0.056,-0.044,-0.050,0.031,0.047,-0.007,0.045,-0.027,0.082,0.042,-0.012,0.012,0.001,-0.049,-0.042,0.001,0.013,0.002,0.013,-0.026,0.003,0.031,0.022,0.004,-0.002,0.010,0.059,0.049,0.009,0.056,0.007,0.034,0.016,0.015,0.004,-0.002,0.033,0.022,0.055,0.032,0.016,0.002,0.009
6.410,5.360,5.397,5.610,5.490,4.679,4.297,5.440,5.572,5.701,6.189,5.763,5.785,5.707,5.713,6.630,6.913,6.349,6.698,6.790,6.761,7.096,6.947,7.163,7.445,6.861,7.576,7.512,7.206,7.236,7.046,7.537,7.698,7.408,7.450,7.021,7.434,7.711,7.523,7.715,15.604,0.113,0.159,-0.001,0.059,0.241,0.024,0.206,0.219,0.229,-0.091,-0.076,-0.119,-0.180,-0.130,0.065,-0.082,0.021,-0.096,0.144,0.017,-0.083,0.019,0.129,0.062,0.098,0.004,0.037,0.053,-0.003,0.111,-0.042,0.002,0.091,-0.053,-0.004,0.021,0.083,0.051,0.017,0.058,0.060,-0.033,0.004,-0.003,-0.006,0.009,-0.001,0.065,0.027,-0.049,0.076,0.079,0.031,0.045,0.093,-0.020,0.011,0.026,0.017,-0.041,0.013,0.046,-0.005,-0.032,0.024,0.040,0.078,-0.008,0.036,0.015,-0.003,0.015,-0.011,-0.050,0.019,0.028,0.025,0.025,0.015,0.017,-0.018,-0.032
6.106,5.281,5.156,4.880,5.088,5.179,5.457,5.737,5.953,5.606,6.230,5.814,5.879,5.137,5.665,6.322,7.005,6.653,6.466,7.046,7.217,6.809,7.285,7.541,7.502,7.309,7.602,7.570,7.354,7.660,7.277,7.457,7.807,7.526,7.504,7.757,7.743,7.527,7.556,7.628,16.155,-0.035,0.070,0.123,0.051,0.113,-0.139,0.126,0.143,0.062,0.045,0.181,0.048,-0.037,0.039,-0.003,-0.007,0.018,0.033,0.072,0.105,0.146,0.041,0.047,0.030,0.085,-0.020,-0.052,0.086,-0.020,0.046,0.007,0.061,0.012,-0.018,0.023,0.040,0.126,0.064,0.043,-0.024,0.130,-0.031,-0.029,-0.053,-0.023,-0.057,-0.036,-0.026,-0.039,-0.103,0.104,0.074,0.054,0.082,0.123,-0.028,0.039,0.018,0.042,-0.060,-0.022,0.032,-0.005,-0.084,-0.007,0.003,0.042,-0.011,0.001,0.007,-0.045,0.000,-0.018,-0.068,0.037,0.024,-0.016,-0.024,-0.007,0.005,-0.016,-0.097
6.695,6.151,5.387,5.366,5.560,4.961,5.622,6.010,5.793,5.157,6.297,5.875,5.541,6.224,6.120,6.432,6.724,6.241,7.095,6.826,6.798,7.009,7.471,7.488,7.742,7.600,7.245,7.294,7.281,7.624,7.284,7.470,7.686,7.157,7.452,7.632,7.659,7.669,7.844,7.629,16.199,-0.156,0.098,-0.041,-0.066,0.041,-0.104,0.061,0.001,0.018,0.225,0.294,0.114,0.111,0.199,-0.059,-0.031,0.081,0.165,-0.069,0.058,0.101,0.015,-0.108,0.006,0.010,0.085,-0.027,0.046,0.023,0.012,0.031,-0.036,-0.128,0.081,0.082,0.006,-0.004,-0.056,0.049,-0.020,-0.222,-0.053,-0.081,-0.093,-0.062,-0.101,-0.015,-0.080,-0.093,-0.077,0.077,-0.035,0.009,0.049,0.012,-0.025,0.021,-0.003,0.048,-0.091,-0.037,-0.013,-0.031,-0.072,-0.022,-0.044,0.018,0.012,-0.006,0.021,-0.037,0.005,-0.032,-0.040,0.047,0.027,-0.020,-0.048,-0.025,-0.009,0.002,-0.133
5.675,5.331,5.527,5.492,5.860,4.542,4.827,5.272,5.629,6.161,7.269,6.288,6.070,5.992,5.451,6.630,7.313,7.036,6.618,7.033,7.578,7.264,7.107,7.439,7.410,7.120,7.376,7.508,7.111,7.243,6.998,7.702,7.435,7.631,7.625,7.297,7.650,7.586,7.641,7.460,15.930,-0.106,-0.036,-0.177,-0.090,-0.160,-0.249,-0.098,-0.034,-0.127,0.260,0.075,0.033,0.089,0.133,-0.046,0.062,0.037,0.139,-0.133,-0.062,0.022,0.006,-0.213,-0.017,0.015,0.066,0.021,0.007,0.034,-0.074,-0.017,-0.027,-0.127,0.105,0.125,-0.103,-0.079,-0.036,0.017,0.014,-0.386,-0.001,-0.041,-0.072,-0.029,-0.057,0.079,-0.020,-0.043,-0.016,-0.035,-0.173,-0.037,-0.022,-0.047,0.032,0.023,-0.017,-0.028,-0.040,-0.114,-0.083,-0.014,0.016,-0.001,-0.033,0.013,0.013,-0.028,0.019,0.003,0.006,-0.044,0.010,-0.006,-0.016,0.003,-0.032,-0.002,0.001,0.027,-0.099
5.847,5.827,5.008,4.974,5.309,4.480,4.916,5.678,5.823,6.548,7.139,6.094,6.245,6.274,5.524,6.319,7.166,6.980,6.278,7.085,7.083,6.945,6.494,7.245,7.543,7.378,7.551,7.773,7.443,7.505,7.342,7.235,7.241,7.762,7.802,7.281,7.461,7.401,7.723,7.702,14.605,-0.115,-0.190,-0.317,-0.182,-0.128,0.005,-0.081,-0.155,-0.063,0.188,-0.198,-0.068,0.001,-0.119,-0.036,-0.010,-0.003,0.091,-0.206,-0.084,-0.084,-0.117,-0.102,-0.025,-0.088,0.054,0.060,0.062,0.074,-0.015,-0.007,-0.112,-0.039,0.120,0.081,-0.006,-0.055,-0.023,-0.014,0.049,-0.349,0.049,-0.011,0.029,0.013,-0.002,0.116,0.030,0.012,0.019,-0.133,-0.157,-0.028,-0.056,-0.054,0.039,0.025,-0.036,-0.066,0.020,-0.120,-0.056,0.034,0.093,-0.006,-0.007,-0.017,-0.027,-0.033,-0.011,0.019,0.003,0.006,0.051,-0.070,-0.076,0.028,0.011,0.024,-0.004,0.007,0.120
5.998,5.262,4.459,4.625,4.413,4.175,5.320,5.734,5.304,6.211,6.186,5.867,5.973,5.775,5.731,6.689,6.970,6.977,6.210,6.608,7.182,6.871,6.707,7.578,7.677,7.748,7.554,7.364,7.441,7.349,7.165,7.441,7.393,7.746,7.953,7.417,7.446,7.481,7.701,7.661,15.023,-0.059,0.009,-0.099,-0.034,-0.086,0.202,0.099,0.005,0.023,-0.114,-0.440,-0.048,-0.090,-0.035,0.145,0.100,-0.025,-0.070,-0.059,-0.393,-0.175,0.036,0.123,0.043,-0.029,0.059,-0.031,-0.063,0.050,0.074,0.055,-0.118,0.016,-0.067,-0.056,0.060,-0.008,0.035,0.077,0.076,-0.301,0.109,0.067,0.098,0.035,0.054,0.112,0.051,0.032,0.033,-0.132,-0.015,0.007,-0.046,-0.028,-0.009,-0.018,-0.011,-0.065,0.061,-0.035,-0.033,0.059,0.089,-0.030,-0.021,-0.054,-0.053,-0.022,-0.024,0.040,0.015,0.029,0.034,-0.071,-0.083,0.028,0.016,0.015,-0.005,-0.010,0.300
5.961,5.236,4.334,4.888,5.644,5.171,4.970,5.002,5.641,6.074,5.849,5.744,5.593,5.738,5.798,6.350,6.880,6.727,6.269,6.619,6.573,6.619,7.160,7.295,7.167,7.555,7.455,7.676,7.485,7.498,7.165,7.039,7.510,7.698,7.692,7.544,7.486,7.608,7.746,7.772,14.909,0.067,0.022,0.066,-0.029,-0.007,0.251,0.110,0.042,0.040,-0.251,-0.234,0.012,-0.077,0.011,0.039,0.073,-0.068,-0.059,-0.006,-0.378,-0.083,0.173,0.187,-0.053,-0.002,0.002,-0.136,-0.084,-0.041,0.035,0.010,0.038,0.055,-0.182,-0.209,0.064,0.017,0.030,-0.001,-0.016,0.335,0.164,0.084,0.109,0.066,0.044,0.006,0.018,0.015,-0.023,-0.044,0.126,0.012,-0.025,0.006,-0.037,-0.032,-0.006,-0.049,0.089,0.084,0.019,0.044,0.011,-0.041,-0.019,-0.063,-0.026,-0.014,-0.022,0.018,0.002,0.035,-0.021,-0.038,-0.030,0.002,0.013,0.001,-0.021,-0.020,0.395
5.323,5.673,5.369,5.364,5.261,5.206,5.296,5.634,5.833,5.828,5.714,6.223,5.949,6.083,6.038,7.116,7.331,6.813,6.330,5.303,6.957,7.604,7.391,7.628,7.451,7.325,7.268,7.240,7.340,7.614,7.361,7.208,7.383,7.327,7.401,7.467,7.601,7.656,8.017,7.806,14.274,0.350,0.195,0.120,0.008,0.050,0.188,0.061,0.029,-0.011,-0.181,0.020,0.029,-0.100,-0.071,-0.127,-0.068,0.015,-0.109,0.074,-0.087,-0.146,0.154,0.088,-0.154,-0.132,-0.180,-0.145,-0.028,-0.032,0.103,0.050,0.045,-0.006,-0.100,-0.144,0.005,-0.035,0.012,-0.015,-0.006,0.772,0.162,0.006,-0.036,0.025,0.037,-0.098,-0.056,-0.057,-0.076,0.079,0.184,-0.015,0.003,0.000,-0.042,-0.055,-0.007,-0.043,0.060,0.214,0.053,-0.059,-0.067,-0.036,-0.037,-0.020,0.046,0.027,0.013,-0.014,-0.013,0.007,-0.043,0.035,0.049,-0.003,0.009,-0.012,-0.029,-0.018,0.345
6.522,5.733,4.884,4.462,4.852,5.217,5.480,5.937,5.757,5.487,6.206,5.974,5.873,6.177,5.564,6.473,6.644,6.767,6.187,5.846,6.783,7.443,7.085,6.957,7.647,7.599,7.012,7.417,7.290,7.549,7.293,7.540,7.523,7.061,7.032,7.574,7.470,7.462,7.558,7.549,16.654,0.502,0.138,0.117,0.126,0.026,0.040,0.026,-0.095,-0.159,0.004,0.202,-0.045,-0.120,-0.071,-0.085,-0.084,-0.050,-0.134,0.173,0.184,-0.004,0.045,-0.029,-0.132,-0.132,-0.142,-0.011,-0.026,0.003,0.059,0.005,-0.017,-0.133,-0.052,-0.023,0.035,0.023,-0.006,-0.073,-0.009,1.089,0.045,-0.026,-0.078,0.036,-0.003,-0.126,-0.081,-0.073,-0.072,0.137,0.098,-0.018,0.045,0.031,0.035,-0.016,0.013,-0.005,0.031,0.160,0.070,-0.110,-0.052,0.038,-0.017,0.021,0.066,0.033,0.035,-0.024,-0.017,-0.021,-0.026,0.062,0.094,0.005,0.023,-0.000,0.003,0.003,0.054
7.468,5.988,4.785,4.880,5.058,5.092,5.372,5.410,5.190,5.599,6.105,5.898,5.331,5.199,5.211,6.286,7.160,6.414,6.620,6.557,6.350,7.227,7.184,6.975,6.778,6.826,7.050,7.354,7.380,7.838,7.351,7.414,7.357,7.567,7.563,7.425,7.280,7.612,7.720,7.743,18.010,0.532,-0.018,-0.306,0.011,0.084,-0.184,-0.137,-0.211,-0.259,0.154,0.262,-0.095,-0.052,0.008,-0.004,-0.095,-0.071,-0.248,0.152,0.394,0.052,-0.197,-0.105,-0.096,-0.150,0.032,0.136,0.045,0.093,-0.007,-0.009,-0.056,-0.103,0.043,0.094,0.061,0.035,-0.007,-0.032,-0.015,1.048,-0.099,-0.059,-0.025,0.025,-0.052,-0.082,-0.069,-0.045,0.017,0.091,0.008,0.007,0.089,0.076,0.092,0.044,0.003,0.069,-0.009,0.026,0.084,-0.055,-0.022,0.083,0.055,0.058,0.036,0.017,0.007,-0.053,-0.046,0.005,0.024,0.034,0.060,0.017,0.030,0.005,0.005,-0.002,-0.190
7.399,5.767,5.211,5.758,5.877,5.430,5.063,4.640,5.169,6.208,6.665,5.679,5.301,5.827,5.787,6.342,6.714,6.254,6.990,6.914,6.858,7.032,7.120,6.959,6.845,7.095,7.508,7.487,7.480,7.679,7.195,6.854,6.857,7.318,7.495,7.738,7.760,7.600,7.530,7.760,18.486,0.203,-0.003,-0.110,0.148,-0.040,-0.193,-0.193,-0.204,-0.194,0.266,0.137,-0.015,0.124,0.127,0.154,0.008,0.041,-0.015,0.107,0.179,0.168,-0.203,0.021,0.108,-0.077,-0.001,0.054,0.047,0.070,-0.029,-0.044,-0.018,-0.026,0.058,0.144,0.060,0.097,0.038,0.020,0.002,0.469,-0.155,-0.016,0.049,-0.022,-0.046,-0.011,-0.027,0.042,0.092,-0.034,-0.071,0.035,0.056,0.011,0.055,0.053,0.014,0.094,-0.058,-0.068,0.020,0.029,0.005,0.060,0.077,0.023,-0.037,0.011,-0.011,-0.033,-0.026,0.045,0.063,0.021,0.008,-0.017,-0.012,0.005,0.013,-0.005,-0.310
7.542,5.568,3.674,4.772,5.168,4.181,4.819,5.229,4.833,6.237,6.793,5.895,5.977,6.298,5.908,6.709,6.943,5.831,6.689,6.738,7.181,6.826,6.851,7.144,7.103,7.739,7.698,7.429,7.712,7.514,7.366,7.272,7.201,7.412,7.641,7.688,7.631,7.553,7.871,7.623,18.596,0.005,-0.029,0.107,0.123,-0.176,-0.105,-0.175,-0.142,0.093,0.143,0.092,0.047,0.223,0.212,0.214,0.106,-0.017,0.177,0.060,0.046,0.187,0.003,-0.049,0.141,0.117,0.042,0.001,0.022,-0.029,-0.117,-0.154,0.070,0.061,0.017,0.073,0.076,0.075,0.014,-0.037,-0.024,0.131,-0.132,0.015,0.149,-0.028,0.021,0.098,0.019,0.030,0.098,-0.134,-0.123,0.014,-0.023,-0.066,0.007,0.024,0.002,0.081,-0.056,-0.098,-0.030,0.089,0.017,0.016,0.056,-0.036,-0.063,-0.004,-0.043,-0.016,0.001,0.034,0.028,-0.002,-0.031,-0.026,-0.025,0.000,-0.002,-0.008,-0.260
7.498,5.926,4.888,5.255,4.598,4.709,4.791,5.009,4.963,6.496,6.545,5.900,6.172,6.262,5.985,6.301,6.957,6.982,6.689,6.653,7.207,6.628,7.356,7.413,7.098,7.135,6.959,7.612,7.475,7.566,7.064,7.522,7.472,7.428,7.712,7.744,7.781,7.682,7.582,7.619,18.704,-0.012,0.061,0.155,-0.038,-0.072,-0.052,-0.090,0.081,0.126,-0.159,-0.066,0.056,0.023,-0.117,0.081,0.080,-0.008,0.121,-0.069,0.021,0.030,0.090,-0.031,0.050,0.122,-0.032,-0.130,0.042,0.007,-0.049,-0.052,0.147,0.102,0.067,0.026,-0.058,-0.060,0.008,-0.004,-0.028,-0.005,-0.039,0.003,0.038,-0.072,0.083,0.087,0.048,0.017,-0.005,-0.157,-0.107,-0.025,-0.065,-0.094,-0.042,-0.005,-0.021,-0.020,-0.022,-0.037,-0.050,0.049,-0.023,-0.038,0.009,-0.020,-0.028,-0.019,-0.022,-0.009,0.036,0.002,-0.011,-0.009,-0.061,-0.034,-0.034,-0.015,0.006,-0.008,-0.103
7.444,5.764,5.482,5.744,4.819,4.929,4.631,4.515,5.758,6.170,6.623,6.021,6.012,6.042,6.179,6.836,6.955,6.937,7.070,6.916,7.109,7.443,6.822,7.451,7.236,7.014,7.328,7.399,7.240,7.310,6.648,7.431,7.357,7.598,7.821,7.802,7.647,7.643,7.510,7.696,18.557,-0.024,0.026,0.305,-0.037,0.204,0.236,-0.093,-0.201,0.070,-0.306,-0.254,-0.059,-0.116,-0.201,0.070,-0.009,-0.036,0.087,-0.038,-0.016,-0.029,0.104,0.005,0.010,0.032,-0.133,-0.086,0.027,-0.091,-0.078,-0.002,0.030,-0.028,0.030,-0.001,-0.010,-0.009,0.010,-0.031,-0.041,-0.014,0.016,-0.008,-0.063,-0.057,0.078,0.054,0.073,0.019,-0.095,-0.088,-0.111,-0.052,-0.009,-0.013,-0.067,-0.047,-0.032,-0.054,0.001,-0.003,-0.009,-0.016,0.005,-0.026,-0.019,0.012,0.012,-0.023,-0.018,0.011,0.062,-0.032,-0.030,-0.019,-0.040,-0.023,-0.015,-0.009,0.017,-0.001,0.004
7.391,5.975,5.084,5.083,5.689,4.794,4.706,5.400,5.335,5.448,6.420,5.898,5.398,5.368,6.055,6.679,6.668,6.304,6.453,6.929,7.043,7.173,6.981,7.055,7.387,7.298,7.043,7.711,7.750,7.536,7.293,7.509,7.290,7.560,7.536,7.392,7.454,7.593,7.689,7.586,18.481,0.022,-0.017,-0.022,-0.131,0.184,0.070,0.005,-0.089,-0.208,-0.297,-0.227,-0.090,-0.031,-0.139,0.014,0.042,-0.053,-0.071,0.045,0.027,0.026,-0.008,-0.120,-0.018,0.011,-0.016,-0.042,-0.053,-0.006,-0.094,0.061,0.015,-0.037,0.006,-0.126,-0.065,-0.032,-0.032,0.046,-0.032,0.027,0.038,-0.010,-0.079,-0.003,-0.046,0.002,0.052,-0.001,-0.083,0.021,-0.033,-0.008,0.090,0.118,-0.044,-0.026,-0.010,-0.014,0.024,0.016,0.042,-0.033,0.002,-0.017,-0.023,0.044,0.074,-0.029,-0.040,0.008,0.029,-0.053,-0.014,-0.019,-0.004,0.010,0.010,-0.000,-0.004,0.008,0.059
7.478,5.673,5.100,4.672,5.641,5.320,4.395,4.027,4.996,5.232,5.588,5.603,5.784,5.741,6.221,6.477,6.906,6.606,6.618,6.521,7.117,7.074,7.062,7.375,7.117,6.992,7.228,7.514,7.119,7.137,7.241,7.427,7.153,7.496,7.725,7.815,7.751,7.647,7.663,7.434,18.638,0.067,-0.027,-0.118,-0.117,0.085,0.105,0.143,0.039,-0.216,-0.228,-0.385,-0.138,0.203,0.156,-0.089,-0.109,-0.152,0.006,0.006,0.026,0.146,-0.026,0.021,0.044,0.078,0.091,0.016,-0.048,-0.112,-0.038,0.098,-0.026,-0.019,-0.047,-0.050,-0.034,-0.016,-0.013,0.025,-0.029,0.136,0.036,0.029,-0.080,0.028,-0.124,-0.090,0.019,0.095,-0.018,0.086,0.089,0.066,0.055,0.080,-0.026,-0.001,-0.006,-0.018,-0.021,0.021,0.012,-0.053,-0.004,-0.022,0.004,0.055,0.080,-0.001,-0.016,0.044,-0.001,-0.040,0.021,-0.004,0.020,0.007,-0.006,0.003,-0.008,0.016,0.058
7.592,5.885,4.971,5.136,5.108,4.862,4.936,4.806,4.305,5.479,5.930,5.659,6.132,5.718,6.034,6.693,6.715,6.793,7.142,6.986,7.333,6.772,6.637,7.363,7.213,7.068,6.801,7.291,7.504,7.182,7.074,7.599,7.391,7.508,7.129,7.412,7.571,7.519,7.737,7.592,18.798,0.133,0.040,-0.030,-0.015,-0.245,0.022,0.051,-0.042,-0.147,-0.094,-0.167,0.058,0.315,0.292,-0.059,-0.001,-0.002,0.092,0.031,0.082,0.154,-0.008,-0.030,-0.050,-0.018,0.076,0.191,-0.066,-0.185,-0.029,0.042,-0.090,0.028,0.008,0.029,0.006,-0.008,0.017,-0.054,0.008,0.217,0.001,0.028,-0.001,0.029,-0.078,-0.074,-0.022,0.062,0.096,0.090,0.133,0.086,-0.042,-0.008,-0.012,-0.025,0.023,-0.004,-0.051,0.001,-0.064,-0.056,-0.003,-0.029,-0.024,0.008,0.056,0.032,-0.002,0.046,-0.023,-0.046,0.000,0.011,0.047,0.028,0.009,0.018,-0.012,0.003,0.007
7.677,5.673,4.948,5.135,5.537,5.421,5.232,5.009,5.193,5.016,4.941,5.449,6.660,6.648,5.742,6.285,6.171,6.721,6.754,7.017,7.694,7.511,7.099,7.518,7.713,7.586,7.531,7.367,6.803,7.296,7.248,7.257,7.211,7.392,7.772,7.622,7.511,7.617,7.610,7.548,19.077,0.100,0.142,-0.093,0.045,-0.199,-0.188,-0.021,0.250,-0.050,0.021,0.161,0.195,-0.017,-0.014,-0.025,0.008,-0.092,-0.086,-0.138,0.062,-0.033,-0.163,-0.060,-0.081,0.067,0.097,0.196,0.028,-0.084,0.109,0.004,-0.116,0.045,0.010,0.023,-0.012,-0.052,0.002,-0.022,0.020,0.183,-0.047,-0.010,0.022,0.022,-0.029,-0.105,-0.053,0.015,0.117,0.091,0.178,0.075,-0.143,-0.110,0.010,-0.006,0.062,-0.024,-0.038,-0.021,-0.113,-0.064,-0.037,-0.014,-0.035,-0.031,-0.016,0.034,0.054,0.006,-0.041,-0.021,-0.017,0.013,0.019,0.021,0.010,0.018,0.012,-0.006,-0.084
7.956,6.172,5.009,4.779,4.515,4.855,4.541,4.699,4.504,5.087,5.906,6.264,6.537,6.376,6.001,6.770,7.025,6.707,6.540,7.089,7.525,6.913,6.812,6.733,7.001,7.381,7.845,7.456,6.985,7.313,7.500,7.145,7.401,7.653,7.658,7.518,7.534,7.695,7.447,7.568,19.345,0.011,0.039,-0.040,-0.067,-0.064,-0.155,-0.021,0.118,0.189,0.028,0.166,0.175,-0.132,-0.094,-0.081,-0.139,0.033,-0.046,-0.136,0.012,-0.206,-0.218,-0.094,-0.099,-0.103,0.020,0.149,0.068,-0.031,0.062,-0.008,-0.171,-0.067,0.031,0.070,0.067,0.031,0.049,0.008,-0.041,0.037,-0.108,-0.038,0.068,0.041,0.098,-0.002,0.001,-0.007,0.104,0.061,0.078,-0.006,-0.095,-0.073,0.019,-0.018,0.030,-0.025,0.015,-0.034,-0.102,0.000,0.017,0.028,-0.007,-0.020,-0.070,0.011,0.065,-0.027,-0.032,0.013,-0.037,-0.013,-0.001,0.009,-0.003,0.006,0.024,-0.005,-0.177
7.796,6.239,4.617,5.074,4.942,4.386,4.489,5.328,4.646,5.531,6.406,6.278,5.498,5.341,6.114,6.480,6.292,6.217,6.229,6.778,6.857,6.190,6.677,7.283,7.556,7.320,7.687,7.570,6.959,7.615,7.050,7.075,7.371,7.472,7.577,7.700,7.509,7.568,7.700,7.544,19.281,-0.109,-0.077,-0.002,0.019,-0.149,-0.331,-0.088,0.032,0.199,0.167,0.336,0.177,-0.290,-0.201,-0.026,-0.071,0.139,-0.045,-0.099,-0.043,-0.240,-0.244,-0.134,-0.000,-0.054,-0.034,-0.044,0.057,0.081,-0.054,-0.082,-0.091,-0.056,0.008,0.023,0.043,0.013,0.064,0.054,-0.034,-0.193,-0.150,-0.036,0.111,0.047,0.093,0.120,0.043,-0.049,0.059,0.015,-0.028,-0.059,0.056,0.059,0.046,0.016,0.051,0.028,0.071,-0.047,-0.010,0.096,0.075,0.036,-0.010,-0.006,-0.066,-0.037,0.037,-0.046,0.013,0.062,-0.013,-0.024,0.004,-0.026,-0.018,-0.010,-0.011,0.007,-0.245
7.587,5.799,4.936,4.830,5.086,4.603,5.200,5.235,5.523,5.361,6.028,6.122,6.054,5.903,5.444,5.900,6.818,6.812,6.726,7.166,6.719,6.342,6.379,6.988,6.776,7.299,7.467,7.531,7.273,7.333,7.132,6.835,6.976,7.624,7.575,7.706,7.729,7.790,7.733,7.389,18.879,-0.302,-0.043,0.265,0.206,0.222,0.085,0.089,0.033,0.248,0.135,0.133,0.038,-0.024,0.020,0.036,-0.051,0.033,-0.055,0.089,-0.035,-0.250,0.033,0.092,0.048,0.010,0.043,-0.040,-0.024,0.057,-0.081,-0.074,-0.035,-0.105,-0.057,0.023,0.022,-0.054,0.016,0.029,0.008,-0.479,-0.100,0.029,0.072,0.036,0.049,0.141,0.053,0.017,-0.026,-0.016,-0.045,-0.071,0.097,0.053,0.068,0.058,0.007,0.037,0.055,-0.054,0.062,0.120,0.089,0.030,0.041,0.012,-0.029,-0.055,0.013,-0.012,0.036,0.090,0.040,-0.022,-0.005,-0.055,-0.040,-0.032,-0.027,0.029,-0.195
7.318,5.476,4.976,5.203,4.505,3.891,4.465,4.903,5.679,5.714,6.559,6.403,5.450,5.877,5.889,6.364,6.969,6.442,6.166,6.763,6.894,6.578,6.647,7.389,7.558,7.458,7.500,7.614,7.066,7.016,7.023,6.957,7.144,7.447,7.927,7.741,7.479,7.888,7.739,7.467,18.344,-0.496,0.002,0.311,0.144,0.124,0.294,0.138,0.049,0.216,0.039,0.038,-0.033,0.208,0.222,0.149,0.046,0.163,0.057,0.106,-0.148,-0.061,0.192,0.222,0.027,-0.042,0.054,-0.037,-0.109,0.055,-0.048,0.104,0.127,0.000,-0.065,0.067,-0.118,-0.097,-0.033,-0.085,0.032,-0.786,0.015,0.050,0.004,-0.039,0.003,0.124,0.057,0.056,-0.062,-0.053,-0.070,-0.062,0.087,0.024,0.017,0.028,-0.021,0.030,0.008,-0.024,0.087,0.083,0.060,-0.010,0.017,-0.002,0.012,-0.032,0.003,0.034,0.036,0.042,0.041,0.001,-0.021,-0.032,-0.010,-0.032,-0.017,0.021,-0.023
6.683,6.339,6.154,5.745,5.843,5.530,4.997,5.076,5.225,5.673,6.497,6.394,6.440,6.208,6.292,6.571,6.851,6.320,7.016,6.923,6.256,6.883,7.289,6.919,7.048,7.529,7.739,7.313,7.217,7.205,7.143,7.030,6.990,7.383,7.599,7.606,7.279,7.617,7.571,7.644,17.417,-0.294,0.145,0.161,0.048,0.045,0.240,0.130,0.196,0.053,0.014,0.089,-0.076,0.104,-0.039,0.173,0.094,0.054,0.089,0.037,-0.206,0.012,0.163,0.174,0.039,0.096,0.037,0.003,-0.126,0.045,-0.002,0.081,0.172,0.105,-0.044,0.024,-0.130,-0.111,-0.062,-0.058,0.072,-0.640,0.147,-0.011,-0.104,-0.079,-0.105,-0.068,-0.004,0.032,-0.068,-0.024,-0.027,-0.025,-0.028,-0.049,-0.063,-0.025,-0.051,-0.010,-0.087,0.002,0.094,0.018,-0.021,-0.007,0.007,-0.013,0.015,0.030,-0.008,0.027,-0.006,0.003,0.029,0.012,-0.043,0.018,0.045,-0.000,0.014,0.002,0.189
5.768,5.980,5.566,5.338,5.185,5.391,5.280,5.655,5.873,5.573,6.363,5.975,6.346,6.301,6.433,6.376,7.092,6.750,6.615,6.161,6.781,6.878,7.332,7.452,7.210,7.477,7.364,7.137,7.262,7.438,7.567,7.613,7.365,7.270,7.902,7.160,7.249,7.491,7.356,7.575,16.084,-0.038,0.079,0.071,-0.097,-0.047,0.212,0.175,0.229,-0.012,-0.037,0.008,-0.078,0.082,-0.053,-0.011,-0.005,0.022,0.033,-0.033,-0.076,0.061,0.106,0.126,-0.047,-0.013,-0.040,-0.006,-0.051,0.101,0.075,0.021,0.016,0.046,0.006,-0.083,-0.043,-0.009,-0.056,0.012,0.037,-0.225,0.197,-0.047,-0.088,-0.032,-0.031,-0.119,-0.037,-0.042,-0.047,0.040,-0.005,0.024,-0.089,-0.060,-0.102,-0.044,-0.090,-0.069,-0.093,0.060,0.046,-0.002,-0.057,-0.003,0.015,0.003,0.016,0.056,-0.028,0.013,-0.036,-0.041,-0.014,0.011,-0.054,0.070,0.074,0.022,0.041,-0.015,0.319
6.893,6.273,5.446,5.001,4.972,5.051,5.442,5.839,5.689,5.500,6.573,5.957,6.126,5.494,6.035,6.366,7.028,7.103,6.689,6.437,6.838,7.006,6.908,7.152,7.430,7.472,7.551,7.140,7.401,7.114,7.263,7.367,7.390,7.492,7.707,7.348,7.289,7.678,7.634,7.696,16.808,0.202,-0.134,-0.134,-0.068,-0.218,-0.216,0.049,0.101,0.021,0.056,0.013,-0.064,-0.101,-0.087,-0.199,-0.151,-0.152,-0.090,-0.279,-0.059,0.158,0.166,0.033,0.048,0.032,0.025,0.018,0.097,-0.008,-0.008,-0.065,0.033,0.020,-0.033,-0.117,0.073,0.128,0.026,0.051,0.017,0.187,0.088,-0.079,-0.052,0.021,0.049,-0.075,-0.045,-0.108,-0.026,0.038,-0.024,0.047,-0.046,0.016,-0.067,-0.025,-0.036,-0.052,-0.026,0.061,0.024,-0.008,-0.046,0.011,0.008,0.014,-0.006,0.050,-0.042,0.012,0.007,-0.016,-0.017,0.013,-0.022,0.051,0.057,0.019,0.003,-0.032,0.218
7.022,5.905,5.684,5.090,4.706,5.189,5.119,5.664,5.386,5.613,6.564,6.233,6.019,5.971,5.962,6.440,6.992,6.215,6.166,6.623,6.911,7.045,7.468,7.039,7.301,7.286,7.566,7.446,7.477,7.436,7.069,6.868,7.172,7.420,7.456,7.655,7.427,7.580,7.769,7.626,17.523,0.242,-0.094,0.017,0.044,0.099,-0.071,-0.009,-0.112,-0.005,0.216,0.053,0.081,-0.135,-0.055,-0.177,-0.052,-0.184,-0.196,-0.202,0.077,0.095,0.182,0.006,0.005,0.067,0.074,0.035,0.060,-0.059,0.021,-0.002,-0.009,-0.027,-0.013,-0.135,0.131,0.156,0.035,0.066,-0.015,0.395,-0.035,-0.044,-0.050,0.031,0.077,-0.018,-0.040,-0.073,0.001,0.007,-0.018,0.004,-0.013,0.020,0.017,0.032,0.005,0.015,0.048,0.002,0.000,-0.039,-0.055,0.022,0.033,0.007,-0.028,-0.002,-0.049,-0.010,0.034,0.033,0.018,0.018,0.029,-0.013,-0.011,-0.007,-0.038,-0.008,0.019
7.068,5.707,5.423,5.530,4.995,4.552,5.325,5.578,5.571,5.931,6.464,5.944,6.097,5.938,5.533,5.785,6.142,6.136,5.847,6.397,6.983,7.627,7.386,7.368,7.162,7.748,7.726,7.644,7.070,7.163,7.067,7.568,7.185,7.143,7.239,7.722,7.827,7.701,7.621,7.703,17.634,0.008,-0.165,-0.073,0.085,0.219,0.004,-0.002,-0.176,-0.083,0.075,-0.054,0.081,-0.018,0.043,-0.080,-0.005,-0.025,-0.058,-0.011,0.021,0.116,0.084,0.005,0.070,0.098,0.052,-0.048,0.070,-0.084,0.085,0.127,0.104,0.059,0.028,-0.062,0.038,0.092,-0.014,-0.070,-0.064,0.141,-0.105,0.035,-0.017,-0.010,0.047,0.086,-0.032,-0.010,0.019,-0.052,0.001,-0.010,0.020,0.013,0.086,0.094,0.092,0.075,0.080,-0.022,-0.042,-0.092,-0.026,0.002,0.017,-0.042,-0.038,-0.049,0.008,0.002,0.028,0.003,0.027,0.029,0.054,-0.059,-0.069,-0.037,-0.036,0.015,-0.126
6.888,5.791,5.664,5.292,5.666,5.284,5.294,5.225,5.905,6.439,6.684,6.385,5.686,5.805,5.801,6.405,6.617,6.255,6.027,6.567,7.185,7.478,7.126,7.369,7.681,7.711,7.449,7.185,7.132,7.519,7.654,7.468,7.332,7.378,7.462,7.630,7.759,7.654,7.692,7.497,17.645,-0.118,-0.124,-0.212,-0.018,0.119,0.012,0.000,0.002,0.046,-0.014,-0.050,-0.132,-0.025,-0.019,0.014,0.081,-0.015,0.092,0.074,-0.106,0.083,-0.046,-0.133,0.052,0.117,-0.016,-0.113,-0.046,-0.104,-0.019,0.094,0.144,0.116,0.064,0.035,-0.090,-0.047,-0.073,-0.118,0.037,-0.105,-0.066,0.070,0.009,-0.052,-0.087,0.018,-0.020,0.047,0.015,-0.081,0.027,-0.027,0.038,0.027,0.078,0.030,0.068,0.075,0.045,-0.002,-0.049,-0.092,-0.003,0.003,-0.006,-0.049,-0.007,-0.024,0.045,-0.011,-0.023,-0.017,0.016,0.003,0.048,-0.054,-0.072,-0.023,-0.005,0.029,-0.134
7.002,5.508,5.094,5.325,5.588,5.025,5.344,5.180,5.014,5.460,6.245,6.288,6.201,5.790,5.717,6.358,7.089,6.795,6.705,6.570,7.281,7.208,7.104,7.338,7.729,7.518,7.369,7.620,7.154,7.497,7.607,7.588,7.603,7.652,7.396,7.550,7.583,7.569,7.324,7.439,17.452,-0.141,0.054,-0.106,-0.086,0.008,0.173,-0.115,-0.005,0.088,-0.087,0.070,-0.008,-0.057,-0.039,0.136,0.252,0.225,0.141,-0.018,-0.078,-0.044,-0.179,-0.025,0.036,0.095,-0.140,-0.101,-0.097,0.054,0.022,0.024,-0.028,0.084,0.073,0.068,-0.109,-0.116,-0.104,-0.036,0.064,-0.195,0.009,0.073,0.069,-0.052,-0.096,0.006,-0.013,0.028,0.016,0.003,0.061,0.004,0.020,0.038,0.030,-0.034,0.017,0.018,-0.006,0.038,-0.057,-0.030,0.021,-0.033,-0.040,-0.007,0.043,-0.012,0.048,-0.010,-0.056,-0.059,-0.011,-0.029,0.004,-0.011,-0.032,0.006,0.046,0.014,-0.019
6.464,5.384,4.788,5.102,5.006,5.011,5.111,5.872,5.894,5.781,6.422,5.400,5.844,5.949,5.941,6.561,6.443,6.347,6.108,6.008,7.176,7.023,6.944,7.313,7.600,7.321,7.180,7.227,6.913,7.174,7.270,7.577,7.542,7.487,7.554,7.288,7.312,7.282,7.328,7.944,17.089,-0.011,0.145,0.077,-0.131,-0.231,-0.066,-0.053,0.036,-0.018,-0.108,0.127,-0.008,0.076,0.122,0.104,-0.031,0.030,0.078,0.029,0.119,-0.071,-0.145,0.006,0.039,0.040,-0.076,0.028,0.023,0.095,-0.002,-0.065,-0.028,0.042,-0.023,0.042,-0.064,-0.097,-0.037,0.026,0.066,-0.110,0.065,-0.006,0.069,-0.008,-0.068,-0.029,0.016,-0.015,-0.025,0.051,0.007,0.057,0.046,0.030,-0.011,-0.096,-0.009,-0.009,0.013,0.072,-0.051,0.031,0.037,-0.052,-0.066,0.028,0.054,0.045,0.035,0.026,-0.039,-0.061,-0.027,-0.036,-0.022,0.036,0.022,0.036,0.046,-0.029,0.087
6.574,6.182,5.330,5.194,5.363,5.551,4.843,5.228,6.018,5.824,6.948,6.397,5.735,5.670,6.142,6.969,7.352,6.797,5.715,6.285,6.770,6.959,7.349,7.578,7.675,7.243,7.357,7.141,7.451,7.445,7.381,7.373,7.502,7.456,7.533,7.346,7.469,7.365,7.625,7.798,16.939,0.000,0.066,0.126,-0.118,-0.085,0.072,-0.042,-0.054,0.028,0.137,0.162,0.039,0.029,0.163,0.027,-0.119,0.038,0.039,-0.018,0.100,-0.091,-0.019,0.042,-0.087,-0.062,0.044,0.098,-0.023,0.055,0.026,-0.073,-0.103,0.040,-0.073,-0.045,-0.030,-0.043,-0.003,0.087,-0.006,0.049,0.073,-0.075,-0.001,0.007,-0.031,-0.079,0.033,-0.010,-0.025,0.045,-0.090,-0.021,0.034,0.009,-0.039,-0.093,-0.066,-0.007,0.065,0.017,-0.011,0.070,-0.013,-0.063,-0.074,0.044,0.026,0.044,-0.023,0.001,-0.017,-0.031,-0.040,-0.011,-0.003,0.049,0.051,0.039,0.002,-0.028,0.127
7.045,6.180,5.931,4.704,4.623,4.693,5.280,5.380,5.315,5.717,6.966,6.288,6.298,6.472,6.110,5.942,6.637,6.646,6.666,7.307,7.085,6.878,7.035,7.446,7.908,7.469,7.597,7.541,7.460,7.534,7.444,7.434,7.593,7.361,7.601,7.415,7.329,7.572,7.672,7.648,17.352,0.138,-0.158,0.019,-0.043,-0.176,-0.083,0.044,-0.049,-0.047,0.131,-0.059,0.128,0.165,0.030,0.015,-0.214,0.032,0.100,0.137,0.166,-0.149,0.029,0.020,-0.147,-0.135,0.033,0.057,0.143,0.072,0.111,-0.051,-0.123,0.005,-0.042,-0.020,0.050,0.025,0.056,0.049,-0.073,0.209,0.041,-0.056,-0.081,0.038,0.074,-0.015,-0.009,0.013,0.013,0.005,-0.088,-0.034,-0.022,-0.053,-0.014,0.052,-0.006,-0.018,0.029,-0.066,0.007,0.036,-0.036,-0.035,-0.063,0.010,-0.011,0.004,-0.010,-0.015,0.007,-0.011,-0.043,0.032,0.011,0.041,0.062,0.018,-0.021,-0.018,0.087
6.713,5.439,5.151,4.932,5.353,5.544,5.049,5.159,5.443,6.176,6.784,6.041,6.121,6.345,5.765,6.070,7.182,6.842,6.334,6.419,6.871,7.186,7.268,6.838,7.262,7.665,7.653,7.348,7.156,7.445,7.153,7.144,7.776,7.352,7.146,7.336,7.358,7.408,7.585,7.555,17.564,0.148,-0.168,-0.082,-0.098,-0.177,-0.215,0.001,-0.013,-0.021,0.021,-0.289,-0.182,0.070,0.051,-0.013,-0.122,-0.109,0.098,0.254,-0.016,-0.061,0.085,-0.096,-0.185,-0.187,0.026,0.015,0.063,-0.050,-0.029,-0.069,-0.134,-0.096,0.030,0.086,0.079,0.078,0.046,-0.036,-0.007,0.280,0.016,0.025,-0.064,0.065,0.125,0.013,-0.023,0.044,0.021,-0.053,-0.001,-0.001,-0.032,-0.034,0.000,0.095,-0.025,-0.057,0.005,-0.046,0.044,-0.021,-0.047,0.017,0.001,-0.023,-0.022,-0.010,0.013,-0.031,0.017,0.041,-0.015,0.048,0.035,0.029,0.045,0.011,-0.021,0.005,-0.000
7.083,4.966,4.971,5.020,4.132,4.602,5.226,5.660,5.948,6.259,6.208,6.220,6.475,5.761,6.202,5.941,6.689,6.823,6.484,6.769,6.379,7.054,7.085,6.950,7.134,7.276,7.316,7.840,7.420,7.731,7.131,7.079,7.428,7.329,7.646,7.542,7.494,7.543,7.590,7.699,17.823,0.121,-0.019,-0.222,0.051,0.186,0.002,-0.119,0.082,0.069,-0.024,-0.088,-0.068,-0.056,-0.086,0.055,0.228,0.075,-0.043,0.039,-0.151,-0.053,-0.018,-0.105,-0.084,-0.212,-0.015,0.013,0.001,0.095,-0.051,-0.033,-0.069,-0.103,0.088,0.030,0.085,0.151,0.029,-0.016,-0.022,0.209,-0.068,0.093,0.010,0.067,0.180,0.088,-0.023,0.034,0.032,-0.033,0.100,0.008,-0.045,-0.002,-0.030,0.074,-0.022,-0.090,-0.031,-0.027,0.083,-0.049,-0.021,0.026,0.057,-0.010,-0.020,-0.064,-0.012,-0.034,0.009,0.068,0.038,0.025,0.003,-0.002,0.006,-0.015,-0.005,0.005,-0.126
7.293,5.949,5.400,4.548,4.722,4.521,4.874,5.023,5.598,5.656,5.883,5.519,5.995,6.280,6.031,6.361,6.784,7.197,7.078,6.473,6.819,7.294,6.845,6.900,7.129,7.469,7.573,7.304,7.223,7.200,7.192,6.882,7.104,7.620,7.941,7.680,7.779,7.608,7.487,7.738,18.106,0.087,0.119,-0.074,0.161,0.358,0.095,-0.078,0.101,0.075,-0.053,0.172,0.131,-0.020,0.051,0.008,0.136,-0.107,-0.174,0.056,0.030,0.080,-0.101,-0.130,-0.034,-0.019,-0.048,0.010,-0.004,0.109,-0.047,0.004,0.077,0.016,0.104,0.105,0.099,0.118,0.066,0.012,-0.007,0.047,-0.121,0.036,0.067,0.077,0.070,0.043,0.008,-0.026,0.008,0.014,0.109,0.043,-0.006,-0.026,-0.042,-0.020,0.004,-0.062,-0.044,0.037,0.046,-0.042,0.017,0.029,0.080,-0.002,-0.032,-0.043,-0.036,-0.002,0.008,0.070,0.079,-0.024,-0.043,-0.038,-0.046,-0.016,0.012,0.004,-0.253
7.362,5.832,4.697,5.153,5.870,5.215,4.775,5.856,5.585,5.855,6.978,6.208,6.081,6.076,6.250,6.939,7.213,6.255,6.487,6.526,6.848,6.736,6.721,6.995,6.916,7.491,7.703,7.567,7.903,7.402,7.258,7.220,7.415,7.667,7.354,7.668,7.873,7.617,7.642,7.446,18.128,-0.171,0.166,0.065,0.165,0.455,0.202,-0.033,0.065,0.064,0.004,0.210,0.010,-0.014,0.021,-0.147,0.029,-0.079,-0.214,0.082,0.008,0.196,-0.124,-0.068,-0.095,0.067,0.022,-0.040,-0.143,-0.067,-0.050,-0.041,0.112,0.139,0.045,-0.017,0.032,0.035,-0.028,0.001,-0.050,-0.305,-0.109,-0.045,0.066,-0.029,-0.145,-0.119,-0.007,-0.122,-0.053,-0.006,-0.055,-0.019,0.016,-0.033,-0.049,-0.112,-0.028,0.021,-0.006,0.045,0.008,0.031,0.037,0.029,0.056,0.009,-0.039,-0.030,-0.073,-0.000,-0.004,0.020,0.038,-0.058,-0.026,-0.045,-0.074,-0.017,0.005,0.028,-0.235
7.008,5.601,4.921,5.672,6.273,5.711,4.882,5.565,5.997,6.113,7.262,6.702,6.217,6.444,5.780,6.253,6.382,6.257,6.615,6.690,7.034,6.838,6.800,6.647,7.278,7.315,7.507,7.467,7.461,7.372,7.108,7.458,7.864,7.704,7.819,7.766,7.759,7.699,7.619,7.646,17.644,-0.312,-0.079,0.110,0.231,0.040,-0.098,-0.002,-0.136,0.021,0.074,0.106,-0.007,0.018,-0.135,-0.121,-0.124,-0.009,-0.127,0.011,0.091,0.045,-0.071,-0.032,-0.037,0.075,-0.004,-0.120,-0.079,-0.150,-0.041,-0.025,0.124,0.179,-0.068,-0.105,-0.082,-0.093,-0.006,0.017,0.027,-0.728,-0.024,-0.064,-0.038,-0.123,-0.230,-0.172,-0.005,-0.089,-0.099,-0.028,-0.145,-0.037,-0.015,-0.053,0.008,-0.045,0.031,0.081,-0.028,0.009,-0.029,0.076,0.054,0.041,-0.018,-0.003,-0.016,0.005,-0.016,0.012,-0.007,-0.036,-0.024,-0.050,-0.032,-0.029,-0.047,-0.023,0.001,0.029,-0.087
6.372,5.970,5.536,5.282,5.634,5.014,5.057,5.715,6.066,6.048,6.567,5.679,6.291,5.784,5.594,6.140,6.494,6.223,7.124,6.703,7.251,6.662,6.768,6.603,7.393,7.463,7.150,7.043,6.965,7.394,6.966,7.350,7.741,7.510,7.622,7.657,7.681,7.356,7.529,7.498,16.529,-0.226,-0.145,0.019,-0.130,-0.382,-0.496,-0.191,-0.408,-0.168,-0.119,-0.329,-0.092,0.007,-0.159,-0.125,-0.201,-0.115,0.037,0.030,0.046,0.006,0.120,0.030,0.063,0.021,0.007,-0.119,-0.112,-0.140,-0.056,-0.039,0.007,0.007,-0.117,0.006,-0.048,-0.114,-0.020,0.009,0.102,-0.580,0.030,-0.081,-0.099,-0.095,-0.141,-0.069,0.004,0.003,-0.097,-0.036,-0.094,0.013,-0.055,-0.024,0.052,0.016,0.028,0.103,-0.068,-0.007,-0.036,0.091,0.037,0.039,-0.049,-0.033,0.030,0.053,0.069,0.028,0.016,-0.049,-0.063,-0.012,0.010,0.014,-0.006,0.001,0.003,0.025,0.108
6.226,5.483,5.528,5.636,5.040,4.129,4.724,4.413,5.463,5.931,6.618,5.750,5.980,5.752,5.753,6.139,7.099,6.580,6.813,6.838,6.841,6.975,6.663,6.911,7.265,7.462,7.248,7.169,6.941,6.999,7.215,7.435,7.838,7.360,7.284,7.277,7.411,7.706,7.629,7.845,15.266,-0.005,-0.047,-0.242,-0.307,-0.371,-0.417,-0.026,-0.109,-0.306,-0.134,-0.283,-0.005,-0.104,-0.122,0.037,0.026,0.067,0.105,-0.057,0.055,0.030,0.156,0.093,0.093,-0.086,-0.056,-0.030,0.007,0.068,0.014,-0.031,-0.052,-0.040,-0.066,-0.064,-0.007,-0.043,-0.054,0.011,0.064,-0.249,0.014,0.021,-0.023,-0.057,0.006,0.087,0.021,0.100,-0.003,-0.024,0.002,0.012,-0.056,0.037,0.040,0.062,0.017,0.053,-0.066,-0.024,-0.001,0.032,0.019,0.018,-0.040,-0.034,0.062,0.044,0.085,0.035,0.019,-0.047,-0.069,0.040,0.029,0.023,0.031,-0.001,-0.013,-0.033,0.154
6.624,5.165,4.488,4.523,4.577,3.527,3.899,4.391,5.012,5.349,5.655,6.222,6.236,5.627,5.640,5.993,6.280,6.280,6.537,6.680,6.976,7.269,6.940,7.176,7.029,7.452,7.238,7.157,7.463,7.309,7.010,7.267,7.465,7.256,7.651,7.671,7.476,7.513,7.681,7.856,16.414,-0.174,-0.253,-0.254,-0.040,-0.044,0.017,-0.002,0.067,-0.256,-0.071,-0.068,0.076,-0.228,-0.105,0.034,0.035,0.025,0.185,-0.224,-0.008,0.022,0.219,0.054,0.035,-0.096,-0.119,0.067,0.077,0.171,0.060,0.044,-0.048,-0.067,-0.018,0.014,0.063,-0.022,-0.001,0.019,0.056,-0.005,-0.050,0.086,0.121,0.065,0.113,0.182,0.026,0.101,0.115,0.049,0.132,0.001,-0.026,0.058,0.024,0.035,0.020,-0.019,-0.017,-0.006,-0.010,-0.039,-0.007,-0.017,-0.012,-0.022,0.036,0.027,0.032,0.010,0.030,-0.008,-0.027,0.057,0.010,-0.014,0.025,0.010,-0.012,-0.059,-0.004
6.856,5.770,4.235,4.516,4.945,4.371,5.329,5.684,4.995,5.794,6.305,6.406,5.725,5.912,5.943,6.458,6.825,6.754,6.622,6.976,7.323,7.313,7.180,6.824,7.029,7.043,7.315,7.445,7.552,7.483,6.929,7.239,7.803,7.499,7.485,7.725,7.647,7.348,7.599,7.787,16.456,-0.267,0.080,0.133,-0.099,-0.099,0.082,0.008,0.129,0.052,-0.069,-0.014,-0.031,-0.144,0.021,0.000,0.068,0.007,0.065,-0.192,-0.002,0.031,0.042,0.053,0.067,-0.066,-0.113,0.095,0.047,0.118,0.074,0.031,-0.083,-0.127,0.081,0.034,-0.024,0.015,-0.021,-0.052,-0.116,-0.247,-0.022,0.094,0.162,0.095,0.114,0.114,-0.056,-0.009,0.132,0.050,0.099,-0.011,0.029,0.052,-0.004,-0.017,-0.031,-0.059,0.040,-0.017,-0.044,-0.105,-0.031,-0.032,0.004,0.027,-0.028,-0.026,-0.037,-0.027,0.025,0.016,-0.017,0.027,0.015,-0.034,0.001,0.026,0.002,-0.035,-0.042
5.187,4.560,4.913,5.644,5.461,4.981,4.746,5.413,5.021,5.763,6.383,5.729,5.281,5.180,5.671,6.154,6.757,7.061,6.101,6.591,7.122,7.587,6.779,6.822,7.032,7.078,7.453,7.292,7.512,7.454,7.329,7.209,7.422,7.351,7.594,7.751,7.454,7.529,7.637,7.808,15.909,-0.347,0.221,0.438,0.090,0.045,0.163,-0.077,-0.024,0.230,0.093,0.195,-0.075,-0.101,0.061,0.013,-0.044,0.013,-0.037,0.012,0.043,-0.045,-0.018,0.014,-0.008,-0.051,-0.074,-0.002,0.002,-0.008,-0.035,0.078,-0.016,-0.082,0.094,0.008,-0.111,-0.020,0.012,-0.020,-0.105,-0.603,0.155,0.098,0.037,0.013,0.057,0.015,-0.017,-0.020,0.065,0.051,0.045,0.004,0.054,0.020,-0.011,0.002,-0.035,-0.056,0.090,-0.004,-0.036,-0.128,-0.031,-0.037,0.007,0.041,-0.078,-0.048,-0.064,-0.044,-0.013,0.021,0.003,-0.005,-0.002,-0.016,-0.003,0.024,0.016,0.001,0.115
5.610,6.187,5.979,4.578,4.102,3.811,4.341,4.545,5.718,5.380,6.184,5.840,5.739,6.082,5.740,6.396,6.897,6.514,6.073,6.874,6.923,7.026,7.011,7.425,6.936,7.084,7.616,7.339,7.509,7.296,7.212,7.047,7.225,7.719,7.482,7.116,7.496,7.592,7.389,7.289,14.283,-0.027,0.188,0.221,0.101,0.152,0.079,-0.267,-0.106,0.111,0.035,0.080,0.014,-0.020,0.056,0.026,-0.018,-0.083,-0.079,0.022,-0.058,-0.155,-0.251,-0.042,-0.048,-0.086,0.059,-0.135,-0.087,-0.030,-0.075,0.074,0.011,-0.119,0.013,0.014,-0.090,-0.037,0.071,0.039,-0.031,-0.161,0.232,-0.044,-0.114,0.027,0.072,0.045,0.062,0.006,-0.054,0.038,-0.010,0.014,0.012,-0.039,-0.005,-0.001,-0.017,-0.002,0.036,-0.042,-0.016,-0.058,-0.057,-0.053,-0.000,0.001,-0.075,-0.040,-0.051,-0.028,-0.022,0.018,0.038,-0.037,-0.005,0.031,-0.004,0.015,0.011,0.047,0.368
5.512,6.064,5.805,4.943,5.223,4.623,4.007,4.839,5.802,6.022,6.691,6.131,5.722,5.849,5.804,5.802,6.310,6.213,6.871,6.945,6.951,7.320,7.094,6.836,6.821,7.062,7.076,7.218,7.446,7.229,7.258,7.281,7.342,7.617,7.690,7.422,7.454,7.452,7.684,7.578,14.486,0.480,0.184,-0.113,-0.077,0.117,0.092,0.052,0.086,0.040,0.131,0.112,0.074,-0.021,-0.023,-0.033,0.086,-0.105,-0.024,0.121,-0.002,-0.065,-0.276,-0.054,-0.091,-0.052,-0.002,-0.206,-0.096,-0.078,-0.086,-0.044,0.010,-0.056,-0.009,0.016,0.015,-0.009,0.075,0.053,0.019,0.528,0.191,-0.094,-0.130,-0.008,-0.028,0.021,0.117,0.006,-0.099,-0.044,-0.102,-0.018,-0.001,-0.068,-0.015,0.019,0.026,0.039,-0.037,-0.061,0.017,0.008,-0.030,0.010,0.037,-0.012,0.001,-0.002,-0.018,0.007,-0.020,-0.008,0.042,-0.028,-0.011,0.047,0.011,-0.017,-0.023,0.035,0.396
6.560,5.957,4.895,5.371,5.826,4.943,4.365,5.440,5.162,5.841,6.550,6.274,5.406,5.858,6.008,6.543,6.635,6.785,6.350,6.508,6.633,6.190,6.813,6.575,6.704,7.343,6.830,7.045,7.435,7.221,7.337,7.257,7.248,7.433,7.508,7.438,7.462,7.742,7.769,7.749,16.359,0.478,-0.121,-0.163,0.118,0.224,0.342,0.253,0.103,-0.125,0.101,-0.020,-0.036,-0.126,-0.130,-0.000,-0.002,-0.019,0.051,-0.065,-0.189,-0.037,-0.120,-0.197,-0.156,-0.065,-0.146,-0.178,-0.104,-0.102,-0.039,-0.016,-0.008,0.050,-0.053,0.007,0.069,-0.009,0.024,-0.036,0.059,1.025,-0.028,-0.093,-0.030,-0.031,-0.095,-0.009,0.061,-0.053,-0.069,-0.080,-0.116,-0.038,0.014,-0.065,-0.040,-0.043,0.053,0.017,-0.042,-0.000,0.040,0.080,0.011,0.054,0.069,-0.028,0.068,0.050,-0.002,0.026,0.004,-0.021,0.038,0.005,-0.009,0.029,0.021,-0.049,-0.044,0.006,0.078
7.114,5.593,4.890,4.864,5.185,4.875,4.996,5.397,5.501,6.189,6.758,5.881,5.341,5.179,5.372,6.513,6.365,6.804,6.569,6.765,6.940,6.625,6.606,6.789,6.886,6.941,6.818,6.959,7.162,7.061,7.045,7.154,7.128,7.446,7.660,7.663,7.426,7.827,7.710,7.672,17.510,0.357,-0.097,-0.022,0.043,-0.132,0.136,0.250,-0.099,-0.147,-0.160,-0.265,-0.138,-0.051,-0.187,-0.051,0.043,0.111,0.094,-0.132,-0.194,-0.020,-0.045,-0.060,0.094,0.124,-0.030,0.022,-0.001,-0.061,-0.018,0.022,-0.046,0.045,-0.015,-0.044,0.045,0.023,-0.052,-0.100,0.025,0.784,-0.220,-0.098,0.002,-0.035,-0.102,-0.065,-0.083,-0.097,-0.071,-0.120,-0.101,-0.024,0.038,0.007,-0.016,-0.045,0.045,-0.003,-0.023,0.053,0.037,0.064,0.049,0.069,0.071,0.042,0.093,0.052,0.018,0.035,0.039,-0.002,0.014,0.012,-0.008,-0.004,0.009,-0.045,-0.022,-0.006,-0.266
7.198,5.816,5.621,5.208,5.243,5.393,5.111,4.779,5.244,5.804,6.050,5.784,5.299,5.769,5.954,6.033,6.774,6.472,5.898,6.021,6.746,6.772,6.269,6.670,6.577,6.414,6.857,6.949,7.143,7.183,7.237,7.072,7.582,7.539,7.531,7.341,7.463,7.527,7.196,7.538,17.899,-0.105,-0.135,0.028,-0.114,-0.200,0.013,-0.060,-0.277,-0.142,-0.218,-0.312,-0.071,0.067,-0.187,-0.167,-0.212,0.072,-0.054,-0.062,0.038,0.022,0.036,0.017,0.130,0.170,-0.067,0.093,0.117,-0.048,0.019,0.062,-0.066,0.019,0.039,-0.003,0.039,0.050,-0.111,-0.105,-0.006,0.098,-0.194,-0.030,-0.013,-0.070,-0.140,-0.150,-0.153,-0.042,-0.026,-0.042,-0.001,0.021,0.062,0.075,-0.020,-0.012,-0.012,-0.001,0.052,0.113,0.034,0.002,0.084,0.054,0.027,0.078,0.061,0.025,0.025,0.015,0.020,0.009,-0.023,0.008,-0.010,-0.024,-0.008,-0.004,0.034,-0.007,-0.371
6.981,5.651,5.334,5.237,4.854,5.078,4.882,4.673,5.027,5.243,5.616,5.688,5.520,4.958,5.578,6.269,6.796,6.841,6.437,6.217,6.794,6.806,7.068,7.257,7.506,7.376,7.174,7.259,7.286,7.160,7.417,7.142,7.398,7.489,7.459,7.694,7.569,7.300,7.470,7.809,17.635,-0.330,-0.299,-0.199,-0.136,-0.182,-0.068,-0.206,-0.210,-0.306,-0.306,-0.249,-0.031,0.074,0.041,-0.032,-0.031,0.073,0.013,0.004,0.149,0.091,-0.032,0.082,0.110,0.185,0.168,0.123,0.055,-0.015,0.058,0.112,0.029,0.028,0.006,-0.019,0.009,0.008,-0.082,-0.023,0.022,-0.341,-0.055,0.030,0.005,-0.007,-0.020,-0.097,-0.078,0.057,0.033,0.060,0.074,0.015,0.050,0.139,0.041,0.021,-0.049,-0.034,0.053,0.075,0.011,-0.013,0.007,-0.039,-0.069,0.018,-0.022,-0.047,0.003,-0.004,-0.013,0.012,-0.037,-0.005,-0.005,-0.036,-0.027,0.042,0.053,-0.015,-0.190
6.101,5.251,4.814,4.616,4.989,4.904,4.120,4.416,4.691,5.222,5.561,6.013,5.649,5.033,5.071,5.604,6.780,6.494,6.105,6.972,6.815,6.278,6.669,6.992,7.243,6.789,7.116,7.479,7.134,7.269,7.461,6.936,7.209,7.607,7.594,7.615,7.641,7.452,7.364,7.649,16.788,-0.148,-0.171,-0.139,-0.145,-0.449,-0.306,-0.285,-0.051,-0.178,-0.034,-0.035,0.014,0.120,0.131,-0.109,-0.026,-0.062,0.086,0.128,0.206,0.076,-0.116,0.150,0.107,0.042,0.147,0.078,-0.006,0.002,-0.003,0.040,-0.000,-0.058,-0.022,-0.054,-0.033,-0.039,0.020,0.094,0.026,-0.268,0.108,0.112,0.058,0.058,0.057,-0.037,0.064,0.127,0.116,0.094,0.084,-0.016,0.039,0.119,0.072,0.055,-0.026,-0.024,0.024,-0.023,-0.018,0.001,-0.016,-0.060,-0.071,0.007,-0.071,-0.089,0.005,-0.025,-0.053,0.037,-0.026,-0.017,-0.011,-0.026,-0.020,0.053,0.033,-0.025,0.068
6.012,4.381,4.300,4.483,4.400,4.780,4.461,4.531,4.250,4.948,5.758,5.611,5.535,5.753,5.654,6.571,6.729,6.860,6.487,7.035,7.359,6.711,6.816,7.176,7.477,7.593,7.302,6.967,7.091,7.307,7.491,7.367,7.452,7.440,7.533,7.571,7.376,7.455,7.512,7.726,16.361,0.105,0.069,0.087,0.023,-0.108,-0.192,-0.030,0.072,0.035,0.048,-0.032,-0.103,0.171,0.349,0.127,0.053,-0.069,-0.148,0.036,0.096,0.005,-0.033,-0.091,-0.089,-0.154,-0.048,-0.078,-0.175,-0.071,-0.026,-0.032,-0.018,-0.100,-0.007,-0.044,-0.099,-0.065,0.092,0.066,-0.067,0.017,0.137,0.152,0.096,0.050,0.141,0.032,0.103,0.089,0.144,0.095,0.063,-0.005,0.021,-0.008,0.038,-0.014,0.014,-0.029,-0.028,-0.089,-0.064,0.030,-0.049,-0.063,-0.038,-0.046,-0.079,-0.042,-0.005,-0.031,-0.071,0.029,-0.023,-0.005,-0.012,-0.011,0.003,0.023,-0.005,-0.026,0.168
6.942,5.597,5.442,4.863,3.223,4.012,3.899,4.598,4.744,5.779,5.805,5.891,5.893,6.024,5.372,5.754,6.497,6.894,6.515,6.643,6.845,6.240,7.144,7.247,6.800,7.040,7.182,7.063,7.252,7.093,7.400,6.958,7.268,7.455,7.223,7.237,7.363,7.550,7.644,7.710,17.197,0.216,0.243,0.177,0.098,0.045,-0.113,0.174,0.215,0.270,0.074,-0.003,-0.115,0.213,0.252,0.112,0.023,0.013,-0.093,0.042,-0.050,-0.027,0.041,0.023,-0.070,-0.014,0.076,-0.163,-0.215,0.005,-0.065,-0.130,0.144,-0.046,-0.040,-0.044,-0.039,-0.013,0.065,0.018,-0.087,0.261,0.026,0.046,-0.017,0.016,0.198,0.090,0.079,0.011,0.037,0.050,0.073,0.023,-0.070,-0.128,0.019,-0.001,0.057,-0.003,-0.047,-0.093,-0.037,0.047,-0.066,-0.028,0.040,-0.000,-0.025,0.020,-0.006,-0.000,-0.030,0.032,0.016,-0.023,-0.007,0.003,0.009,-0.012,-0.025,-0.011,0.074
7.083,5.826,5.456,5.229,5.196,4.566,4.842,4.941,5.175,5.207,5.336,5.232,6.253,6.209,6.064,6.458,6.595,5.900,6.412,6.861,6.806,6.662,6.373,6.682,6.956,7.012,6.752,6.591,6.870,7.120,7.290,7.042,6.871,7.528,7.424,7.389,7.383,7.710,7.660,7.442,17.516,0.173,0.252,0.125,-0.005,0.278,-0.004,0.082,0.105,0.193,0.114,0.050,0.006,0.130,-0.059,0.046,-0.128,0.105,-0.045,-0.090,-0.168,-0.178,0.038,-0.101,-0.116,0.020,-0.028,-0.151,-0.053,-0.042,-0.066,-0.160,0.101,-0.093,-0.012,-0.084,-0.044,0.010,0.010,-0.012,-0.050,0.234,-0.078,-0.044,-0.083,-0.028,0.023,0.020,-0.054,-0.098,-0.090,0.040,0.085,0.088,-0.130,-0.175,-0.053,-0.002,0.031,0.063,-0.010,-0.044,0.003,0.015,-0.012,0.053,0.041,0.027,0.071,0.094,0.024,0.011,0.029,0.009,0.048,-0.030,-0.002,0.018,0.014,-0.040,-0.009,0.025,-0.066
6.643,5.741,5.121,4.732,4.817,4.447,4.798,5.285,5.580,5.463,5.756,5.628,6.356,6.066,5.427,5.776,6.912,6.511,6.350,6.809,6.955,6.507,7.006,6.891,7.434,7.461,6.577,6.594,7.268,7.037,6.914,7.817,7.268,7.366,7.426,7.512,7.571,7.649,7.380,7.359,17.515,-0.052,-0.032,-0.242,-0.051,0.349,0.048,0.055,-0.011,-0.071,0.183,0.290,0.077,-0.208,-0.304,0.029,0.058,0.134,0.017,-0.044,-0.127,-0.017,0.085,-0.174,-0.019,0.155,0.136,-0.013,0.031,-0.044,0.017,-0.047,0.103,0.019,-0.133,-0.067,-0.046,-0.034,0.003,0.009,-0.039,-0.005,-0.091,-0.068,-0.055,0.001,-0.075,0.007,-0.102,-0.131,-0.118,-0.011,0.029,0.055,-0.113,-0.085,-0.039,0.029,-0.042,0.008,-0.020,0.029,0.013,-0.017,-0.031,0.025,-0.023,-0.020,0.110,0.105,0.032,0.029,0.083,-0.056,0.026,-0.008,0.018,0.024,0.014,-0.033,0.004,0.043,-0.161
7.026,5.570,5.088,4.522,4.991,4.545,4.421,4.713,4.795,5.676,6.030,5.772,5.955,5.436,5.858,5.922,7.048,6.829,6.119,6.112,6.413,6.766,6.379,6.772,7.262,7.241,6.850,6.937,6.871,7.006,6.935,7.442,6.986,7.427,7.009,7.212,7.324,7.458,7.583,7.650,17.374,-0.150,-0.011,-0.119,-0.044,-0.146,-0.172,-0.240,-0.307,-0.243,0.194,0.248,0.241,-0.270,-0.249,-0.095,0.023,0.026,0.114,0.029,-0.085,0.016,0.022,-0.053,0.150,-0.032,0.060,0.200,0.171,0.074,-0.012,0.073,0.048,0.106,-0.112,-0.045,-0.007,0.016,-0.076,0.027,0.034,-0.182,-0.071,-0.048,-0.000,0.052,-0.112,0.029,-0.012,-0.019,-0.027,-0.087,-0.061,-0.031,-0.006,0.088,-0.023,0.026,-0.087,-0.042,-0.025,0.070,0.004,-0.048,0.035,-0.023,-0.061,-0.045,0.060,0.054,0.059,0.025,0.075,-0.038,0.020,0.009,0.045,0.052,0.026,-0.011,0.012,0.031,-0.162
6.711,5.566,4.417,4.959,5.072,4.261,4.383,4.659,4.578,6.458,6.910,6.004,5.001,4.893,5.619,6.314,6.938,6.516,6.442,6.385,6.955,6.614,6.270,7.108,7.421,7.604,7.069,7.047,7.029,7.233,7.343,7.272,7.306,6.841,7.096,7.095,7.222,7.691,7.725,7.409,17.244,-0.078,0.037,0.022,0.121,-0.117,0.007,-0.176,-0.237,-0.103,-0.021,0.041,0.041,-0.152,-0.077,-0.014,0.094,-0.159,-0.130,-0.117,0.052,-0.059,-0.034,-0.157,-0.079,-0.103,-0.070,0.213,0.199,0.109,0.052,0.168,-0.110,-0.016,-0.031,0.027,0.062,0.055,-0.058,0.017,0.088,-0.336,-0.009,-0.032,0.025,-0.013,-0.048,0.089,0.068,0.081,0.091,-0.129,-0.137,-0.088,0.119,0.162,0.032,-0.013,-0.083,-0.052,-0.042,0.031,-0.042,-0.045,0.076,-0.055,-0.050,-0.065,-0.027,-0.018,0.015,-0.002,0.017,-0.015,-0.012,0.041,0.043,0.042,0.021,0.007,-0.003,0.016,-0.125
6.297,5.857,5.212,4.897,4.339,3.800,3.848,3.719,4.462,5.679,6.002,6.247,5.580,5.553,5.494,6.306,6.709,6.468,6.511,6.647,6.885,6.716,6.476,7.324,6.804,7.240,7.507,7.221,7.358,6.964,7.442,7.556,7.381,7.231,7.364,7.560,7.637,7.307,7.624,7.589,16.743,-0.167,-0.020,-0.007,0.171,-0.051,0.164,0.139,0.122,0.076,-0.218,-0.130,-0.130,0.070,0.267,-0.047,-0.015,-0.182,-0.183,-0.181,0.093,-0.137,-0.144,0.067,-0.203,-0.155,-0.152,0.035,0.134,0.178,0.043,0.108,0.017,0.026,-0.019,0.093,0.163,0.096,-0.012,0.046,0.042,-0.410,0.021,-0.053,-0.021,-0.069,0.060,0.093,0.121,0.164,0.126,-0.049,-0.058,-0.105,0.095,0.073,0.050,-0.021,-0.030,-0.022,0.004,-0.003,-0.019,0.002,0.067,-0.039,0.016,-0.014,-0.094,-0.084,-0.069,-0.006,-0.034,-0.007,-0.020,0.032,0.012,-0.012,-0.010,0.039,-0.011,-0.016,-0.031
6.619,5.781,5.169,5.149,4.560,4.852,4.205,4.598,5.229,5.358,5.973,5.596,5.782,5.623,5.541,6.055,6.288,6.042,5.570,6.799,6.424,6.362,6.173,6.220,7.151,7.113,7.313,7.446,7.568,7.320,7.502,7.208,6.991,7.311,7.383,7.647,7.688,7.434,7.446,7.830,16.151,-0.090,-0.185,-0.174,-0.224,0.061,0.327,0.205,0.181,0.226,-0.254,-0.205,-0.177,0.218,0.248,0.167,0.013,-0.177,-0.095,-0.151,-0.062,-0.153,-0.055,0.144,-0.116,-0.032,-0.084,-0.067,-0.039,-0.023,-0.021,0.019,0.046,-0.001,0.026,0.078,0.077,0.030,0.006,-0.013,0.038,-0.513,0.031,-0.016,0.005,-0.077,0.044,-0.043,0.005,0.041,0.027,0.077,0.026,-0.033,-0.002,-0.046,0.027,-0.023,0.049,0.075,0.081,-0.025,0.054,0.055,0.076,0.096,0.035,0.026,-0.068,-0.106,-0.108,-0.029,-0.075,-0.003,0.013,0.034,-0.020,-0.056,-0.037,0.023,-0.016,-0.028,0.105
6.237,5.362,4.675,5.280,4.990,5.067,5.207,5.354,4.847,5.138,5.847,5.328,5.915,6.407,5.664,5.974,6.463,6.153,5.650,6.369,5.993,6.172,6.761,6.203,6.621,6.726,6.903,7.409,7.492,7.180,7.396,7.558,7.274,7.098,7.330,7.753,7.573,7.527,7.951,7.649,15.870,-0.040,-0.163,-0.127,-0.215,0.063,0.133,0.174,0.304,0.225,0.066,0.081,-0.176,0.020,-0.047,0.065,-0.041,-0.115,-0.015,0.067,-0.045,-0.033,0.040,0.131,-0.029,0.012,-0.002,-0.127,-0.129,-0.207,-0.004,-0.024,-0.066,-0.001,0.021,-0.012,-0.076,-0.022,0.086,-0.013,-0.019,-0.249,0.075,0.049,0.067,0.025,0.028,-0.126,-0.104,-0.088,-0.054,0.128,0.063,0.023,-0.092,-0.137,-0.008,-0.002,0.070,0.072,0.081,0.002,0.097,0.043,-0.009,0.106,0.017,0.022,-0.006,-0.070,-0.073,-0.010,-0.072,-0.057,0.014,0.038,-0.032,-0.059,-0.031,-0.007,-0.033,-0.007,0.207
6.289,4.888,3.816,3.648,5.053,5.261,4.726,4.747,5.513,5.457,5.963,5.580,5.923,5.705,6.368,6.543,6.179,6.200,6.120,6.212,6.636,6.612,6.848,7.091,7.351,7.442,7.036,6.760,6.849,7.022,7.462,7.499,7.355,7.039,7.504,7.383,7.405,7.609,7.496,7.567,15.115,0.014,0.027,0.105,-0.070,0.047,-0.192,-0.169,-0.121,-0.044,0.225,0.064,-0.098,-0.136,-0.148,0.064,-0.007,0.051,0.160,0.166,-0.006,0.157,0.147,0.192,0.312,-0.009,-0.014,-0.047,-0.200,-0.236,-0.068,-0.139,-0.082,0.064,0.120,-0.019,-0.100,-0.070,0.007,-0.033,-0.022,0.106,0.026,0.093,0.120,0.171,0.026,-0.119,-0.078,-0.076,-0.093,0.067,0.030,0.033,-0.104,-0.074,-0.064,-0.034,0.044,0.012,0.024,0.021,0.062,-0.023,-0.048,0.026,-0.023,-0.016,0.024,0.010,0.049,0.030,-0.034,-0.035,0.013,0.014,-0.024,-0.011,-0.006,-0.027,-0.016,-0.007,0.216
6.263,5.487,5.252,4.574,4.406,4.262,4.458,5.163,5.445,5.961,6.412,5.374,5.611,5.275,5.404,5.855,6.190,6.315,6.572,6.716,6.615,6.791,6.796,6.743,6.762,7.066,7.010,6.920,6.681,7.095,7.344,7.081,7.194,7.475,7.242,7.312,7.666,7.648,7.536,7.625,16.016,0.157,0.117,0.190,0.218,0.095,-0.208,-0.196,-0.165,-0.060,0.181,0.050,-0.054,-0.211,-0.219,-0.034,-0.017,0.054,0.051,0.063,0.077,0.193,-0.030,-0.002,0.113,-0.082,-0.076,-0.006,-0.135,-0.080,0.016,-0.171,-0.203,0.065,0.124,-0.019,-0.045,-0.009,-0.047,-0.110,0.034,0.318,-0.024,0.050,0.036,0.079,0.022,-0.014,0.014,-0.021,-0.075,-0.056,-0.013,0.058,-0.039,0.032,-0.036,-0.053,-0.021,-0.045,-0.041,-0.025,-0.001,-0.032,-0.058,-0.047,-0.011,-0.006,0.033,0.056,0.096,0.019,0.004,0.037,0.015,-0.023,0.011,0.024,0.008,-0.021,0.002,-0.000,0.019
6.677,5.852,5.406,5.152,5.089,4.297,3.736,4.087,4.708,6.070,6.012,5.081,5.255,5.449,5.990,6.078,6.678,6.760,5.940,6.597,6.899,6.790,7.116,7.508,7.034,6.871,7.022,6.691,6.791,7.023,6.835,7.036,7.350,7.722,7.330,7.366,7.294,7.407,7.490,7.733,16.609,-0.058,0.140,0.269,0.414,0.174,-0.096,0.001,0.033,-0.096,0.024,-0.041,-0.071,-0.185,-0.035,-0.102,-0.171,-0.043,-0.066,-0.027,-0.019,0.044,-0.135,-0.029,-0.058,-0.100,-0.125,-0.006,0.013,0.156,0.117,-0.077,-0.060,0.031,0.044,-0.041,0.007,-0.005,-0.064,-0.044,-0.026,0.285,-0.091,-0.021,-0.032,-0.055,-0.056,0.052,0.141,0.123,0.003,-0.097,0.011,0.079,0.049,0.049,-0.054,-0.095,-0.089,-0.072,-0.052,-0.039,-0.068,-0.015,-0.070,-0.123,-0.003,0.022,0.017,0.085,0.054,0.014,0.062,0.068,-0.005,-0.051,0.027,0.021,0.024,0.028,0.039,-0.001,-0.168
6.828,5.465,4.831,5.619,5.445,4.512,4.722,4.859,4.948,5.738,6.073,5.309,5.196,5.441,5.682,6.121,6.484,6.127,6.055,6.559,6.824,5.935,6.619,6.561,6.369,6.634,6.878,6.769,7.119,7.261,6.853,6.776,7.600,7.378,7.322,7.536,7.582,7.395,7.403,7.738,16.712,-0.122,0.031,-0.027,-0.062,0.110,0.014,0.162,0.120,-0.123,-0.112,0.067,0.101,-0.150,0.054,-0.032,-0.226,-0.173,-0.126,-0.043,-0.164,0.019,0.020,-0.047,-0.081,0.004,0.021,0.016,0.043,0.075,-0.003,-0.032,0.110,0.091,-0.057,0.055,-0.012,-0.015,0.018,0.003,-0.019,-0.246,-0.054,-0.039,-0.046,-0.135,-0.117,0.047,0.098,0.067,0.023,-0.064,-0.016,0.042,0.085,0.039,-0.010,-0.047,-0.072,-0.008,-0.040,-0.025,-0.061,0.054,-0.031,-0.046,0.015,0.041,-0.011,0.057,-0.020,-0.014,0.062,0.071,-0.017,-0.025,0.044,0.006,0.003,0.042,0.049,-0.013,-0.151
5.719,5.599,5.369,5.196,5.404,4.658,4.598,5.064,5.283,5.687,5.925,5.257,5.208,5.448,5.719,5.554,5.817,5.966,6.246,6.193,6.750,6.366,6.793,6.891,7.050,7.031,7.073,6.902,7.412,7.526,7.321,7.353,7.309,7.305,7.260,7.305,7.424,7.416,7.344,7.382,16.194,-0.303,-0.034,0.055,-0.203,-0.242,-0.044,0.358,0.350,0.000,-0.115,0.113,0.221,0.078,-0.042,-0.208,-0.378,-0.279,-0.112,-0.041,-0.078,-0.097,0.048,-0.134,-0.207,-0.066,0.046,0.028,0.136,-0.043,0.010,0.100,0.099,0.027,-0.045,0.080,-0.014,0.054,0.114,0.104,-0.002,-0.452,0.096,-0.027,-0.072,-0.117,-0.124,0.016,0.009,-0.050,0.035,-0.010,-0.075,-0.021,0.070,-0.003,0.006,0.053,0.006,0.022,-0.016,0.040,-0.008,0.037,-0.021,-0.009,-0.002,0.030,-0.043,0.006,-0.062,-0.034,0.028,-0.006,-0.022,-0.007,0.011,0.009,-0.002,0.025,0.026,0.004,0.036
6.135,5.767,5.134,4.242,4.800,4.150,4.835,5.276,4.542,5.594,6.792,5.792,4.887,5.545,5.380,4.985,5.756,6.085,6.205,6.100,6.783,7.102,6.721,6.647,6.772,7.093,7.065,7.030,6.746,6.828,6.942,7.472,7.669,7.396,7.553,7.282,7.526,7.732,7.624,7.707,14.993,0.008,0.007,0.067,-0.148,-0.281,-0.000,0.113,0.009,0.004,-0.067,-0.108,0.013,0.082,-0.022,-0.033,-0.150,-0.187,0.035,-0.131,-0.021,-0.042,0.148,-0.104,-0.041,-0.024,0.044,-0.079,0.090,-0.081,-0.002,0.048,0.071,-0.017,0.042,0.139,-0.007,-0.026,0.072,0.061,-0.043,-0.067,0.131,-0.015,-0.027,0.047,-0.035,0.043,-0.078,-0.119,0.053,0.022,-0.123,-0.091,0.064,0.031,0.036,0.122,0.082,-0.002,0.012,0.073,0.012,-0.032,0.002,0.033,0.013,-0.009,-0.054,-0.023,-0.011,0.007,0.000,-0.053,-0.040,0.018,-0.042,0.011,-0.005,-0.025,-0.005,-0.000,0.239
5.509,5.532,5.531,4.823,4.200,4.260,5.472,5.629,4.912,5.569,6.217,5.945,5.797,5.188,5.102,4.755,5.645,6.221,5.662,6.436,6.432,6.447,6.393,6.430,6.505,6.871,7.070,7.243,6.763,7.290,7.289,7.185,7.451,7.486,7.613,7.422,7.592,7.810,7.898,7.740,15.210,0.359,0.019,-0.139,-0.127,-0.252,-0.006,0.070,-0.160,0.014,-0.048,-0.327,-0.133,0.048,-0.011,-0.071,0.055,-0.007,-0.037,-0.062,0.111,0.033,-0.014,-0.106,-0.121,-0.094,0.015,-0.174,0.021,-0.075,-0.051,0.022,-0.072,-0.024,-0.042,-0.025,0.049,-0.010,0.035,0.058,0.005,0.376,0.068,-0.013,-0.021,0.064,0.087,0.047,-0.142,-0.116,0.007,0.008,-0.064,-0.066,0.009,0.063,0.085,0.161,0.115,-0.031,0.040,0.016,0.008,-0.033,0.055,0.084,0.053,-0.019,-0.020,-0.038,0.046,0.002,-0.051,-0.049,-0.018,0.013,-0.044,0.008,-0.008,-0.053,-0.034,0.014,0.151
6.975,5.533,5.088,5.068,4.640,4.709,4.852,4.623,5.155,5.462,5.387,5.027,5.309,5.460,5.825,5.771,5.634,6.173,5.691,6.333,6.772,6.632,6.298,6.585,6.522,6.935,6.486,7.048,7.038,7.370,7.107,7.217,7.444,7.499,7.840,7.444,7.368,7.558,7.431,7.343,16.869,0.202,-0.071,-0.064,0.135,-0.060,0.212,-0.084,-0.220,0.137,-0.033,-0.327,-0.179,0.185,0.194,0.080,0.165,0.103,-0.171,0.028,0.108,0.011,-0.111,-0.054,0.040,0.084,-0.008,-0.152,-0.012,0.036,0.064,0.008,-0.069,-0.081,0.032,-0.104,0.012,-0.009,-0.067,0.002,-0.024,0.533,-0.095,-0.013,0.024,0.010,0.086,-0.004,-0.098,0.007,-0.035,-0.001,0.062,0.064,0.003,0.032,0.036,0.068,0.087,-0.019,0.060,-0.020,-0.025,-0.031,0.082,0.083,0.058,-0.023,0.051,-0.031,0.033,-0.014,-0.035,-0.015,0.001,-0.007,-0.044,-0.015,0.013,-0.028,-0.015,0.023,-0.118
7.095,5.810,4.700,4.149,4.222,4.347,4.942,4.589,5.049,5.514,4.995,4.976,5.236,5.434,5.140,5.434,5.842,5.736,6.194,6.634,6.921,6.528,6.474,6.319,6.703,7.185,6.494,6.999,6.892,6.998,7.346,7.122,7.301,7.043,6.989,7.471,7.453,7.680,7.730,7.588,17.136,-0.059,-0.060,0.018,-0.025,0.082,0.084,-0.255,-0.116,-0.033,-0.094,-0.099,-0.012,0.070,0.163,0.160,0.270,0.153,-0.162,0.081,-0.062,-0.082,0.013,0.116,0.174,0.147,-0.022,-0.035,-0.003,0.129,-0.013,-0.134,-0.075,-0.029,0.023,-0.017,0.014,0.005,-0.079,-0.035,0.059,0.003,-0.167,-0.003,0.059,-0.032,0.068,-0.008,-0.063,0.037,-0.071,-0.006,0.136,0.086,-0.037,-0.040,0.030,0.018,0.027,0.035,0.034,-0.059,-0.038,-0.018,0.042,0.049,0.017,-0.031,0.084,-0.024,0.002,-0.017,0.001,0.037,0.017,0.008,0.013,-0.022,0.001,-0.018,-0.022,-0.013,-0.261
6.351,5.270,5.232,5.255,4.491,5.165,4.679,4.699,5.159,5.458,5.768,5.380,6.091,6.393,5.761,5.471,6.171,5.472,6.080,6.540,6.593,6.506,6.413,6.901,7.092,6.897,6.593,7.090,6.862,7.292,6.951,7.160,7.338,7.776,7.345,7.317,7.552,7.462,7.718,7.663,16.695,-0.255,-0.017,0.110,-0.149,-0.020,-0.064,-0.216,0.021,-0.146,-0.048,0.086,0.274,0.084,0.051,0.032,0.081,0.168,0.000,0.095,-0.035,-0.112,-0.020,0.195,0.228,0.147,-0.052,0.106,-0.053,-0.017,-0.090,-0.052,-0.003,-0.009,-0.025,-0.087,-0.066,0.029,-0.012,0.034,0.046,-0.473,-0.067,0.020,-0.025,-0.101,0.000,-0.054,-0.019,0.001,-0.122,-0.008,0.113,0.046,-0.106,-0.128,-0.029,-0.037,-0.032,0.075,0.016,-0.041,-0.014,-0.017,-0.019,-0.061,-0.043,-0.008,0.063,-0.009,-0.013,-0.024,0.054,0.057,0.014,-0.019,0.011,-0.006,-0.008,0.015,-0.010,-0.018,-0.206
5.528,5.363,5.549,4.606,4.687,4.454,4.282,5.010,4.744,5.103,5.530,5.707,5.754,5.535,5.932,6.256,6.142,5.761,5.870,6.021,6.111,6.575,6.917,7.144,6.956,6.780,6.843,7.208,7.497,7.266,6.699,6.841,7.361,7.464,7.773,7.556,7.525,7.466,7.580,7.873,15.314,-0.248,-0.024,0.069,-0.143,0.070,0.090,-0.180,-0.093,-0.198,-0.072,0.148,0.073,-0.088,-0.140,0.103,0.189,0.094,0.051,0.073,-0.113,-0.097,-0.149,-0.019,0.029,-0.039,-0.119,0.118,-0.078,-0.036,-0.060,0.055,0.078,0.023,0.026,0.030,-0.020,-0.023,-0.084,-0.068,-0.093,-0.427,0.056,-0.002,-0.124,-0.063,-0.071,-0.028,0.022,-0.071,-0.055,0.011,0.040,-0.061,-0.060,-0.095,-0.049,-0.091,-0.048,0.057,-0.006,0.007,0.034,-0.031,-0.088,-0.110,-0.044,0.018,0.013,0.005,-0.020,0.012,0.072,0.041,0.004,-0.002,-0.014,-0.008,-0.013,0.025,0.006,-0.023,-0.003
6.483,5.673,5.215,4.095,4.310,4.336,4.100,4.516,4.575,5.427,5.552,6.030,5.472,5.667,5.591,5.766,6.323,6.161,6.329,6.464,6.618,6.508,7.052,7.314,7.131,6.875,6.843,6.678,6.650,6.785,7.172,7.341,7.371,7.163,7.013,7.073,7.478,7.608,7.676,7.430,15.417,-0.037,0.011,-0.216,-0.313,-0.052,-0.061,-0.215,-0.228,-0.390,-0.086,0.114,0.009,-0.265,-0.293,-0.035,0.022,-0.026,0.097,0.112,-0.071,-0.052,-0.117,-0.083,-0.193,-0.041,-0.000,0.087,-0.021,0.051,-0.033,0.184,0.141,-0.038,-0.066,-0.074,-0.002,-0.035,0.012,-0.032,-0.039,-0.279,0.087,-0.019,-0.125,0.044,-0.013,0.002,0.066,-0.032,0.041,-0.013,-0.027,-0.110,-0.030,-0.067,-0.036,-0.058,-0.039,0.007,-0.043,0.008,0.046,0.032,-0.104,-0.079,-0.021,0.038,-0.039,0.030,0.028,0.041,0.007,-0.016,-0.011,-0.007,0.010,0.008,-0.003,0.021,0.011,0.022,0.128
5.787,5.490,5.056,4.015,4.662,5.212,4.329,4.216,4.351,5.171,5.842,5.014,5.105,5.096,5.739,6.230,6.238,5.646,6.436,6.109,6.425,5.781,6.060,6.257,6.489,6.600,6.960,6.814,6.819,6.950,7.511,7.422,7.397,7.482,7.303,7.492,7.377,7.186,7.410,7.238,15.638,0.110,-0.082,-0.439,-0.256,-0.256,-0.058,-0.148,-0.346,-0.188,-0.022,0.086,-0.183,-0.057,-0.140,-0.049,-0.155,0.012,0.074,0.044,-0.011,0.058,-0.093,-0.184,-0.166,0.019,0.041,0.042,0.004,-0.007,0.021,0.108,0.061,0.007,0.032,-0.093,-0.059,-0.026,0.032,0.028,-0.013,-0.109,0.097,0.006,-0.020,0.127,0.033,-0.023,0.072,0.060,0.115,-0.030,-0.102,-0.019,0.036,0.018,-0.035,-0.056,-0.011,0.011,-0.064,0.032,0.031,0.084,-0.027,0.016,0.011,0.031,-0.039,0.033,0.015,0.032,-0.050,-0.058,-0.010,-0.026,0.024,-0.014,0.010,0.025,0.035,0.047,0.151
6.036,5.259,4.399,3.988,4.242,4.479,3.583,3.958,3.404,4.993,6.185,5.773,5.093,5.146,5.683,5.593,5.994,6.013,6.356,6.142,6.178,6.317,6.426,6.381,7.123,6.986,6.968,7.181,7.456,7.283,7.465,7.575,7.131,7.436,7.211,7.339,7.451,7.663,7.644,7.786,15.137,0.000,-0.083,-0.261,0.126,0.076,0.022,0.096,-0.011,0.052,-0.135,-0.017,-0.148,-0.082,-0.282,-0.071,-0.038,0.012,0.025,-0.103,-0.047,0.041,0.114,-0.244,-0.068,0.013,0.059,-0.052,0.058,0.106,0.075,-0.046,-0.077,-0.055,-0.062,0.023,-0.007,0.018,0.034,0.038,0.117,0.007,0.038,0.012,0.144,0.205,0.102,0.004,0.109,0.151,0.160,-0.010,-0.098,0.010,0.061,0.054,-0.010,0.014,0.013,-0.001,-0.033,0.012,-0.014,0.051,0.026,0.045,-0.034,-0.033,-0.026,-0.008,-0.033,0.008,-0.064,-0.060,-0.003,-0.012,0.059,0.005,0.002,-0.014,0.015,0.004,0.151
6.301,5.160,3.760,3.378,3.441,4.092,3.800,3.558,4.390,5.209,5.644,4.921,5.660,5.094,5.640,5.568,6.367,6.203,6.075,6.129,6.619,6.207,6.309,6.781,7.053,6.930,6.993,6.978,7.057,7.122,7.094,7.027,7.519,7.485,7.207,7.130,7.406,7.600,7.735,7.627,14.908,0.218,0.051,-0.008,0.272,0.171,-0.066,0.024,0.097,0.158,-0.198,-0.297,0.056,0.002,-0.058,-0.056,-0.060,0.019,0.140,-0.139,0.034,0.010,0.155,-0.076,0.048,-0.012,0.007,-0.007,0.045,0.013,0.044,-0.079,-0.103,-0.020,-0.105,0.100,-0.085,0.003,0.030,0.074,0.066,0.184,-0.033,0.006,0.196,0.134,0.107,0.005,0.053,0.156,0.062,0.014,-0.021,0.046,0.032,0.069,-0.013,0.059,0.003,-0.011,0.023,0.008,-0.048,0.011,0.078,0.020,-0.029,-0.070,-0.017,-0.007,-0.028,-0.020,-0.041,-0.015,-0.009,0.015,0.064,0.045,-0.002,-0.014,-0.013,-0.019,0.056
6.227,5.423,4.556,5.044,5.303,5.005,4.848,4.791,4.817,4.731,5.567,5.337,4.787,4.259,5.288,5.909,6.321,6.010,5.993,6.217,6.726,6.865,5.707,6.713,6.916,7.006,6.568,6.885,7.062,7.073,7.153,7.155,7.035,6.850,7.175,7.217,7.551,7.570,7.705,7.821,15.819,0.101,0.006,0.286,0.448,0.243,-0.038,0.242,0.307,0.239,-0.047,-0.183,-0.062,0.010,-0.065,-0.080,0.043,0.034,0.060,0.038,-0.031,-0.097,0.014,-0.008,-0.074,-0.194,-0.150,-0.019,-0.082,-0.125,-0.004,-0.040,-0.076,-0.038,-0.056,0.125,0.038,-0.038,-0.059,0.018,-0.057,0.329,-0.068,-0.019,0.058,-0.060,-0.050,-0.033,-0.069,0.025,-0.020,0.051,0.057,0.019,0.046,0.139,-0.032,0.014,-0.014,-0.024,0.034,-0.000,-0.034,-0.050,0.083,0.001,0.009,-0.055,-0.008,-0.001,-0.039,-0.040,-0.002,0.030,0.017,0.059,0.029,0.055,0.006,0.002,-0.023,-0.025,-0.097
6.781,5.663,4.936,4.847,4.985,4.619,3.817,4.283,4.432,4.313,4.665,5.511,5.266,5.250,5.658,5.771,6.171,6.346,5.921,6.240,6.202,6.284,6.040,6.329,6.533,6.626,7.127,7.187,7.083,7.277,7.274,7.119,7.343,7.250,7.819,7.127,7.345,7.383,7.751,7.548,16.215,-0.107,-0.096,0.266,0.253,0.195,-0.004,0.043,0.275,0.029,0.006,0.064,0.003,0.056,0.098,-0.108,0.099,0.015,0.001,0.088,0.022,-0.115,0.011,0.087,-0.062,-0.022,-0.203,-0.060,0.038,-0.031,-0.040,-0.100,-0.013,-0.047,0.101,0.176,0.144,-0.010,0.007,-0.027,-0.021,0.008,-0.099,-0.019,-0.060,-0.153,-0.106,0.002,-0.049,-0.041,-0.028,0.033,0.084,0.007,0.013,0.086,-0.020,-0.007,-0.024,-0.048,-0.011,-0.017,0.021,-0.033,0.012,0.014,0.037,0.004,-0.023,0.019,-0.006,-0.036,0.024,0.047,0.019,0.043,-0.029,0.049,0.034,0.016,-0.028,0.000,-0.182
6.301,5.037,5.242,5.491,4.683,4.024,4.785,5.128,4.576,5.208,5.759,5.168,5.338,4.742,5.274,5.707,6.260,6.240,6.623,5.933,5.902,6.351,6.519,6.237,6.415,6.388,6.806,6.667,6.818,7.183,7.175,7.150,7.031,7.273,7.531,7.530,7.293,7.479,7.727,7.539,16.131,-0.178,-0.105,-0.107,-0.166,-0.185,-0.176,-0.259,0.025,0.019,0.020,0.085,-0.026,0.123,0.334,-0.202,-0.045,-0.056,-0.027,-0.045,-0.042,-0.067,-0.065,0.090,-0.006,0.064,-0.113,-0.065,0.055,-0.068,-0.082,-0.044,0.031,0.044,0.130,0.128,0.153,0.053,0.056,-0.026,0.036,-0.389,-0.007,0.042,-0.100,-0.169,-0.088,0.046,-0.029,-0.114,-0.047,-0.004,0.005,0.044,-0.013,0.050,0.036,-0.025,-0.023,-0.010,-0.059,0.001,0.067,-0.010,-0.011,0.049,0.054,0.061,0.007,0.037,0.026,-0.001,0.038,0.038,0.032,-0.002,-0.060,-0.020,0.031,0.008,-0.007,0.020,-0.101
5.727,4.872,4.746,4.421,4.728,4.562,4.048,4.764,4.654,4.998,5.866,5.021,5.665,5.341,5.107,6.163,6.474,6.093,6.200,6.382,6.454,6.520,6.339,6.711,7.196,6.222,6.571,7.277,7.026,6.867,6.583,6.964,7.284,7.781,7.908,7.691,7.484,7.681,7.587,7.664,14.791,-0.139,0.011,-0.113,-0.188,-0.147,0.010,0.029,0.031,0.128,-0.064,-0.013,0.070,0.012,0.174,-0.096,-0.053,-0.055,-0.056,-0.154,-0.047,0.099,0.028,-0.067,0.085,0.046,0.010,-0.098,0.074,-0.043,-0.098,0.041,0.081,0.032,0.017,-0.045,0.103,0.129,0.052,-0.042,0.020,-0.368,0.104,0.074,-0.000,-0.015,-0.010,0.052,0.080,-0.086,-0.054,-0.014,-0.068,0.015,-0.036,-0.056,0.094,-0.023,-0.003,0.010,-0.015,-0.010,0.055,0.000,-0.000,0.014,-0.029,0.057,0.037,-0.023,0.017,0.022,0.052,0.008,0.025,-0.053,-0.083,-0.076,-0.009,-0.028,0.007,0.002,0.149
5.863,5.296,4.116,4.427,4.505,4.155,3.438,4.676,4.801,4.489,5.394,5.454,5.200,5.885,4.552,5.487,5.891,6.000,5.627,5.939,6.265,6.424,6.007,6.493,6.903,6.644,6.520,7.116,6.749,6.870,7.278,7.386,7.283,7.235,7.771,7.702,7.744,7.700,7.658,7.945,14.585,0.084,0.163,-0.024,-0.180,-0.027,0.184,0.106,-0.143,-0.047,-0.033,-0.121,0.126,-0.033,0.147,0.094,-0.007,-0.044,0.036,-0.136,0.010,0.129,-0.046,0.014,0.100,0.041,0.049,0.034,0.084,0.009,0.021,0.080,0.067,0.084,-0.024,-0.065,-0.040,0.045,-0.040,-0.008,0.023,0.010,0.132,0.017,0.089,0.118,0.071,0.049,0.122,-0.025,-0.086,0.020,-0.039,-0.033,-0.032,-0.123,0.122,0.038,0.023,0.010,0.064,0.016,0.030,0.030,0.027,-0.023,-0.053,0.023,0.051,-0.052,0.027,0.024,-0.003,-0.035,-0.006,-0.030,-0.045,-0.071,-0.045,-0.033,0.007,-0.028,0.319
6.306,5.589,4.932,4.441,4.337,4.607,4.633,4.661,4.960,4.351,4.785,5.720,5.397,5.548,5.539,5.617,6.083,6.185,5.650,6.004,6.513,6.388,5.961,6.626,6.521,6.548,6.782,7.332,6.901,6.942,7.428,7.406,7.377,7.357,7.475,7.556,7.764,7.535,7.576,7.445,15.147,0.283,0.141,0.223,0.184,0.067,0.075,0.260,-0.071,-0.206,-0.040,-0.173,0.002,-0.047,-0.090,0.212,-0.036,-0.004,0.021,0.056,-0.053,0.060,0.002,0.125,-0.042,-0.157,0.001,0.073,-0.094,0.016,0.017,0.100,0.007,0.059,-0.085,-0.143,-0.138,-0.050,-0.085,-0.002,-0.004,0.552,0.091,-0.026,0.042,0.112,0.045,-0.029,-0.004,0.016,-0.042,0.046,0.016,-0.086,-0.014,-0.053,0.051,0.040,0.029,0.002,0.092,0.024,-0.015,0.031,0.033,-0.049,-0.033,0.022,0.048,-0.058,0.018,0.012,-0.024,-0.037,-0.019,0.005,0.021,-0.030,-0.037,-0.001,0.009,-0.024,0.283
6.430,5.494,5.028,4.583,4.743,4.920,5.020,4.466,4.187,5.368,5.697,5.449,5.307,5.376,5.528,5.947,6.235,6.375,6.219,6.174,6.518,6.188,6.780,6.777,6.956,6.469,6.871,7.061,6.928,7.251,7.152,7.262,7.406,7.367,7.423,7.396,7.378,7.352,7.693,7.762,16.003,0.272,-0.085,0.171,0.235,0.060,0.037,0.237,-0.048,-0.241,0.108,-0.029,-0.156,-0.006,-0.148,0.255,0.139,0.032,-0.018,0.170,0.043,0.103,0.101,0.129,-0.058,-0.097,0.008,0.106,-0.123,0.036,-0.022,-0.090,-0.106,-0.000,0.033,-0.050,-0.080,-0.082,-0.042,-0.012,-0.089,0.744,0.007,-0.033,-0.015,0.035,-0.011,-0.056,-0.076,0.054,0.074,0.022,0.048,-0.056,0.006,0.020,-0.032,-0.005,0.035,-0.005,0.039,0.037,-0.021,0.027,-0.030,-0.052,-0.009,0.050,0.012,-0.019,0.005,-0.016,-0.009,-0.009,-0.041,0.013,0.031,0.009,0.014,0.040,0.001,-0.022,0.104
6.861,5.478,5.403,5.265,4.946,4.553,4.558,4.512,3.930,4.358,4.850,5.035,5.378,5.147,5.681,5.753,6.281,6.011,6.182,5.998,6.628,6.649,6.576,6.357,6.387,6.314,6.759,6.835,7.017,6.763,7.144,7.059,7.520,7.288,7.368,7.153,7.417,7.430,7.559,7.734,16.840,0.223,0.004,-0.001,0.166,0.034,-0.061,-0.059,0.062,0.017,0.097,0.021,-0.221,-0.069,0.057,0.080,0.075,0.053,-0.021,0.155,0.056,0.038,0.108,0.040,-0.083,-0.047,0.142,0.107,-0.110,0.036,-0.019,0.004,-0.019,-0.023,0.014,0.054,-0.027,0.005,0.048,0.005,-0.043,0.678,-0.050,0.007,-0.104,-0.095,-0.062,-0.022,-0.070,0.033,0.142,0.012,0.077,0.023,-0.013,0.078,-0.072,-0.045,0.003,0.017,-0.019,0.033,-0.019,-0.014,-0.042,0.013,0.064,0.056,-0.031,0.040,-0.011,0.000,0.002,0.032,-0.035,0.015,0.022,0.035,0.038,0.039,-0.001,-0.003,-0.079
6.943,4.926,4.736,5.192,4.502,4.364,4.663,4.509,4.109,5.023,5.215,5.017,5.180,5.345,5.758,6.113,5.955,5.996,6.209,6.159,6.721,6.797,6.345,6.339,6.484,6.801,7.062,6.751,6.869,6.851,6.972,7.027,7.209,7.436,7.573,7.506,7.506,7.541,7.605,7.356,17.457,0.151,0.065,0.014,0.002,-0.068,-0.027,-0.116,0.059,0.212,0.010,0.023,-0.045,0.009,0.173,0.001,-0.085,0.103,0.031,0.008,0.139,0.037,0.038,-0.093,-0.138,-0.059,0.227,0.075,-0.004,0.027,-0.043,0.083,0.036,-0.077,-0.007,-0.008,-0.049,0.088,0.094,-0.005,-0.070,0.467,-0.045,0.046,-0.099,-0.110,-0.031,-0.024,-0.042,-0.016,0.073,-0.047,0.012,0.063,-0.035,0.028,-0.076,-0.091,-0.020,0.025,-0.032,-0.003,-0.043,-0.045,-0.015,0.055,0.059,0.003,-0.058,0.057,-0.007,0.006,0.013,0.046,-0.015,0.001,-0.013,0.009,0.010,0.001,-0.006,0.026,-0.142
7.164,5.895,5.072,4.966,4.627,4.578,4.515,4.952,5.084,5.009,5.133,4.831,5.117,5.850,5.825,5.910,6.489,6.270,6.431,6.293,6.600,6.623,6.377,6.428,6.521,7.090,7.220,6.935,7.107,7.045,7.540,7.430,7.362,7.392,7.670,7.367,7.726,7.681,7.645,7.434,17.808,0.094,0.099,-0.217,-0.175,-0.180,-0.004,0.089,0.038,0.277,0.067,0.185,0.063,-0.119,0.140,-0.020,-0.149,-0.026,0.083,0.042,0.064,-0.003,-0.035,0.025,0.063,0.142,0.169,-0.065,0.048,-0.033,0.029,0.022,0.096,-0.079,0.011,-0.055,0.020,0.057,0.042,-0.013,-0.027,0.297,-0.032,-0.005,-0.054,-0.055,0.017,-0.053,-0.040,-0.074,-0.054,-0.051,-0.028,0.064,-0.014,-0.071,-0.047,-0.050,-0.049,-0.016,-0.048,-0.053,-0.022,-0.033,0.007,0.074,0.043,-0.064,-0.044,0.039,0.007,-0.000,-0.043,-0.017,-0.004,0.015,-0.012,0.008,-0.033,-0.030,-0.002,0.039,-0.125
7.032,5.612,5.265,4.745,4.565,4.774,4.460,4.541,4.671,5.092,5.671,5.328,5.480,5.888,5.463,5.441,6.645,6.401,6.133,6.721,6.718,6.393,6.414,6.052,6.594,7.214,7.015,6.993,7.016,6.897,7.370,7.257,7.098,7.282,7.229,7.045,7.662,7.697,7.627,7.564,17.856,0.112,0.099,-0.214,-0.142,0.011,-0.111,-0.048,-0.117,-0.005,-0.113,-0.052,0.019,-0.157,-0.048,-0.072,-0.202,-0.028,0.057,0.066,0.024,-0.091,-0.055,0.062,0.142,0.104,0.008,-0.099,0.082,0.035,-0.015,-0.032,0.067,-0.049,0.039,-0.059,-0.059,-0.058,-0.036,-0.032,0.033,0.226,-0.029,-0.018,0.013,-0.021,0.012,-0.059,-0.053,-0.057,-0.083,-0.011,-0.048,-0.017,0.002,-0.086,-0.001,0.045,-0.064,-0.054,-0.057,-0.099,-0.030,-0.034,-0.021,0.059,0.014,-0.091,-0.006,-0.012,0.021,-0.001,-0.043,-0.057,0.029,0.012,0.028,0.024,-0.041,-0.031,0.008,0.034,-0.099
7.289,5.632,4.052,4.611,4.014,4.330,5.103,4.684,5.035,4.659,5.550,5.195,4.635,5.578,5.729,5.346,5.808,6.223,6.428,6.038,6.616,6.678,6.666,6.817,7.043,6.954,6.457,6.954,6.776,6.884,7.056,7.426,7.179,7.420,7.266,7.483,7.623,7.560,7.484,7.494,18.124,0.083,-0.038,-0.156,-0.039,0.081,-0.286,-0.293,-0.220,-0.146,-0.097,-0.080,0.065,-0.054,-0.189,-0.117,-0.117,-0.127,-0.112,-0.113,-0.150,-0.009,-0.009,-0.005,0.148,0.084,-0.069,-0.025,0.041,0.064,-0.034,-0.155,-0.119,-0.056,0.064,0.019,0.020,-0.086,-0.037,0.008,0.101,0.174,-0.077,-0.036,0.098,0.002,-0.024,-0.041,-0.051,0.024,-0.030,0.025,-0.056,-0.017,0.083,-0.023,0.032,0.072,-0.007,-0.045,-0.074,-0.062,-0.021,-0.031,-0.077,-0.028,-0.053,-0.058,0.050,-0.025,0.022,0.016,0.009,-0.053,0.042,-0.013,0.027,0.023,-0.016,-0.006,0.015,0.011,-0.131
7.443,5.555,4.175,4.659,4.864,3.933,4.127,4.058,4.110,4.631,4.746,4.932,4.639,5.240,5.443,5.383,6.156,6.306,6.542,6.405,6.261,6.494,6.510,6.856,6.740,6.908,6.949,7.152,7.209,6.858,7.051,7.367,7.055,7.619,7.482,7.152,7.270,7.422,7.527,7.492,18.428,0.010,0.043,0.048,-0.171,-0.136,-0.178,-0.191,-0.095,0.009,0.035,-0.085,-0.130,-0.013,-0.090,0.046,0.124,-0.165,-0.141,-0.198,-0.252,-0.112,-0.146,-0.181,0.115,0.041,-0.108,0.026,-0.062,0.081,-0.015,-0.043,-0.139,0.054,0.025,0.093,0.071,-0.047,-0.022,0.024,0.038,0.032,-0.113,-0.036,0.075,-0.021,-0.068,0.012,0.050,0.115,0.079,0.059,0.022,0.013,0.088,0.057,0.071,0.071,-0.013,-0.013,-0.035,-0.010,0.007,-0.011,-0.069,-0.062,-0.056,-0.023,0.035,-0.018,-0.033,0.025,0.025,-0.005,0.030,-0.039,-0.003,0.032,0.026,0.009,0.014,-0.012,-0.188
7.372,5.732,4.834,4.814,4.881,3.568,3.219,4.095,4.635,4.755,5.195,5.352,5.270,5.230,5.250,5.354,6.101,5.757,5.661,5.702,6.782,6.528,6.304,6.767,6.868,6.896,7.128,7.060,7.333,6.894,6.924,6.781,7.101,7.545,7.638,7.412,7.491,7.635,7.735,7.973,18.392,-0.239,-0.053,0.143,-0.152,-0.225,-0.174,-0.096,0.148,0.122,0.120,-0.076,0.055,0.227,0.046,0.081,0.051,0.009,-0.041,-0.196,-0.110,-0.096,-0.147,-0.240,-0.061,-0.089,-0.060,0.121,-0.004,0.055,0.111,0.070,-0.067,0.077,-0.046,0.005,0.068,-0.029,0.005,0.034,0.024,-0.262,-0.079,-0.020,-0.001,-0.010,-0.008,0.044,0.092,0.120,0.068,0.042,0.032,0.005,0.040,0.081,0.040,0.032,0.022,0.026,0.067,0.076,0.019,0.040,0.000,-0.052,-0.069,-0.010,0.006,0.016,-0.059,0.009,0.010,0.065,0.019,-0.045,-0.035,-0.013,0.024,-0.009,-0.002,-0.038,-0.160
7.040,5.779,5.114,3.786,3.453,4.264,4.445,4.359,4.918,5.221,5.424,4.600,5.096,5.610,5.932,6.059,5.672,5.927,5.525,5.630,6.075,5.738,5.689,6.653,6.886,6.702,6.810,6.631,7.143,6.817,7.223,6.884,7.407,7.346,7.506,7.438,7.495,7.548,7.624,7.513,17.884,-0.292,-0.073,0.010,-0.192,-0.178,-0.109,0.102,0.273,0.256,0.071,0.054,0.091,0.142,0.119,0.181,0.070,-0.158,-0.042,-0.066,-0.049,-0.014,-0.043,-0.167,-0.065,-0.091,-0.110,0.005,0.015,-0.127,0.037,-0.023,0.019,0.036,-0.101,-0.066,0.079,0.044,-0.012,0.026,0.013,-0.494,0.015,-0.005,-0.024,0.087,0.125,0.044,0.039,0.039,0.002,-0.000,0.023,0.014,-0.018,0.008,-0.039,-0.032,0.032,0.028,0.105,0.101,0.047,0.102,0.095,-0.031,-0.043,0.010,-0.016,0.041,-0.050,-0.009,-0.031,0.061,-0.012,-0.031,-0.034,-0.042,0.009,-0.011,0.001,-0.022,-0.028
6.294,5.253,4.296,4.286,3.596,3.293,4.464,5.272,5.242,4.964,4.829,5.633,5.538,5.622,5.890,5.262,6.093,6.207,5.956,5.877,6.230,6.323,5.879,6.614,6.525,6.755,7.130,7.194,7.082,7.459,7.323,7.334,7.390,7.326,7.278,7.683,7.364,7.523,7.605,7.601,17.084,-0.159,-0.078,-0.140,-0.079,0.060,-0.103,0.022,0.197,0.071,0.095,0.010,-0.019,0.067,0.111,0.016,0.071,-0.018,-0.031,0.155,0.129,0.036,0.138,-0.012,-0.023,-0.195,-0.117,0.015,0.081,-0.127,-0.015,-0.117,0.126,0.045,-0.096,-0.079,-0.051,-0.010,-0.089,-0.004,-0.075,-0.363,0.118,0.031,-0.008,0.102,0.145,0.125,0.019,-0.074,-0.067,-0.022,0.030,-0.047,-0.073,-0.067,-0.067,-0.008,0.014,0.006,0.064,0.065,0.024,0.066,0.126,0.008,0.024,0.005,-0.047,0.011,-0.002,-0.032,-0.025,0.013,-0.017,0.001,0.003,-0.040,0.008,-0.005,0.006,-0.013,0.123
6.524,5.431,4.493,3.965,4.617,3.527,4.013,4.833,5.088,4.881,5.198,5.244,5.216,5.636,6.029,5.778,5.368,5.873,6.064,6.075,6.468,6.383,5.887,6.608,6.457,6.428,6.974,7.161,6.698,6.761,6.739,7.184,7.092,7.223,7.333,7.410,7.552,7.420,7.720,7.743,16.613,0.047,0.031,0.072,0.224,0.349,0.008,-0.055,0.078,0.045,0.046,-0.011,-0.025,-0.021,-0.082,-0.117,-0.047,0.007,-0.004,0.150,0.134,0.058,0.222,0.182,-0.059,-0.119,-0.031,0.000,0.098,-0.080,0.003,-0.102,0.069,0.008,-0.107,-0.036,-0.079,-0.009,-0.032,0.049,-0.023,-0.058,0.072,-0.012,-0.007,0.076,0.064,0.115,-0.004,-0.137,-0.092,-0.057,-0.001,-0.020,-0.027,-0.074,-0.061,-0.006,0.050,0.016,-0.002,0.028,-0.032,-0.006,0.097,0.024,0.066,0.039,-0.034,-0.035,0.054,0.006,0.037,-0.012,-0.001,0.039,0.016,-0.011,-0.006,0.009,-0.004,-0.009,0.155
6.833,5.515,4.442,4.331,4.598,3.422,3.544,4.841,4.906,5.401,5.358,4.935,5.546,5.771,5.282,5.848,6.162,5.626,6.168,6.122,6.765,6.896,6.145,6.672,6.107,6.448,7.124,7.201,6.921,6.848,6.583,7.261,7.484,7.124,7.328,7.172,7.411,7.257,7.665,7.483,17.214,0.181,0.050,0.072,0.148,0.237,0.392,0.079,-0.123,-0.109,0.025,0.104,-0.124,-0.054,-0.190,-0.106,0.070,-0.002,-0.030,0.014,0.123,-0.010,0.049,0.217,-0.026,0.045,-0.073,-0.114,0.009,0.022,-0.030,-0.014,-0.025,0.005,-0.037,0.004,-0.053,0.035,-0.009,0.050,-0.024,0.135,0.002,-0.030,-0.036,-0.012,-0.039,0.059,-0.008,-0.137,-0.066,-0.100,-0.006,0.015,0.012,-0.038,-0.004,-0.019,0.011,0.033,-0.056,-0.028,-0.050,-0.056,0.015,0.031,0.100,0.068,-0.015,-0.078,0.037,0.021,0.063,-0.029,-0.014,0.064,0.023,0.036,0.007,0.010,-0.020,0.000,0.084
7.003,5.805,5.400,4.886,4.697,4.241,4.629,4.962,5.310,5.233,5.104,4.823,4.986,5.127,5.651,5.532,5.675,6.195,6.169,6.177,6.096,6.563,6.465,6.329,6.502,6.698,6.815,7.117,6.825,7.136,7.082,7.264,7.402,6.913,7.301,7.299,7.427,7.524,7.840,7.459,17.529,-0.102,-0.195,-0.133,0.077,0.052,0.218,0.055,-0.253,-0.114,-0.180,0.003,0.043,0.068,-0.103,-0.062,0.041,0.081,0.038,-0.005,0.092,-0.152,-0.029,0.201,0.054,0.117,0.064,-0.099,-0.122,0.067,0.074,0.113,0.034,0.049,0.062,-0.025,0.025,-0.009,-0.007,-0.021,-0.059,0.033,-0.007,-0.006,-0.084,-0.088,-0.097,-0.037,-0.037,-0.053,-0.023,-0.051,-0.003,0.030,0.033,0.050,0.016,-0.004,-0.001,0.015,-0.055,-0.058,-0.037,-0.061,-0.076,0.036,0.046,0.054,0.022,-0.084,0.010,0.011,0.030,-0.012,-0.007,0.070,0.011,0.032,0.006,-0.006,-0.041,-0.009,0.038
6.961,5.318,4.202,4.565,4.740,4.894,4.553,4.590,4.584,4.910,5.398,5.225,5.382,4.927,5.551,5.735,5.931,5.894,5.974,6.442,6.366,6.477,6.673,6.626,6.728,6.257,6.638,7.259,7.129,7.121,7.083,7.171,7.261,7.296,7.313,7.471,7.603,7.425,7.796,7.626,17.303,-0.077,-0.113,-0.221,-0.064,0.013,0.085,-0.071,-0.323,-0.179,-0.291,-0.027,0.021,0.085,-0.069,-0.031,-0.067,-0.003,0.114,-0.046,0.007,-0.110,-0.017,0.054,0.074,0.188,0.173,-0.008,-0.201,-0.017,0.056,0.090,-0.002,-0.047,0.138,0.032,0.075,0.023,-0.053,-0.068,-0.056,0.014,0.035,0.067,0.031,-0.030,-0.080,-0.115,-0.031,0.064,0.052,0.020,-0.004,0.042,-0.027,0.079,0.031,-0.046,-0.036,0.010,-0.018,-0.060,0.015,-0.008,-0.101,-0.001,-0.019,0.044,0.036,-0.038,-0.021,0.004,-0.003,0.007,0.003,0.031,0.004,0.008,0.002,0.012,-0.015,-0.004,0.054
5.948,4.555,3.951,4.234,4.807,3.879,3.783,3.692,4.677,4.228,5.192,5.316,5.639,5.544,5.583,6.040,5.890,5.929,6.137,6.375,5.909,6.449,6.631,6.903,6.732,6.842,6.723,6.520,6.929,6.996,7.055,7.399,7.448,7.447,7.215,7.384,7.412,7.299,7.552,7.375,16.732,0.142,0.084,-0.203,-0.110,-0.026,-0.024,-0.166,-0.087,-0.033,-0.050,0.042,0.052,0.075,0.106,-0.074,0.001,0.003,-0.003,-0.093,-0.097,-0.077,-0.048,-0.116,0.072,0.038,0.117,0.059,-0.217,-0.012,0.015,-0.006,-0.000,-0.001,0.154,0.005,0.018,0.027,-0.039,-0.098,-0.052,0.191,0.057,0.119,0.138,0.010,-0.032,-0.044,0.017,0.137,0.069,0.113,0.009,0.007,-0.081,0.031,0.025,-0.014,-0.050,-0.018,-0.006,-0.030,0.079,0.012,-0.084,-0.032,-0.040,-0.032,-0.003,0.033,-0.005,-0.003,-0.008,-0.015,0.006,-0.018,0.010,-0.022,0.004,0.041,0.022,0.030,0.039
6.977,5.576,4.064,4.338,4.608,4.030,3.612,3.858,4.327,4.451,5.177,4.791,5.643,5.216,5.163,5.258,6.042,6.331,5.956,6.059,6.307,6.866,6.335,6.757,6.930,7.241,7.130,6.496,6.782,7.197,7.045,7.182,7.226,7.544,7.531,7.507,7.533,7.105,7.469,7.242,17.685,0.233,0.243,0.260,0.093,-0.122,-0.064,0.033,0.114,0.111,0.058,0.066,0.080,-0.191,0.103,0.053,-0.140,-0.145,0.041,-0.031,-0.082,0.029,0.018,-0.131,-0.037,-0.011,0.120,-0.012,-0.135,-0.041,0.018,0.030,0.027,0.048,0.074,0.009,-0.008,0.028,0.068,0.014,-0.046,0.327,-0.076,0.019,0.150,0.042,0.015,0.011,0.043,0.098,0.051,0.105,-0.028,-0.000,-0.041,0.010,0.028,0.048,-0.006,-0.068,0.022,0.023,0.068,0.011,-0.007,-0.022,-0.037,-0.074,-0.047,0.082,0.023,-0.013,0.004,-0.007,0.013,-0.057,-0.009,-0.024,-0.006,0.053,0.032,0.046,-0.161
7.705,6.098,4.454,4.447,4.630,4.554,4.268,4.895,5.272,5.211,5.426,5.302,5.230,5.513,5.475,5.775,5.635,5.962,5.715,5.882,5.738,6.130,6.054,6.622,6.592,6.790,6.865,6.416,6.938,7.172,7.070,7.258,7.417,7.558,7.218,7.371,7.596,7.489,7.516,7.390,18.293,0.026,0.224,0.317,0.047,-0.042,0.070,0.089,0.212,0.086,0.213,0.001,0.051,-0.198,-0.035,0.020,0.005,-0.095,-0.015,-0.045,-0.012,0.172,0.015,-0.125,-0.049,0.018,-0.070,-0.112,0.009,0.052,0.077,0.103,-0.057,0.030,0.002,0.035,-0.046,0.011,0.137,0.048,0.083,0.070,-0.212,-0.093,0.054,-0.018,-0.040,-0.004,0.015,-0.019,-0.017,0.017,-0.031,-0.030,0.033,-0.031,-0.026,0.026,0.031,-0.048,0.045,0.052,0.050,0.017,0.075,0.003,0.002,-0.043,-0.036,0.094,0.020,-0.026,0.012,0.001,-0.004,-0.047,0.000,0.006,0.002,0.022,0.011,0.040,-0.348
7.250,5.763,5.252,4.926,4.221,4.239,4.477,4.560,4.841,4.709,5.609,5.632,4.629,5.455,5.870,5.170,5.335,6.085,6.031,6.278,6.598,6.726,6.304,6.581,6.743,6.882,6.506,6.635,6.916,7.124,7.226,7.375,7.515,7.610,7.358,7.440,7.649,7.671,7.883,7.389,18.159,-0.399,-0.088,0.269,0.067,0.095,0.092,0.015,0.020,0.018,0.101,-0.145,0.021,0.015,0.051,0.061,0.169,0.015,-0.220,0.039,0.078,0.104,0.008,0.024,0.023,0.012,-0.106,-0.160,0.098,0.064,-0.038,0.054,-0.009,0.005,-0.069,-0.028,-0.014,0.001,0.122,0.019,0.108,-0.729,-0.146,-0.114,-0.095,-0.074,-0.066,-0.014,-0.039,-0.091,-0.020,-0.024,-0.011,-0.028,0.095,-0.025,-0.090,0.022,0.048,-0.056,0.029,0.022,-0.022,-0.020,0.096,0.024,-0.007,-0.027,0.002,0.055,0.007,-0.029,-0.006,0.012,-0.016,-0.013,0.004,0.010,0.004,-0.025,-0.018,0.017,-0.276
5.945,5.582,4.940,4.173,4.793,4.125,3.793,4.399,4.849,5.161,4.982,5.149,5.155,5.251,5.329,6.108,5.768,5.975,5.876,6.206,6.625,6.596,6.021,6.748,6.917,6.674,6.478,6.495,7.121,7.418,7.479,7.019,7.452,7.422,7.474,7.189,7.409,7.699,7.584,7.719,16.846,-0.601,-0.217,0.062,-0.188,-0.336,-0.123,-0.081,-0.135,-0.072,0.014,-0.006,-0.068,0.136,-0.021,-0.206,-0.022,0.079,-0.114,0.099,0.081,0.136,0.043,0.182,0.057,0.039,0.013,-0.047,0.137,0.035,-0.086,0.041,0.025,0.002,-0.009,0.026,0.051,0.048,0.042,-0.048,0.073,-1.021,0.082,-0.040,-0.085,-0.025,-0.080,-0.045,-0.007,-0.097,-0.008,-0.068,0.028,-0.001,0.039,-0.014,-0.053,-0.045,0.017,-0.026,0.014,-0.013,-0.058,-0.036,0.074,0.008,-0.037,0.018,0.029,-0.004,-0.014,-0.021,-0.031,0.017,-0.016,0.020,-0.000,-0.003,-0.001,-0.051,-0.004,-0.027,0.089
5.860,5.397,5.166,4.812,5.003,4.703,3.923,4.206,4.626,4.980,4.674,4.973,5.757,5.602,5.542,5.938,6.049,5.226,6.073,6.285,6.382,6.675,6.472,6.807,6.828,6.770,6.526,6.946,7.013,6.883,7.111,7.258,7.232,7.267,7.262,7.527,7.633,7.609,7.531,7.618,14.765,-0.181,-0.107,-0.085,-0.157,-0.305,-0.039,-0.075,-0.168,0.088,0.035,0.015,-0.002,0.114,-0.028,-0.282,-0.015,0.008,-0.188,0.045,-0.021,-0.064,-0.095,0.196,0.028,-0.058,-0.059,-0.032,0.075,0.001,-0.043,0.033,0.047,-0.016,0.014,0.032,-0.004,0.030,-0.009,-0.030,0.044,-0.508,0.262,0.068,-0.031,0.017,-0.009,-0.043,0.032,-0.040,-0.003,-0.049,0.031,0.013,-0.046,-0.040,0.007,-0.047,-0.003,0.024,-0.023,-0.035,-0.034,-0.039,-0.007,-0.015,-0.044,0.020,0.027,-0.055,-0.004,0.030,-0.024,-0.022,-0.015,0.031,0.005,-0.041,-0.024,-0.046,0.019,-0.031,0.477
5.394,5.195,4.807,3.562,2.560,3.708,4.142,4.395,5.017,5.145,5.862,5.292,5.347,5.335,4.607,5.281,5.673,5.819,6.191,6.282,6.524,6.371,6.881,6.796,6.743,6.911,6.622,6.943,7.067,6.862,7.333,7.441,7.567,7.684,7.397,7.582,7.844,7.730,7.454,7.639,14.883,0.325,0.035,0.069,0.035,-0.239,-0.089,0.097,-0.180,0.012,-0.094,0.060,0.059,-0.053,-0.065,-0.073,-0.129,-0.004,-0.160,0.023,-0.028,-0.032,-0.110,0.157,-0.013,-0.133,-0.001,-0.030,0.000,0.012,-0.023,-0.041,0.002,-0.041,0.059,0.003,-0.067,-0.006,-0.051,0.054,-0.018,0.403,0.266,0.095,0.043,0.098,0.171,0.016,0.044,0.002,-0.025,-0.035,-0.042,0.003,-0.054,-0.019,0.111,0.024,0.016,0.007,-0.039,-0.024,-0.017,-0.020,-0.071,-0.018,-0.031,0.006,0.006,-0.065,0.010,0.040,-0.031,-0.049,-0.024,0.002,-0.014,-0.053,-0.043,-0.028,0.028,-0.021,0.499
6.618,5.420,4.893,4.448,3.813,4.253,3.928,3.724,5.197,4.891,5.244,5.549,5.104,5.270,4.822,5.508,5.421,5.225,6.098,6.137,6.328,6.364,6.855,6.699,6.537,6.470,6.271,6.787,6.948,7.185,7.462,7.398,7.376,7.550,7.555,7.221,7.581,7.609,7.796,7.650,16.598,0.446,0.124,0.113,0.040,0.001,-0.139,0.084,-0.158,-0.040,-0.089,-0.023,0.023,-0.121,-0.127,0.028,-0.012,0.041,-0.075,-0.040,-0.043,0.019,-0.112,0.002,-0.019,-0.121,-0.000,-0.031,-0.111,0.055,0.082,-0.026,-0.109,-0.051,0.051,0.010,-0.161,-0.090,-0.061,0.065,-0.003,0.942,0.129,0.061,0.063,0.088,0.194,0.018,0.024,0.013,-0.060,-0.027,-0.068,-0.025,-0.022,-0.008,0.122,0.045,0.041,0.013,-0.027,-0.002,0.019,0.015,-0.078,-0.007,-0.000,0.017,0.005,-0.043,0.015,0.027,-0.028,-0.052,-0.022,-0.014,-0.016,-0.033,-0.037,-0.015,0.015,-0.010,0.285
7.193,5.745,5.421,4.530,4.191,3.907,4.274,3.741,4.624,4.738,4.994,5.155,5.218,5.091,5.323,5.680,6.059,5.173,5.980,6.139,6.492,6.200,6.616,6.738,6.395,6.817,6.454,6.576,7.214,7.150,7.096,6.956,7.174,7.576,7.341,7.009,7.404,7.445,7.723,7.615,17.945,0.417,0.142,0.176,0.202,0.364,0.005,0.061,-0.129,-0.136,-0.097,-0.198,-0.067,-0.014,-0.067,0.193,0.097,0.141,-0.134,-0.054,-0.028,0.010,-0.051,-0.077,-0.008,-0.084,0.016,-0.015,-0.094,0.056,0.054,-0.084,-0.141,-0.099,-0.019,-0.032,-0.136,-0.106,-0.073,0.046,-0.008,0.747,0.015,0.023,0.028,0.050,0.157,0.033,-0.009,0.013,-0.039,-0.001,-0.069,-0.034,0.018,0.006,0.070,0.056,0.039,-0.001,-0.017,0.002,0.007,0.018,-0.055,0.002,0.014,0.005,0.005,-0.017,0.009,0.013,-0.014,-0.032,-0.016,-0.023,-0.011,-0.011,-0.022,-0.006,-0.003,0.001,0.049
